1.54056
20   0   4.4
20.02   0   4.4
20.04   0   4.4
20.06   0   4.4
20.08   0   4.4
20.1   0   4.4
20.12   0   4.4
20.14   0   4.4
20.16   0   4.4
20.18   0   4.4
20.2   0   4.4
20.22   0   4.4
20.24   0   4.4
20.26   0   4.4
20.28   0   4.4
20.3   0   4.4
20.32   0   4.4
20.34   0   4.4
20.36   0   4.4
20.38   0   4.4
20.4   0   4.4
20.42   0   4.4
20.44   0   4.4
20.46   0   4.4
20.48   0   4.4
20.5   0   4.4
20.52   0   4.4
20.54   0   4.4
20.56   0   4.4
20.58   0   4.4
20.6   0   4.4
20.62   0   4.4
20.64   0   4.4
20.66   0   4.4
20.68   0   4.4
20.7   0   4.4
20.72   0   4.4
20.74   0   4.4
20.76   0   4.4
20.78   0   4.4
20.8   0   4.4
20.82   0   4.4
20.84   0   4.4
20.86   0   4.4
20.88   0   4.4
20.9   0   4.4
20.92   0   4.4
20.94   0   4.4
20.96   0   4.4
20.98   0   4.4
21   0   4.4
21.02   0   4.4
21.04   0   4.4
21.06   0   4.4
21.08   0   4.4
21.1   0   4.4
21.12   0   4.4
21.14   0   4.4
21.16   0   4.4
21.18   0   4.4
21.2   0   4.4
21.22   0   4.4
21.24   0   4.4
21.26   0   4.4
21.28   0   4.4
21.3   0   4.4
21.32   0   4.4
21.34   0   4.4
21.36   0   4.4
21.38   0   4.4
21.4   0   4.4
21.42   0   4.4
21.44   0   4.4
21.46   0   4.4
21.48   0   4.4
21.5   0   4.4
21.52   0   4.4
21.54   0   4.4
21.56   1.2719   4.4
21.58   1.30724   4.4
21.6   1.34408   4.4
21.62   1.38249   4.4
21.64   1.42257   4.4
21.66   1.46442   4.4
21.68   1.50815   4.4
21.7   1.55386   4.4
21.72   1.60168   4.4
21.74   1.65174   4.4
21.76   1.70418   4.4
21.78   1.75916   4.4
21.8   1.81684   4.4
21.82   1.8774   4.4
21.84   1.94105   4.4
21.86   2.00798   4.4
21.88   2.07843   4.4
21.9   2.15266   4.4
21.92   2.23093   4.4
21.94   2.31354   4.4
21.96   2.40083   4.4
21.98   2.49314   4.4
22   2.59088   4.4
22.02   2.69448   4.4
22.04   2.80442   4.4
22.06   2.92121   4.4
22.08   3.04545   4.4
22.1   3.17778   4.4
22.12   3.31892   4.4
22.14   3.46966   4.4
22.16   3.63089   4.4
22.18   3.80362   4.4
22.2   3.98896   4.4
22.22   4.18817   4.4
22.24   4.40265   4.4
22.26   4.63403   4.4
22.28   4.8841   4.4
22.3   5.15494   4.4
22.32   5.44891   4.4
22.34   5.76872   4.4
22.36   6.11748   4.4
22.38   6.49877   4.4
22.4   6.91679   4.4
22.42   7.37637   4.4
22.44   7.88321   4.4
22.46   8.44399   4.4
22.48   9.06664   4.4
22.5   9.76056   4.4
22.52   10.537   4.4
22.54   11.4096   4.4
22.56   12.3948   4.4
22.58   13.5128   4.4
22.6   14.7884   4.4
22.62   16.2525   4.4
22.64   17.944   4.4
22.66   19.9122   4.46231
22.68   22.2204   4.71385
22.7   24.9511   4.99511
22.72   28.2129   5.31158
22.74   32.1515   5.67023
22.76   36.9653   6.07991
22.78   42.9303   6.55212
22.8   50.438   7.10197
22.82   60.0586   7.74975
22.84   72.6515   8.52358
22.86   89.5839   9.46488
22.88   113.234   10.6412
22.9   148.174   12.1727
22.92   203.513   14.2658
22.94   296.032   17.2056
22.96   451.263   21.2429
22.98   696.164   26.3849
23   1024.99   32.0154
23.02   1298.77   36.0385
23.04   1257.66   35.4635
23.06   949.164   30.8085
23.08   633.716   25.1737
23.1   410.193   20.2532
23.12   271.279   16.4706
23.14   188.863   13.7427
23.16   139.144   11.7959
23.18   107.266   10.3569
23.2   85.384   9.24035
23.22   69.5642   8.34051
23.24   57.7206   7.59741
23.26   48.6266   6.97328
23.28   41.5001   6.44206
23.3   35.8175   5.98477
23.32   31.2169   5.58721
23.34   27.4422   5.23853
23.36   24.3084   4.93035
23.38   21.679   4.65608
23.4   19.452   4.41044
23.42   17.5496   4.4
23.44   15.912   4.4
23.46   14.4925   4.4
23.48   13.254   4.4
23.5   12.1672   4.4
23.52   11.2084   4.4
23.54   10.3583   4.4
23.56   9.60108   4.4
23.58   8.92375   4.4
23.6   8.31548   4.4
23.62   7.76721   4.4
23.64   7.27131   4.4
23.66   6.82134   4.4
23.68   6.41181   4.4
23.7   6.03801   4.4
23.72   5.69592   4.4
23.74   5.38205   4.4
23.76   5.0934   4.4
23.78   4.82732   4.4
23.8   4.58153   4.4
23.82   4.35403   4.4
23.84   4.14304   4.4
23.86   3.947   4.4
23.88   3.76454   4.4
23.9   3.59444   4.4
23.92   3.43559   4.4
23.94   3.28704   4.4
23.96   3.14791   4.4
23.98   3.01742   4.4
24   2.89487   4.4
24.02   2.77964   4.4
24.04   2.67114   4.4
24.06   2.56887   4.4
24.08   2.47236   4.4
24.1   2.38118   4.4
24.12   2.29496   4.4
24.14   2.21333   4.4
24.16   2.13597   4.4
24.18   2.0626   4.4
24.2   1.99295   4.4
24.22   1.92676   4.4
24.24   1.86381   4.4
24.26   1.8039   4.4
24.28   1.74682   4.4
24.3   1.69242   4.4
24.32   1.64051   4.4
24.34   1.59096   4.4
24.36   1.54361   4.4
24.38   1.49835   4.4
24.4   1.45505   4.4
24.42   1.4136   4.4
24.44   1.37389   4.4
24.46   1.33583   4.4
24.48   1.29934   4.4
24.5   1.26431   4.4
24.52   0   4.4
24.54   0   4.4
24.56   0   4.4
24.58   0   4.4
24.6   0   4.4
24.62   0   4.4
24.64   0   4.4
24.66   0   4.4
24.68   0   4.4
24.7   0   4.4
24.72   0   4.4
24.74   0   4.4
24.76   0   4.4
24.78   0   4.4
24.8   0   4.4
24.82   0   4.4
24.84   0   4.4
24.86   0   4.4
24.88   0   4.4
24.9   0   4.4
24.92   0   4.4
24.94   0   4.4
24.96   0   4.4
24.98   0   4.4
25   0   4.4
25.02   0   4.4
25.04   0   4.4
25.06   0   4.4
25.08   0   4.4
25.1   0   4.4
25.12   0   4.4
25.14   0   4.4
25.16   0   4.4
25.18   0   4.4
25.2   0   4.4
25.22   0   4.4
25.24   0   4.4
25.26   0   4.4
25.28   0   4.4
25.3   0   4.4
25.32   0   4.4
25.34   0   4.4
25.36   0   4.4
25.38   0   4.4
25.4   0   4.4
25.42   0   4.4
25.44   0   4.4
25.46   0   4.4
25.48   0   4.4
25.5   0   4.4
25.52   0   4.4
25.54   0   4.4
25.56   0   4.4
25.58   0   4.4
25.6   0   4.4
25.62   0   4.4
25.64   0   4.4
25.66   0   4.4
25.68   0   4.4
25.7   0   4.4
25.72   0   4.4
25.74   0   4.4
25.76   0   4.4
25.78   0   4.4
25.8   0   4.4
25.82   0   4.4
25.84   0   4.4
25.86   0   4.4
25.88   0   4.4
25.9   0   4.4
25.92   0   4.4
25.94   0   4.4
25.96   0   4.4
25.98   0   4.4
26   0   4.4
26.02   0   4.4
26.04   0   4.4
26.06   0   4.4
26.08   0   4.4
26.1   9.77738   4.4
26.12   10.0491   4.4
26.14   10.3324   4.4
26.16   10.6277   4.4
26.18   10.9359   4.4
26.2   11.2577   4.4
26.22   11.594   4.4
26.24   11.9455   4.4
26.26   12.3132   4.4
26.28   12.6981   4.4
26.3   13.1014   4.4
26.32   13.5242   4.4
26.34   13.9678   4.4
26.36   14.4336   4.4
26.38   14.923   4.4
26.4   15.4378   4.4
26.42   15.9796   4.4
26.44   16.5505   4.4
26.46   17.1524   4.4
26.48   17.7878   4.4
26.5   18.4592   4.4
26.52   19.1692   4.4
26.54   19.921   4.4633
26.56   20.7179   4.55169
26.58   21.5635   4.64365
26.6   22.4619   4.7394
26.62   23.4176   4.83917
26.64   24.4355   4.94323
26.66   25.5212   5.05185
26.68   26.6808   5.16535
26.7   27.9213   5.28406
26.72   29.2501   5.40834
26.74   30.676   5.53859
26.76   32.2087   5.67527
26.78   33.859   5.81885
26.8   35.6392   5.96986
26.82   37.5634   6.1289
26.84   39.6475   6.29663
26.86   41.9097   6.47377
26.88   44.3708   6.66114
26.9   47.0549   6.85965
26.92   49.9895   7.07032
26.94   53.2068   7.2943
26.96   56.7443   7.53288
26.98   60.6458   7.78754
27   64.9628   8.05995
27.02   69.7563   8.35202
27.04   75.0989   8.66596
27.06   81.0776   9.00431
27.08   87.7969   9.37
27.1   95.3842   9.76648
27.12   103.995   10.1978
27.14   113.82   10.6687
27.16   125.099   11.1848
27.18   138.132   11.7529
27.2   153.298   12.3814
27.22   171.087   13.08
27.24   192.136   13.8613
27.26   217.283   14.7405
27.28   247.655   15.7371
27.3   284.785   16.8756
27.32   330.807   18.1881
27.34   388.75   19.7167
27.36   463.027   21.5181
27.38   560.293   23.6705
27.4   691.156   26.2898
27.42   874.098   29.5652
27.44   1144.7   33.8334
27.46   1573.84   39.6716
27.48   2291.73   47.872
27.5   3495.59   59.1236
27.52   5391.34   73.4258
27.54   7924.55   89.02
27.56   10000   100
27.58   9630.74   98.1363
27.6   7243.09   85.1064
27.62   4829.86   69.4972
27.64   3126.27   55.913
27.66   2069.12   45.4876
27.68   1442.08   37.9747
27.7   1063.48   32.6111
27.72   820.427   28.6431
27.74   653.387   25.5614
27.76   532.531   23.0766
27.78   442.002   21.0238
27.8   372.461   19.2993
27.82   317.947   17.8311
27.84   274.464   16.5669
27.86   239.251   15.4677
27.88   210.353   14.5036
27.9   186.357   13.6513
27.92   166.219   12.8926
27.94   149.16   12.2131
27.96   134.586   11.6011
27.98   122.038   11.0471
28   111.159   10.5432
28.02   101.668   10.083
28.04   93.3376   9.66114
28.06   85.9877   9.27296
28.08   79.4704   8.91462
28.1   73.6649   8.58283
28.12   68.4715   8.27475
28.14   63.8072   7.98794
28.16   59.6027   7.72028
28.18   55.7997   7.46992
28.2   52.3486   7.23523
28.22   49.2075   7.0148
28.24   46.3403   6.80737
28.26   43.7162   6.61183
28.28   41.3086   6.42717
28.3   39.0941   6.25253
28.32   37.0529   6.08711
28.34   35.1672   5.93019
28.36   33.4217   5.78115
28.38   31.8029   5.6394
28.4   30.2987   5.50443
28.42   28.8987   5.37575
28.44   27.5934   5.25294
28.46   26.3745   5.13561
28.48   25.2346   5.0234
28.5   24.1669   4.91598
28.52   23.1655   4.81306
28.54   22.225   4.71434
28.56   21.3407   4.61959
28.58   20.508   4.52857
28.6   19.7231   4.44107
28.62   18.9824   4.4
28.64   18.2826   4.4
28.66   17.6207   4.4
28.68   16.9942   4.4
28.7   16.4004   4.4
28.72   15.8373   4.4
28.74   15.3026   4.4
28.76   14.7945   4.4
28.78   14.3113   4.4
28.8   13.8514   4.4
28.82   13.4133   4.4
28.84   12.9957   4.4
28.86   12.5972   4.4
28.88   12.2168   4.4
28.9   11.8534   4.4
28.92   11.5059   4.4
28.94   11.1735   4.4
28.96   10.8552   4.4
28.98   10.5504   4.4
29   10.2582   4.4
29.02   9.97802   4.4
29.04   0   4.4
29.06   0   4.4
29.08   0   4.4
29.1   0   4.4
29.12   0   4.4
29.14   0   4.4
29.16   0   4.4
29.18   0   4.4
29.2   0   4.4
29.22   0   4.4
29.24   0   4.4
29.26   0   4.4
29.28   0   4.4
29.3   0   4.4
29.32   0   4.4
29.34   0   4.4
29.36   0   4.4
29.38   0   4.4
29.4   0   4.4
29.42   0   4.4
29.44   0   4.4
29.46   0   4.4
29.48   0   4.4
29.5   0   4.4
29.52   0   4.4
29.54   0   4.4
29.56   0   4.4
29.58   0   4.4
29.6   0   4.4
29.62   0   4.4
29.64   0   4.4
29.66   0   4.4
29.68   0   4.4
29.7   0   4.4
29.72   0   4.4
29.74   0   4.4
29.76   0   4.4
29.78   0   4.4
29.8   0   4.4
29.82   0   4.4
29.84   0   4.4
29.86   0   4.4
29.88   0   4.4
29.9   0   4.4
29.92   0   4.4
29.94   0   4.4
29.96   0   4.4
29.98   0   4.4
30   0   4.4
30.02   0   4.4
30.04   0   4.4
30.06   0   4.4
30.08   0   4.4
30.1   0   4.4
30.12   0   4.4
30.14   0   4.4
30.16   0   4.4
30.18   0   4.4
30.2   0   4.4
30.22   0   4.4
30.24   0   4.4
30.26   0   4.4
30.28   0   4.4
30.3   0   4.4
30.32   0   4.4
30.34   0   4.4
30.36   0   4.4
30.38   0   4.4
30.4   0   4.4
30.42   0   4.4
30.44   0   4.4
30.46   0   4.4
30.48   0   4.4
30.5   0   4.4
30.52   0   4.4
30.54   0   4.4
30.56   0   4.4
30.58   0   4.4
30.6   0   4.4
30.62   0   4.4
30.64   0   4.4
30.66   0   4.4
30.68   0   4.4
30.7   0   4.4
30.72   0   4.4
30.74   0   4.4
30.76   0   4.4
30.78   0   4.4
30.8   0   4.4
30.82   0   4.4
30.84   0   4.4
30.86   0   4.4
30.88   0   4.4
30.9   0   4.4
30.92   0   4.4
30.94   0   4.4
30.96   0   4.4
30.98   0   4.4
31   0   4.4
31.02   0   4.4
31.04   0   4.4
31.06   0   4.4
31.08   0   4.4
31.1   0   4.4
31.12   0   4.4
31.14   0   4.4
31.16   0   4.4
31.18   0   4.4
31.2   0   4.4
31.22   0   4.4
31.24   0   4.4
31.26   0   4.4
31.28   0   4.4
31.3   0   4.4
31.32   0   4.4
31.34   0   4.4
31.36   0   4.4
31.38   0   4.4
31.4   0   4.4
31.42   0   4.4
31.44   0   4.4
31.46   0   4.4
31.48   0   4.4
31.5   0   4.4
31.52   0   4.4
31.54   0   4.4
31.56   0   4.4
31.58   0   4.4
31.6   0   4.4
31.62   0   4.4
31.64   0   4.4
31.66   0   4.4
31.68   0   4.4
31.7   0   4.4
31.72   0   4.4
31.74   0   4.4
31.76   0   4.4
31.78   0   4.4
31.8   0   4.4
31.82   0   4.4
31.84   0   4.4
31.86   0   4.4
31.88   0   4.4
31.9   0   4.4
31.92   0   4.4
31.94   0   4.4
31.96   0   4.4
31.98   0   4.4
32   0   4.4
32.02   0   4.4
32.04   0   4.4
32.06   0   4.4
32.08   0   4.4
32.1   0   4.4
32.12   0   4.4
32.14   0   4.4
32.16   0   4.4
32.18   0   4.4
32.2   0   4.4
32.22   0   4.4
32.24   0   4.4
32.26   0   4.4
32.28   0   4.4
32.3   0   4.4
32.32   0   4.4
32.34   0   4.4
32.36   0   4.4
32.38   0   4.4
32.4   0   4.4
32.42   0   4.4
32.44   0   4.4
32.46   0   4.4
32.48   0   4.4
32.5   0   4.4
32.52   0   4.4
32.54   0   4.4
32.56   0   4.4
32.58   0   4.4
32.6   0   4.4
32.62   0   4.4
32.64   0   4.4
32.66   0   4.4
32.68   0   4.4
32.7   0   4.4
32.72   0   4.4
32.74   0   4.4
32.76   0   4.4
32.78   0   4.4
32.8   0   4.4
32.82   0   4.4
32.84   0   4.4
32.86   0   4.4
32.88   0   4.4
32.9   0   4.4
32.92   0   4.4
32.94   0   4.4
32.96   0   4.4
32.98   0   4.4
33   0   4.4
33.02   0   4.4
33.04   0   4.4
33.06   0   4.4
33.08   0   4.4
33.1   0   4.4
33.12   0   4.4
33.14   0   4.4
33.16   0   4.4
33.18   0   4.4
33.2   0   4.4
33.22   0   4.4
33.24   0   4.4
33.26   0   4.4
33.28   0   4.4
33.3   0   4.4
33.32   0   4.4
33.34   0   4.4
33.36   0   4.4
33.38   0   4.4
33.4   0   4.4
33.42   0   4.4
33.44   0   4.4
33.46   0   4.4
33.48   0   4.4
33.5   0   4.4
33.52   0   4.4
33.54   0   4.4
33.56   0   4.4
33.58   0   4.4
33.6   0   4.4
33.62   0   4.4
33.64   0   4.4
33.66   0   4.4
33.68   0   4.4
33.7   0   4.4
33.72   0   4.4
33.74   0   4.4
33.76   0   4.4
33.78   0   4.4
33.8   0   4.4
33.82   0   4.4
33.84   0   4.4
33.86   0   4.4
33.88   0   4.4
33.9   0   4.4
33.92   0   4.4
33.94   0   4.4
33.96   0   4.4
33.98   0   4.4
34   0   4.4
34.02   0   4.4
34.04   0   4.4
34.06   0   4.4
34.08   0   4.4
34.1   0   4.4
34.12   0   4.4
34.14   0   4.4
34.16   0   4.4
34.18   0   4.4
34.2   0   4.4
34.22   0   4.4
34.24   0   4.4
34.26   0   4.4
34.28   0   4.4
34.3   0   4.4
34.32   0   4.4
34.34   0   4.4
34.36   0   4.4
34.38   0   4.4
34.4   0   4.4
34.42   0   4.4
34.44   0   4.4
34.46   0   4.4
34.48   0   4.4
34.5   0   4.4
34.52   0   4.4
34.54   0   4.4
34.56   0   4.4
34.58   0   4.4
34.6   0   4.4
34.62   0   4.4
34.64   0   4.4
34.66   0   4.4
34.68   0   4.4
34.7   0   4.4
34.72   0   4.4
34.74   0   4.4
34.76   0   4.4
34.78   0   4.4
34.8   0   4.4
34.82   0   4.4
34.84   0   4.4
34.86   0   4.4
34.88   0   4.4
34.9   0   4.4
34.92   0   4.4
34.94   0   4.4
34.96   0   4.4
34.98   0   4.4
35   0   4.4
35.02   0   4.4
35.04   0   4.4
35.06   0   4.4
35.08   0   4.4
35.1   0   4.4
35.12   0   4.4
35.14   0   4.4
35.16   0   4.4
35.18   0   4.4
35.2   0   4.4
35.22   0   4.4
35.24   0   4.4
35.26   0   4.4
35.28   0   4.4
35.3   0   4.4
35.32   0   4.4
35.34   0   4.4
35.36   0   4.4
35.38   0   4.4
35.4   0   4.4
35.42   0   4.4
35.44   0   4.4
35.46   0   4.4
35.48   0   4.4
35.5   0   4.4
35.52   0   4.4
35.54   0   4.4
35.56   0   4.4
35.58   0   4.4
35.6   0   4.4
35.62   0   4.4
35.64   0   4.4
35.66   0   4.4
35.68   0   4.4
35.7   0   4.4
35.72   0   4.4
35.74   0   4.4
35.76   0   4.4
35.78   0   4.4
35.8   0   4.4
35.82   0   4.4
35.84   0   4.4
35.86   0   4.4
35.88   0   4.4
35.9   0   4.4
35.92   0   4.4
35.94   0   4.4
35.96   0   4.4
35.98   0   4.4
36   0   4.4
36.02   0   4.4
36.04   0   4.4
36.06   0   4.4
36.08   0   4.4
36.1   0   4.4
36.12   0   4.4
36.14   0   4.4
36.16   0   4.4
36.18   0   4.4
36.2   0   4.4
36.22   0   4.4
36.24   0   4.4
36.26   0   4.4
36.28   0   4.4
36.3   0   4.4
36.32   0   4.4
36.34   0   4.4
36.36   0   4.4
36.38   0   4.4
36.4   0   4.4
36.42   0   4.4
36.44   0   4.4
36.46   0   4.4
36.48   0   4.4
36.5   0   4.4
36.52   0   4.4
36.54   0   4.4
36.56   0   4.4
36.58   0   4.4
36.6   0   4.4
36.62   0   4.4
36.64   0   4.4
36.66   0   4.4
36.68   0   4.4
36.7   0   4.4
36.72   0   4.4
36.74   0   4.4
36.76   0   4.4
36.78   0   4.4
36.8   0   4.4
36.82   4.04351   4.4
36.84   4.15596   4.4
36.86   4.27316   4.4
36.88   4.39539   4.4
36.9   4.52294   4.4
36.92   4.65612   4.4
36.94   4.79527   4.4
36.96   4.94075   4.4
36.98   5.09295   4.4
37   5.25228   4.4
37.02   5.41921   4.4
37.04   5.59422   4.4
37.06   5.77784   4.4
37.08   5.97065   4.4
37.1   6.17326   4.4
37.12   6.38636   4.4
37.14   6.61068   4.4
37.16   6.84702   4.4
37.18   7.09626   4.4
37.2   7.35935   4.4
37.22   7.63733   4.4
37.24   7.93136   4.4
37.26   8.24268   4.4
37.28   8.57268   4.4
37.3   8.92289   4.4
37.32   9.29499   4.4
37.34   9.69083   4.4
37.36   10.1125   4.4
37.38   10.5622   4.4
37.4   11.0426   4.4
37.42   11.5565   4.4
37.44   12.1071   4.4
37.46   12.698   4.4
37.48   13.3331   4.4
37.5   14.017   4.4
37.52   14.7548   4.4
37.54   15.5524   4.4
37.56   16.4164   4.4
37.58   17.3542   4.4
37.6   18.3746   4.4
37.62   19.4876   4.41447
37.64   20.7046   4.55023
37.66   22.039   4.69457
37.68   23.5064   4.84834
37.7   25.125   5.01249
37.72   26.9163   5.18809
37.74   28.9056   5.3764
37.76   31.1232   5.57882
37.78   33.6052   5.797
37.8   36.3953   6.03285
37.82   39.5464   6.28859
37.84   43.1233   6.56684
37.86   47.206   6.87066
37.88   51.894   7.20375
37.9   57.3123   7.57049
37.92   63.6198   7.97621
37.94   71.021   8.4274
37.96   79.7817   8.93206
37.98   90.2532   9.50017
38   102.906   10.1443
38.02   118.384   10.8805
38.04   137.581   11.7295
38.06   161.767   12.7188
38.08   192.799   13.8852
38.1   233.478   15.28
38.12   288.283   16.9789
38.14   365.057   19.1065
38.16   478.949   21.8849
38.18   660.106   25.6925
38.2   963.57   31.0414
38.22   1471.78   38.3638
38.24   2268.49   47.6286
38.26   3320.81   57.6265
38.28   4149.53   64.4168
38.3   3945.74   62.8151
38.32   2943.97   54.2583
38.34   1957.6   44.2448
38.36   1267.19   35.5976
38.38   840.221   28.9866
38.4   587.09   24.2299
38.42   433.946   20.8314
38.44   335.321   18.3118
38.46   267.36   16.3512
38.48   218.099   14.7682
38.5   181.153   13.4593
38.52   152.746   12.359
38.54   130.458   11.4218
38.56   112.667   10.6145
38.58   98.2519   9.91221
38.6   86.4152   9.29598
38.62   76.5811   8.75106
38.64   68.325   8.26589
38.66   61.3282   7.83123
38.68   55.3484   7.43965
38.7   50.1985   7.08509
38.72   45.7324   6.76257
38.74   41.8346   6.46797
38.76   38.413   6.19782
38.78   35.3933   5.94923
38.8   32.7152   5.71972
38.82   30.329   5.50718
38.84   28.1941   5.30981
38.86   26.2763   5.12605
38.88   24.5474   4.95453
38.9   22.9833   4.79409
38.92   21.5637   4.64368
38.94   20.2715   4.50239
38.96   19.0919   4.4
38.98   18.0121   4.4
39   19.5738   4.42423
39.02   18.7341   4.4
39.04   17.9686   4.4
39.06   17.2704   4.4
39.08   16.6332   4.4
39.1   16.0518   4.4
39.12   15.5213   4.4
39.14   15.0378   4.4
39.16   14.5976   4.4
39.18   14.1976   4.4
39.2   13.8349   4.4
39.22   13.5073   4.4
39.24   13.2125   4.4
39.26   12.9487   4.4
39.28   12.7143   4.4
39.3   12.5081   4.4
39.32   12.3288   4.4
39.34   12.1756   4.4
39.36   12.0475   4.4
39.38   11.9442   4.4
39.4   11.8651   4.4
39.42   11.8099   4.4
39.44   11.7787   4.4
39.46   11.7714   4.4
39.48   11.7883   4.4
39.5   11.8298   4.4
39.52   11.8965   4.4
39.54   11.9892   4.4
39.56   12.1087   4.4
39.58   12.2564   4.4
39.6   12.4337   4.4
39.62   12.6421   4.4
39.64   12.8838   4.4
39.66   13.1611   4.4
39.68   13.4766   4.4
39.7   13.8336   4.4
39.72   14.2356   4.4
39.74   14.6868   4.4
39.76   11.1865   4.4
39.78   11.8582   4.4
39.8   12.5921   4.4
39.82   13.3962   4.4
39.84   14.2796   4.4
39.86   15.2532   4.4
39.88   16.3296   4.4
39.9   17.5237   4.4
39.92   18.8533   4.4
39.94   20.3397   4.50996
39.96   22.0085   4.69132
39.98   23.8905   4.88779
40   26.0236   5.10133
40.02   28.4542   5.33425
40.04   31.2403   5.5893
40.06   34.454   5.86975
40.08   38.187   6.17957
40.1   42.5569   6.52357
40.12   47.7158   6.90766
40.14   53.8639   7.33921
40.16   61.2686   7.82743
40.18   70.2925   8.38406
40.2   81.4375   9.02427
40.22   95.4122   9.76792
40.24   113.242   10.6415
40.26   136.459   11.6816
40.28   167.462   12.9407
40.3   210.331   14.5028
40.32   272.747   16.5151
40.34   370.038   19.2364
40.36   531.249   23.0488
40.38   803.005   28.3373
40.4   1240.58   35.2219
40.42   1859.19   43.1184
40.44   2467.44   49.6733
40.46   2554.52   50.5423
40.48   2019.84   44.9427
40.5   1372.92   37.0529
40.52   890.042   29.8336
40.54   583.708   24.1601
40.56   401.087   20.0272
40.58   291.885   17.0846
40.6   222.979   14.9325
40.62   176.363   13.2802
40.64   143.001   11.9583
40.66   118.197   10.8718
40.68   99.2508   9.96247
40.7   84.4683   9.19067
40.72   72.7251   8.5279
40.74   63.2492   7.95294
40.76   55.4971   7.44964
40.78   49.0778   7.00555
40.8   43.7042   6.61091
40.82   39.1622   6.25797
40.84   35.2897   5.94051
40.86   31.9617   5.65347
40.88   29.0813   5.39271
40.9   26.572   5.1548
40.92   24.3728   4.93688
40.94   22.4349   4.73655
40.96   20.7185   4.55176
40.98   19.1913   4.4
41   17.8265   4.4
41.02   16.6019   4.4
41.04   15.499   4.4
41.06   14.5023   4.4
41.08   13.5985   4.4
41.1   12.7764   4.4
41.12   12.0266   4.4
41.14   11.3408   4.4
41.16   10.7119   4.4
41.18   10.1339   4.4
41.2   9.60134   4.4
41.22   9.10963   4.4
41.24   8.6547   4.4
41.26   8.23298   4.4
41.28   7.8413   4.4
41.3   7.4769   4.4
41.32   7.1373   4.4
41.34   6.82029   4.4
41.36   6.52392   4.4
41.38   6.24644   4.4
41.4   5.98628   4.4
41.42   5.74203   4.4
41.44   5.51241   4.4
41.46   5.29629   4.4
41.48   5.09262   4.4
41.5   4.90047   4.4
41.52   4.71899   4.4
41.54   4.54739   4.4
41.56   4.38498   4.4
41.58   4.23112   4.4
41.6   4.08521   4.4
41.62   3.94671   4.4
41.64   3.81514   4.4
41.66   3.69003   4.4
41.68   3.57097   4.4
41.7   3.45758   4.4
41.72   3.34951   4.4
41.74   3.24642   4.4
41.76   3.14801   4.4
41.78   3.05402   4.4
41.8   2.96416   4.4
41.82   2.87822   4.4
41.84   2.79595   4.4
41.86   2.71717   4.4
41.88   2.64166   4.4
41.9   3.60149   4.4
41.92   3.56094   4.4
41.94   1.09129   4.4
41.96   1.12273   4.4
41.98   1.15555   4.4
42   1.18983   4.4
42.02   1.22566   4.4
42.04   1.26313   4.4
42.06   1.30235   4.4
42.08   1.34342   4.4
42.1   1.38646   4.4
42.12   1.4316   4.4
42.14   1.47899   4.4
42.16   1.52876   4.4
42.18   1.58109   4.4
42.2   1.63615   4.4
42.22   1.69413   4.4
42.24   1.75525   4.4
42.26   1.81974   4.4
42.28   1.88785   4.4
42.3   1.95984   4.4
42.32   2.03603   4.4
42.34   2.11675   4.4
42.36   2.20237   4.4
42.38   2.29328   4.4
42.4   2.38993   4.4
42.42   2.49281   4.4
42.44   2.60248   4.4
42.46   2.71954   4.4
42.48   2.84467   4.4
42.5   2.97863   4.4
42.52   3.12227   4.4
42.54   3.27654   4.4
42.56   3.44252   4.4
42.58   3.62142   4.4
42.6   3.81461   4.4
42.62   4.02366   4.4
42.64   4.25035   4.4
42.66   4.49672   4.4
42.68   4.7651   4.4
42.7   5.0582   4.4
42.72   5.37913   4.4
42.74   5.73154   4.4
42.76   6.11966   4.4
42.78   6.54848   4.4
42.8   7.02387   4.4
42.82   7.55281   4.4
42.84   8.14363   4.4
42.86   8.80633   4.4
42.88   9.55301   4.4
42.9   10.3984   4.4
42.92   11.3607   4.4
42.94   12.4624   4.4
42.96   13.7314   4.4
42.98   15.2034   4.4
43   16.9238   4.4
43.02   18.9511   4.4
43.04   21.3624   4.62194
43.06   24.26   4.92544
43.08   27.7825   5.27091
43.1   32.1207   5.66751
43.12   37.5428   6.12722
43.14   44.4352   6.66598
43.16   53.3704   7.30551
43.18   65.2351   8.07682
43.2   81.5075   9.02815
43.22   104.917   10.2429
43.24   140.887   11.8696
43.26   199.904   14.1387
43.28   299.524   17.3068
43.3   462.303   21.5012
43.32   701.005   26.4765
43.34   963.134   31.0344
43.36   1056.51   32.5041
43.38   875.58   29.5902
43.4   607.314   24.6437
43.42   395.217   19.8801
43.44   257.68   16.0524
43.46   175.107   13.2328
43.48   126   11.225
43.5   95.427   9.76868
43.52   75.0221   8.66153
43.54   60.5609   7.78209
43.56   49.879   7.0625
43.58   41.7594   6.46215
43.6   35.4493   5.95393
43.62   30.4537   5.51849
43.64   26.4347   5.14147
43.66   23.1554   4.81201
43.68   20.4463   4.52176
43.7   18.1832   4.4
43.72   16.2739   4.4
43.74   14.6488   4.4
43.76   13.2543   4.4
43.78   12.049   4.4
43.8   11.0003   4.4
43.82   10.0824   4.4
43.84   9.27428   4.4
43.86   8.55931   4.4
43.88   7.9237   4.4
43.9   7.35617   4.4
43.92   6.84734   4.4
43.94   6.38942   4.4
43.96   5.97585   4.4
43.98   5.60109   4.4
44   5.26044   4.4
44.02   4.94989   4.4
44.04   4.66601   4.4
44.06   4.40582   4.4
44.08   4.16678   4.4
44.1   3.94664   4.4
44.12   3.74348   4.4
44.14   3.55559   4.4
44.16   3.38148   4.4
44.18   3.21984   4.4
44.2   3.06951   4.4
44.22   2.92945   4.4
44.24   2.79875   4.4
44.26   2.6766   4.4
44.28   2.56227   4.4
44.3   2.45511   4.4
44.32   2.35452   4.4
44.34   2.25999   4.4
44.36   2.17103   4.4
44.38   2.08722   4.4
44.4   2.00816   4.4
44.42   1.93352   4.4
44.44   1.86295   4.4
44.46   1.79618   4.4
44.48   1.73293   4.4
44.5   2.56388   4.4
44.52   2.53215   4.4
44.54   2.50435   4.4
44.56   2.48036   4.4
44.58   2.46008   4.4
44.6   2.44342   4.4
44.62   2.43031   4.4
44.64   2.4207   4.4
44.66   2.41455   4.4
44.68   2.41186   4.4
44.7   2.41262   4.4
44.72   2.41683   4.4
44.74   2.42455   4.4
44.76   2.4358   4.4
44.78   2.45067   4.4
44.8   2.46924   4.4
44.82   1.46946   4.4
44.84   1.52309   4.4
44.86   1.57971   4.4
44.88   1.63954   4.4
44.9   1.70283   4.4
44.92   1.76986   4.4
44.94   1.84092   4.4
44.96   1.91635   4.4
44.98   1.9965   4.4
45   2.08178   4.4
45.02   2.17264   4.4
45.04   2.26958   4.4
45.06   2.37314   4.4
45.08   2.48395   4.4
45.1   2.6027   4.4
45.12   2.73016   4.4
45.14   2.8672   4.4
45.16   3.01481   4.4
45.18   3.17411   4.4
45.2   3.34635   4.4
45.22   3.53298   4.4
45.24   3.73564   4.4
45.26   3.95621   4.4
45.28   4.19688   4.4
45.3   4.46015   4.4
45.32   4.74894   4.4
45.34   5.06663   4.4
45.36   5.41723   4.4
45.38   5.80541   4.4
45.4   6.23674   4.4
45.42   6.71783   4.4
45.44   7.25661   4.4
45.46   7.86266   4.4
45.48   8.54761   4.4
45.5   9.3257   4.4
45.52   10.2146   4.4
45.54   11.2361   4.4
45.56   12.418   4.4
45.58   13.7953   4.4
45.6   15.4134   4.4
45.62   17.5942   4.4
45.64   19.8974   4.46065
45.66   22.6839   4.76276
45.68   26.0974   5.10856
45.7   30.3384   5.50803
45.72   35.6931   5.97437
45.74   42.5806   6.52538
45.76   51.6381   7.18596
45.78   63.8955   7.99346
45.8   81.1831   9.01017
45.82   107.073   10.3476
45.84   148.639   12.1918
45.86   218.519   14.7824
45.88   334.928   18.301
45.9   514.53   22.6833
45.92   742.012   27.2399
45.94   896.246   29.9374
45.96   818.102   28.6025
45.98   596   24.4131
46   393.318   19.8323
46.02   255.008   15.969
46.04   170.347   13.0517
46.06   120.201   10.9636
46.08   89.6545   9.46861
46.1   69.7901   8.35405
46.12   55.9944   7.48294
46.14   45.9459   6.77834
46.16   38.3878   6.19579
46.18   32.5669   5.70674
46.2   27.9967   5.2912
46.22   24.3495   4.93452
46.24   21.3976   4.62575
46.26   18.979   4.4
46.28   16.9766   4.4
46.3   15.3037   4.4
46.32   13.8952   4.4
46.34   12.702   4.4
46.36   11.6858   4.4
46.38   10.8172   4.4
46.4   10.0729   4.4
46.42   9.43468   4.4
46.44   8.888   4.4
46.46   8.4214   4.4
46.48   8.02581   4.4
46.5   7.69419   4.4
46.52   7.42118   4.4
46.54   7.2029   4.4
46.56   7.03682   4.4
46.58   6.92167   4.4
46.6   6.85748   4.4
46.62   6.84558   4.4
46.64   6.88883   4.4
46.66   6.9918   4.4
46.68   7.16119   4.4
46.7   7.40633   4.4
46.72   7.74003   4.4
46.74   8.17971   4.4
46.76   8.74914   4.4
46.78   9.48094   4.4
46.8   10.4205   4.4
46.82   11.6322   4.4
46.84   13.2086   4.4
46.86   15.2874   4.4
46.88   18.0813   4.4
46.9   21.9433   4.68437
46.92   27.5209   5.24604
46.94   36.0983   6.00819
46.96   50.1731   7.0833
46.98   73.9825   8.60131
47   113.102   10.6349
47.02   171.124   13.0814
47.04   236.882   15.391
47.06   264.565   16.2654
47.08   223.183   14.9393
47.1   156.403   12.5061
47.12   102.405   10.1195
47.14   67.0839   8.19047
47.16   45.8   6.76757
47.18   33.1439   5.75708
47.2   25.2848   5.0284
47.22   20.0529   4.47805
47.24   16.3487   4.4
47.26   13.6113   4.4
47.28   11.5275   4.4
47.3   9.9046   4.4
47.32   8.61619   4.4
47.34   7.57625   4.4
47.36   6.72451   4.4
47.38   6.01785   4.4
47.4   5.42479   4.4
47.42   4.0699   4.4
47.44   3.66211   4.4
47.46   3.3124   4.4
47.48   3.01027   4.4
47.5   2.74751   4.4
47.52   2.51759   4.4
47.54   2.31527   4.4
47.56   2.13632   4.4
47.58   1.97728   4.4
47.6   1.83532   4.4
47.62   1.70807   4.4
47.64   1.59359   4.4
47.66   1.49021   4.4
47.68   1.39656   4.4
47.7   1.31145   4.4
47.72   1.23387   4.4
47.74   1.16297   4.4
47.76   1.098   4.4
47.78   1.03832   4.4
47.8   0.983366   4.4
47.82   0.932657   4.4
47.84   0.885767   4.4
47.86   0.842321   4.4
47.88   0.801992   4.4
47.9   0.764487   4.4
47.92   0.729551   4.4
47.94   0.696953   4.4
47.96   0.66649   4.4
47.98   0.63798   4.4
48   0.611259   4.4
48.02   0.586181   4.4
48.04   0.562614   4.4
48.06   0.540439   4.4
48.08   0.519548   4.4
48.1   0.499845   4.4
48.12   0.481241   4.4
48.14   0.463656   4.4
48.16   0.447017   4.4
48.18   0.431258   4.4
48.2   2.29142   4.4
48.22   2.32988   4.4
48.24   2.37129   4.4
48.26   2.41575   4.4
48.28   2.46334   4.4
48.3   2.51418   4.4
48.32   2.56839   4.4
48.34   2.62612   4.4
48.36   2.6875   4.4
48.38   2.75273   4.4
48.4   2.82199   4.4
48.42   2.89548   4.4
48.44   2.97345   4.4
48.46   3.05614   4.4
48.48   3.14384   4.4
48.5   3.23685   4.4
48.52   3.08128   4.4
48.54   3.19277   4.4
48.56   3.31041   4.4
48.58   3.43468   4.4
48.6   3.56607   4.4
48.62   3.70513   4.4
48.64   3.85249   4.4
48.66   4.00881   4.4
48.68   4.17483   4.4
48.7   4.35137   4.4
48.72   4.53935   4.4
48.74   4.73975   4.4
48.76   4.95372   4.4
48.78   5.18248   4.4
48.8   5.42745   4.4
48.82   5.69019   4.4
48.84   5.97245   4.4
48.86   6.27622   4.4
48.88   6.60374   4.4
48.9   6.95753   4.4
48.92   7.34049   4.4
48.94   7.75591   4.4
48.96   8.20755   4.4
48.98   8.69975   4.4
49   9.23749   4.4
49.02   9.82657   4.4
49.04   10.4737   4.4
49.06   11.1868   4.4
49.08   11.9751   4.4
49.1   12.8494   4.4
49.12   13.8229   4.4
49.14   14.9109   4.4
49.16   16.1322   4.4
49.18   17.5092   4.4
49.2   19.0697   4.4
49.22   20.8474   4.5659
49.24   22.8846   4.78378
49.26   25.2337   5.02332
49.28   27.9618   5.28789
49.3   31.154   5.58158
49.32   34.9213   5.90943
49.34   39.4091   6.27767
49.36   44.8116   6.69415
49.38   51.3921   7.16883
49.4   59.5145   7.71457
49.42   69.6924   8.3482
49.44   82.6679   9.09219
49.46   99.5479   9.97737
49.48   122.062   11.0482
49.5   153.139   12.3749
49.52   198.271   14.0809
49.54   268.413   16.3833
49.56   384.417   19.6066
49.58   580.062   24.0845
49.6   896.125   29.9353
49.62   1346.62   36.6963
49.64   1800.88   42.4368
49.66   1887.18   43.4417
49.68   1506.1   38.8085
49.7   1027.64   32.0569
49.72   666.6   25.8186
49.74   436.587   20.8947
49.76   299.294   17.3001
49.78   217.305   14.7413
49.8   165.716   12.8731
49.82   131.539   11.4691
49.84   106.698   10.3295
49.86   88.2571   9.39452
49.88   74.1908   8.61341
49.9   63.2298   7.95171
49.92   54.5333   7.38467
49.94   47.5253   6.89386
49.96   41.8002   6.4653
49.98   37.0665   6.08823
50   33.1108   5.75419
50.02   29.7736   5.45652
50.04   26.9343   5.18983
50.06   24.5003   4.94978
50.08   22.3996   4.73282
50.1   20.5754   4.53601
50.12   18.9827   4.4
50.14   17.5852   4.4
50.16   16.3537   4.4
50.18   15.2643   4.4
50.2   14.2972   4.4
50.22   13.4362   4.4
50.24   12.6679   4.4
50.26   11.9807   4.4
50.28   11.3653   4.4
50.3   10.8135   4.4
50.32   10.3186   4.4
50.34   9.87482   4.4
50.36   9.4772   4.4
50.38   9.12161   4.4
50.4   8.80452   4.4
50.42   8.52296   4.4
50.44   8.27443   4.4
50.46   8.05687   4.4
50.48   7.8686   4.4
50.5   7.70828   4.4
50.52   7.57494   4.4
50.54   7.46789   4.4
50.56   7.67103   4.4
50.58   7.62381   4.4
50.6   7.60305   4.4
50.62   7.60937   4.4
50.64   7.64373   4.4
50.66   7.7075   4.4
50.68   7.80251   4.4
50.7   7.9311   4.4
50.72   8.09623   4.4
50.74   8.30156   4.4
50.76   8.55165   4.4
50.78   8.85208   4.4
50.8   9.20977   4.4
50.82   9.63326   4.4
50.84   10.1332   4.4
50.86   10.7228   4.4
50.88   11.4187   4.4
50.9   12.2421   4.4
50.92   13.2202   4.4
50.94   14.388   4.4
50.96   15.7918   4.4
50.98   17.4928   4.4
51   19.5742   4.42427
51.02   22.1503   4.70641
51.04   25.3819   5.03804
51.06   29.5002   5.43141
51.08   34.8475   5.90318
51.1   41.9526   6.47708
51.12   51.6936   7.18983
51.14   63.8934   7.99333
51.16   85.3851   9.24041
51.18   120.544   10.9792
51.2   179.863   13.4113
51.22   277.034   16.6443
51.24   420.498   20.506
51.26   581.255   24.1092
51.28   645.262   25.402
51.3   540.75   23.254
51.32   377.352   19.4255
51.34   246.366   15.6961
51.36   161.018   12.6893
51.38   109.726   10.475
51.4   79.2964   8.90485
51.42   60.4529   7.77515
51.44   47.9641   6.92561
51.46   39.1836   6.25968
51.48   32.7604   5.72367
51.5   27.94   5.28583
51.52   24.2585   4.92529
51.54   21.4135   4.62747
51.56   19.2008   4.4
51.58   17.4802   4.4
51.6   16.1543   4.4
51.62   15.1559   4.4
51.64   14.4402   4.4
51.66   13.9794   4.4
51.68   13.7608   4.4
51.7   13.7854   4.4
51.72   14.0693   4.4
51.74   14.646   4.4
51.76   15.5719   4.4
51.78   16.9364   4.4
51.8   18.878   4.4
51.82   21.6161   4.64931
51.84   25.5185   5.05158
51.86   31.2621   5.59125
51.88   40.1921   6.33972
51.9   54.9371   7.41196
51.92   79.9962   8.94406
51.94   121.377   11.0171
51.96   183.232   13.5363
51.98   254.697   15.9592
52   287.635   16.9598
52.02   245.406   15.6654
52.04   173.063   13.1553
52.06   113.659   10.6611
52.08   74.5684   8.6353
52.1   50.9474   7.13775
52.12   36.8951   6.07413
52.14   28.1785   5.30834
52.16   22.3824   4.73101
52.18   18.2797   4.4
52.2   15.2459   4.4
52.22   12.9337   4.4
52.24   11.1302   4.4
52.26   9.69589   4.4
52.28   8.536   4.4
52.3   7.58409   4.4
52.32   6.79267   4.4
52.34   6.12702   4.4
52.36   5.56137   4.4
52.38   5.07623   4.4
52.4   4.65664   4.4
52.42   4.29101   4.4
52.44   3.9702   4.4
52.46   3.68695   4.4
52.48   3.43543   4.4
52.5   3.2109   4.4
52.52   3.0095   4.4
52.54   2.82803   4.4
52.56   2.66386   4.4
52.58   2.51475   4.4
52.6   2.37885   4.4
52.62   2.25458   4.4
52.64   2.14058   4.4
52.66   2.03571   4.4
52.68   1.93897   4.4
52.7   1.8495   4.4
52.72   1.76657   4.4
52.74   1.06689   4.4
52.76   1.01181   4.4
52.78   0.960888   4.4
52.8   0.913708   4.4
52.82   0.869915   4.4
52.84   0.829193   4.4
52.86   0.791262   4.4
52.88   0.755873   4.4
52.9   0.722803   4.4
52.92   0.691856   4.4
52.94   0.662852   4.4
52.96   0.635633   4.4
52.98   0.610055   4.4
53   0.58599   4.4
53.02   0.56332   4.4
53.04   0.541939   4.4
53.06   0.521752   4.4
53.08   0.502672   4.4
53.1   0.484618   4.4
53.12   0.46752   4.4
53.14   0.45131   4.4
53.16   0.435928   4.4
53.18   0.421319   4.4
53.2   0.407432   4.4
53.22   0.39422   4.4
53.24   0.38164   4.4
53.26   0.369652   4.4
53.28   0.35822   4.4
53.3   0.347311   4.4
53.32   0.336891   4.4
53.34   0.326934   4.4
53.36   0.317411   4.4
53.38   0.308299   4.4
53.4   0.299573   4.4
53.42   0.291212   4.4
53.44   0.283196   4.4
53.46   0   4.4
53.48   0   4.4
53.5   0   4.4
53.52   0   4.4
53.54   0   4.4
53.56   0   4.4
53.58   0   4.4
53.6   0   4.4
53.62   0   4.4
53.64   0   4.4
53.66   0   4.4
53.68   0   4.4
53.7   0   4.4
53.72   0   4.4
53.74   0   4.4
53.76   0   4.4
53.78   0   4.4
53.8   0   4.4
53.82   0   4.4
53.84   0   4.4
53.86   0   4.4
53.88   0   4.4
53.9   0   4.4
53.92   0   4.4
53.94   0   4.4
53.96   0   4.4
53.98   0   4.4
54   0   4.4
54.02   0   4.4
54.04   0   4.4
54.06   0   4.4
54.08   0   4.4
54.1   0   4.4
54.12   0   4.4
54.14   0   4.4
54.16   0   4.4
54.18   0   4.4
54.2   0   4.4
54.22   0   4.4
54.24   0   4.4
54.26   0   4.4
54.28   0   4.4
54.3   0   4.4
54.32   0   4.4
54.34   0   4.4
54.36   0   4.4
54.38   0   4.4
54.4   0   4.4
54.42   0   4.4
54.44   0   4.4
54.46   0   4.4
54.48   0   4.4
54.5   0   4.4
54.52   0   4.4
54.54   0   4.4
54.56   0   4.4
54.58   0   4.4
54.6   0   4.4
54.62   0   4.4
54.64   0   4.4
54.66   0   4.4
54.68   0   4.4
54.7   0   4.4
54.72   0   4.4
54.74   0   4.4
54.76   0   4.4
54.78   0   4.4
54.8   0   4.4
54.82   0   4.4
54.84   0   4.4
54.86   0   4.4
54.88   0   4.4
54.9   0   4.4
54.92   0   4.4
54.94   0   4.4
54.96   0   4.4
54.98   0   4.4
55   0   4.4
55.02   0   4.4
55.04   0   4.4
55.06   0   4.4
55.08   0   4.4
55.1   0   4.4
55.12   0   4.4
55.14   0   4.4
55.16   0   4.4
55.18   0   4.4
55.2   0   4.4
55.22   0   4.4
55.24   0   4.4
55.26   0   4.4
55.28   0   4.4
55.3   0   4.4
55.32   0   4.4
55.34   0   4.4
55.36   0   4.4
55.38   0   4.4
55.4   0   4.4
55.42   0   4.4
55.44   0   4.4
55.46   1.23538   4.4
55.48   1.26999   4.4
55.5   1.30608   4.4
55.52   1.34372   4.4
55.54   1.38301   4.4
55.56   1.42405   4.4
55.58   1.46694   4.4
55.6   1.51181   4.4
55.62   1.55875   4.4
55.64   1.60792   4.4
55.66   1.65946   4.4
55.68   1.71351   4.4
55.7   1.77024   4.4
55.72   1.82983   4.4
55.74   1.89248   4.4
55.76   1.95841   4.4
55.78   2.02784   4.4
55.8   2.10102   4.4
55.82   2.17824   4.4
55.84   2.25978   4.4
55.86   2.346   4.4
55.88   2.43723   4.4
55.9   2.53389   4.4
55.92   2.63642   4.4
55.94   2.74528   4.4
55.96   2.86103   4.4
55.98   2.98424   4.4
56   3.11559   4.4
56.02   3.25579   4.4
56.04   3.40565   4.4
56.06   3.5661   4.4
56.08   3.73814   4.4
56.1   3.92293   4.4
56.12   4.12174   4.4
56.14   4.33604   4.4
56.16   4.56747   4.4
56.18   4.81791   4.4
56.2   5.08948   4.4
56.22   5.38465   4.4
56.24   5.7062   4.4
56.26   6.05738   4.4
56.28   6.44194   4.4
56.3   6.86423   4.4
56.32   7.32934   4.4
56.34   7.84325   4.4
56.36   8.41301   4.4
56.38   9.047   4.4
56.4   9.7552   4.4
56.42   10.5496   4.4
56.44   11.4448   4.4
56.46   12.4585   4.4
56.48   13.6124   4.4
56.5   14.9336   4.4
56.52   16.4557   4.4
56.54   18.2214   4.4
56.56   20.2853   4.50393
56.58   22.718   4.76634
56.6   25.6119   5.06082
56.62   29.0901   5.39353
56.64   33.3195   5.7723
56.66   38.5294   6.20721
56.68   45.0432   6.71142
56.7   53.3258   7.30245
56.72   64.0676   8.00422
56.74   78.3383   8.85089
56.76   97.9247   9.89569
56.78   126.132   11.2308
56.8   169.531   13.0204
56.82   240.805   15.5179
56.84   361.114   19.003
56.86   557.458   23.6106
56.88   844.501   29.0603
56.9   1156.89   34.0131
56.92   1262.48   35.5314
56.94   1041.56   32.2731
56.96   720.964   26.8508
56.98   468.965   21.6556
57   305.907   17.4902
57.02   208.086   14.4252
57.04   149.888   12.2429
57.06   113.611   10.6588
57.08   89.3687   9.4535
57.1   72.172   8.49541
57.12   59.4618   7.71115
57.14   49.796   7.05663
57.16   42.2816   6.50243
57.18   36.3305   6.02748
57.2   31.5416   5.61619
57.22   27.6331   5.25672
57.24   24.4035   4.93999
57.26   21.7051   4.65887
57.28   19.4281   4.40774
57.3   17.4898   4.4
57.32   15.8263   4.4
57.34   14.3883   4.4
57.36   13.137   4.4
57.38   12.0416   4.4
57.4   11.0772   4.4
57.42   10.2238   4.4
57.44   9.46511   4.4
57.46   8.78762   4.4
57.48   8.18017   4.4
57.5   7.63345   4.4
57.52   7.13964   4.4
57.54   6.69215   4.4
57.56   6.28537   4.4
57.58   5.91452   4.4
57.6   5.57549   4.4
57.62   5.26475   4.4
57.64   4.97925   4.4
57.66   4.71632   4.4
57.68   4.47365   4.4
57.7   4.24921   4.4
57.72   4.04123   4.4
57.74   3.84814   4.4
57.76   3.66855   4.4
57.78   3.50122   4.4
57.8   3.34508   4.4
57.82   3.19915   4.4
57.84   3.06255   4.4
57.86   2.93451   4.4
57.88   2.81433   4.4
57.9   2.70137   4.4
57.92   2.59508   4.4
57.94   2.49494   4.4
57.96   2.40047   4.4
57.98   2.31127   4.4
58   2.22695   4.4
58.02   2.14715   4.4
58.04   2.07157   4.4
58.06   1.9999   4.4
58.08   1.93189   4.4
58.1   1.86729   4.4
58.12   1.80587   4.4
58.14   1.74743   4.4
58.16   1.69179   4.4
58.18   1.63875   4.4
58.2   1.58818   4.4
58.22   1.5399   4.4
58.24   1.49379   4.4
58.26   1.44973   4.4
58.28   1.40758   4.4
58.3   1.36724   4.4
58.32   1.32862   4.4
58.34   1.2916   4.4
58.36   1.25611   4.4
58.38   0   4.4
58.4   0   4.4
58.42   0   4.4
58.44   0   4.4
58.46   0   4.4
58.48   0   4.4
58.5   0   4.4
58.52   0   4.4
58.54   0   4.4
58.56   0   4.4
58.58   0   4.4
58.6   0   4.4
58.62   0   4.4
58.64   0   4.4
58.66   0   4.4
58.68   0   4.4
58.7   0   4.4
58.72   0   4.4
58.74   0   4.4
58.76   0   4.4
58.78   0   4.4
58.8   0   4.4
58.82   0   4.4
58.84   0   4.4
58.86   0   4.4
58.88   0   4.4
58.9   0   4.4
58.92   0   4.4
58.94   0   4.4
58.96   0   4.4
58.98   0   4.4
59   0   4.4
59.02   0   4.4
59.04   0   4.4
59.06   0   4.4
59.08   0   4.4
59.1   0   4.4
59.12   0   4.4
59.14   0   4.4
59.16   0   4.4
59.18   0   4.4
59.2   0   4.4
59.22   0   4.4
59.24   0   4.4
59.26   0   4.4
59.28   0   4.4
59.3   0   4.4
59.32   0   4.4
59.34   0   4.4
59.36   0   4.4
59.38   0   4.4
59.4   0   4.4
59.42   0   4.4
59.44   0   4.4
59.46   0   4.4
59.48   0   4.4
59.5   0   4.4
59.52   0   4.4
59.54   0   4.4
59.56   0   4.4
59.58   0   4.4
59.6   0   4.4
59.62   0   4.4
59.64   0   4.4
59.66   0   4.4
59.68   0   4.4
59.7   0   4.4
59.72   0   4.4
59.74   0   4.4
59.76   0   4.4
59.78   0   4.4
59.8   0   4.4
59.82   0   4.4
59.84   0   4.4
59.86   0   4.4
59.88   0   4.4
59.9   0   4.4
59.92   0   4.4
59.94   0   4.4
59.96   0   4.4
59.98   0   4.4
60   0   4.4
60.02   0   4.4
60.04   0   4.4
60.06   0   4.4
60.08   0   4.4
60.1   0   4.4
60.12   0   4.4
60.14   0   4.4
60.16   0   4.4
60.18   0   4.4
60.2   0   4.4
60.22   0   4.4
60.24   0   4.4
60.26   0   4.4
60.28   0   4.4
60.3   0   4.4
60.32   0   4.4
60.34   0   4.4
60.36   0   4.4
60.38   0   4.4
60.4   0   4.4
60.42   0   4.4
60.44   0   4.4
60.46   0   4.4
60.48   0   4.4
60.5   0   4.4
60.52   0   4.4
60.54   0   4.4
60.56   0   4.4
60.58   0   4.4
60.6   0   4.4
60.62   0   4.4
60.64   0   4.4
60.66   0   4.4
60.68   0   4.4
60.7   0   4.4
60.72   0   4.4
60.74   0   4.4
60.76   0   4.4
60.78   0   4.4
60.8   0   4.4
60.82   0   4.4
60.84   0   4.4
60.86   0   4.4
60.88   0   4.4
60.9   0   4.4
60.92   0   4.4
60.94   0   4.4
60.96   0   4.4
60.98   0   4.4
61   0   4.4
61.02   0   4.4
61.04   0   4.4
61.06   0   4.4
61.08   0   4.4
61.1   0   4.4
61.12   0   4.4
61.14   0   4.4
61.16   0   4.4
61.18   0   4.4
61.2   0   4.4
61.22   0   4.4
61.24   0   4.4
61.26   0   4.4
61.28   0   4.4
61.3   0   4.4
61.32   0   4.4
61.34   0   4.4
61.36   0   4.4
61.38   1.33587   4.4
61.4   1.37292   4.4
61.42   1.41152   4.4
61.44   1.45178   4.4
61.46   1.49378   4.4
61.48   1.53763   4.4
61.5   1.58344   4.4
61.52   1.63133   4.4
61.54   1.68142   4.4
61.56   1.73386   4.4
61.58   1.78878   4.4
61.6   1.84635   4.4
61.62   1.90675   4.4
61.64   1.97016   4.4
61.66   2.03678   4.4
61.68   2.10684   4.4
61.7   2.18057   4.4
61.72   2.25825   4.4
61.74   2.34014   4.4
61.76   2.42656   4.4
61.78   2.51787   4.4
61.8   2.61441   4.4
61.82   2.71662   4.4
61.84   2.82493   4.4
61.86   2.93985   4.4
61.88   3.06191   4.4
61.9   3.19174   4.4
61.92   3.32999   4.4
61.94   3.47741   4.4
61.96   3.63483   4.4
61.98   3.80318   4.4
62   3.98348   4.4
62.02   4.1769   4.4
62.04   4.38474   4.4
62.06   4.60847   4.4
62.08   4.84974   4.4
62.1   5.11043   4.4
62.12   5.39269   4.4
62.14   5.69896   4.4
62.16   6.03203   4.4
62.18   6.39512   4.4
62.2   6.79194   4.4
62.22   7.22679   4.4
62.24   7.70467   4.4
62.26   8.23146   4.4
62.28   8.81403   4.4
62.3   10.3044   4.4
62.32   11.0482   4.4
62.34   11.8781   4.4
62.36   12.8082   4.4
62.38   13.8555   4.4
62.4   15.0405   4.4
62.42   16.3889   4.4
62.44   17.9322   4.4
62.46   19.7101   4.43961
62.48   21.773   4.66615
62.5   24.1851   4.91784
62.52   27.0304   5.19907
62.54   30.4187   5.51532
62.56   34.4974   5.87344
62.58   39.4663   6.28222
62.6   45.6026   6.75297
62.62   53.2982   7.30056
62.64   63.1217   7.94492
62.66   75.9246   8.71347
62.68   93.0484   9.64616
62.7   116.792   10.807
62.72   151.52   12.3093
62.74   205.939   14.3506
62.76   296.392   17.216
62.78   448.626   21.1808
62.8   692.012   26.3061
62.82   1030.12   32.0955
62.84   1344.84   36.6721
62.86   1358.84   36.8625
62.88   1056.01   32.4963
62.9   713.558   26.7125
62.92   463.153   21.521
62.94   305.616   17.4819
62.96   211.963   14.5589
62.98   155.863   12.4845
63   120.324   10.9692
63.02   96.2147   9.80891
63.04   78.9575   8.8858
63.06   66.157   8.13369
63.08   56.4261   7.51173
63.1   48.8899   6.99213
63.12   42.9668   6.55491
63.14   38.258   6.18531
63.16   34.4835   5.87226
63.18   31.4428   5.60739
63.2   28.9908   5.38431
63.22   27.0209   5.19816
63.24   25.4549   5.04528
63.26   24.2354   4.92295
63.28   23.3215   4.82924
63.3   22.6851   4.76289
63.32   22.309   4.72324
63.34   22.1861   4.71022
63.36   22.3187   4.72427
63.38   22.719   4.76644
63.4   23.4104   4.83843
63.42   24.43   4.94267
63.44   25.8317   5.08248
63.46   27.6922   5.26234
63.48   30.1197   5.48814
63.5   33.2671   5.76776
63.52   37.3526   6.11168
63.54   42.6941   6.53408
63.56   49.7665   7.05454
63.58   59.3098   7.70129
63.6   72.5674   8.51865
63.62   91.8508   9.58388
63.64   121.763   11.0346
63.66   171.162   13.0829
63.68   254.706   15.9595
63.7   390.837   19.7696
63.72   588.648   24.2621
63.74   799.791   28.2806
63.76   862.826   29.3739
63.78   705.726   26.5655
63.8   487.381   22.0767
63.82   317.739   17.8252
63.84   208.418   14.4367
63.86   142.892   11.9537
63.88   103.831   10.1898
63.9   79.3876   8.90997
63.92   62.9819   7.93611
63.94   51.2991   7.16234
63.96   42.6341   6.52948
63.98   36.0223   6.00186
64   30.8642   5.55555
64.02   26.7643   5.17342
64.04   23.4524   4.84276
64.06   20.7386   4.55396
64.08   18.4867   4.4
64.1   16.5971   4.4
64.12   14.9954   4.4
64.14   13.6255   4.4
64.16   12.4443   4.4
64.18   11.4181   4.4
64.2   10.5207   4.4
64.22   9.73094   4.4
64.24   9.03202   4.4
64.26   8.41025   4.4
64.28   7.85444   4.4
64.3   7.35538   4.4
64.32   6.90541   4.4
64.34   5.19539   4.4
64.36   4.85972   4.4
64.38   4.55549   4.4
64.4   4.27891   4.4
64.42   4.02673   4.4
64.44   3.79616   4.4
64.46   4.61446   4.4
64.48   4.44947   4.4
64.5   4.30108   4.4
64.52   4.16779   4.4
64.54   4.0483   4.4
64.56   3.9415   4.4
64.58   3.84641   4.4
64.6   3.76218   4.4
64.62   3.68809   4.4
64.64   3.62351   4.4
64.66   3.5679   4.4
64.68   3.52081   4.4
64.7   3.48185   4.4
64.72   3.4507   4.4
64.74   3.42711   4.4
64.76   3.41088   4.4
64.78   3.40187   4.4
64.8   3.39997   4.4
64.82   3.40515   4.4
64.84   3.4174   4.4
64.86   3.43679   4.4
64.88   3.46342   4.4
64.9   3.49745   4.4
64.92   3.53907   4.4
64.94   3.58855   4.4
64.96   3.64623   4.4
64.98   3.71248   4.4
65   3.78776   4.4
65.02   3.8726   4.4
65.04   3.96764   4.4
65.06   4.07357   4.4
65.08   4.19124   4.4
65.1   4.32158   4.4
65.12   4.46568   4.4
65.14   4.62478   4.4
65.16   4.80033   4.4
65.18   4.99396   4.4
65.2   5.20758   4.4
65.22   4.61031   4.4
65.24   4.89308   4.4
65.26   5.20263   4.4
65.28   5.54244   4.4
65.3   5.91658   4.4
65.32   6.32982   4.4
65.34   6.7878   4.4
65.36   7.29718   4.4
65.38   7.86595   4.4
65.4   8.50365   4.4
65.42   9.22186   4.4
65.44   10.0347   4.4
65.46   10.9594   4.4
65.48   12.0173   4.4
65.5   13.2354   4.4
65.52   14.6473   4.4
65.54   16.2961   4.4
65.56   18.2376   4.4
65.58   20.5447   4.53263
65.6   23.3144   4.8285
65.62   26.6775   5.16503
65.64   30.8141   5.55104
65.66   35.9767   5.99806
65.68   42.5281   6.52136
65.7   51.0045   7.14174
65.72   62.2317   7.88871
65.74   77.5753   8.80768
65.76   99.5322   9.97658
65.78   133.047   11.5346
65.8   187.755   13.7024
65.82   280.078   16.7355
65.84   431.815   20.7802
65.86   657.623   25.6442
65.88   916.395   30.272
65.9   1031.68   32.1198
65.92   875.334   29.586
65.94   613.831   24.7756
65.96   400.505   20.0126
65.98   260.56   16.1419
66   176.192   13.2738
66.02   126.106   11.2297
66.04   95.1064   9.75225
66.06   74.55   8.63423
66.08   60.0509   7.74925
66.1   49.3753   7.02676
66.12   41.2794   6.42491
66.14   34.9997   5.91605
66.16   30.0361   5.48052
66.18   26.0485   5.10377
66.2   22.7989   4.77482
66.22   20.1172   4.48522
66.24   17.8792   4.4
66.26   15.9928   4.4
66.28   14.3884   4.4
66.3   13.7768   4.4
66.32   12.6101   4.4
66.34   11.5993   4.4
66.36   10.7188   4.4
66.38   9.94797   4.4
66.4   9.27019   4.4
66.42   8.84165   4.4
66.44   8.31656   4.4
66.46   7.85088   4.4
66.48   7.43699   4.4
66.5   7.06852   4.4
66.52   6.74009   4.4
66.54   6.44721   4.4
66.56   6.18603   4.4
66.58   5.9533   4.4
66.6   5.74626   4.4
66.62   5.56255   4.4
66.64   5.40015   4.4
66.66   5.25736   4.4
66.68   5.13272   4.4
66.7   5.025   4.4
66.72   4.93318   4.4
66.74   4.85638   4.4
66.76   4.79393   4.4
66.78   4.74527   4.4
66.8   4.70998   4.4
66.82   4.68779   4.4
66.84   4.67851   4.4
66.86   4.6821   4.4
66.88   4.69864   4.4
66.9   4.72832   4.4
66.92   4.77144   4.4
66.94   4.82846   4.4
66.96   4.89997   4.4
66.98   4.98669   4.4
67   5.08954   4.4
67.02   5.20961   4.4
67.04   5.34821   4.4
67.06   5.5069   4.4
67.08   5.6875   4.4
67.1   5.89218   4.4
67.12   6.12349   4.4
67.14   6.38444   4.4
67.16   6.67858   4.4
67.18   7.01013   4.4
67.2   7.38409   4.4
67.22   7.80646   4.4
67.24   8.28442   4.4
67.26   8.82665   4.4
67.28   9.4437   4.4
67.3   10.1485   4.4
67.32   10.9569   4.4
67.34   11.8887   4.4
67.36   11.972   4.4
67.38   13.2587   4.4
67.4   14.7648   4.4
67.42   16.5431   4.4
67.44   18.663   4.4
67.46   21.2178   4.60627
67.48   24.3343   4.93298
67.5   28.1891   5.30935
67.52   33.0329   5.74743
67.54   39.2313   6.26349
67.56   47.3378   6.88024
67.58   58.2409   7.63157
67.6   73.5087   8.57372
67.62   96.1826   9.80727
67.64   132.274   11.501
67.66   192.551   13.8763
67.68   292.653   17.1071
67.7   447.262   21.1486
67.72   644.924   25.3953
67.74   785.147   28.0205
67.76   729.566   27.0105
67.78   549.998   23.452
67.8   391.587   19.7886
67.82   298.897   17.2886
67.84   265.072   16.281
67.86   263.85   16.2435
67.88   249.754   15.8036
67.9   200.783   14.1698
67.92   144.953   12.0396
67.94   102.215   10.1101
67.96   73.7526   8.58793
67.98   55.5786   7.4551
68   43.7907   6.61745
68.02   35.7279   5.97728
68.04   29.8744   5.46575
68.06   25.4257   5.04239
68.08   21.9383   4.68384
68.1   19.1436   4.4
68.12   16.8648   4.4
68.14   14.9797   4.4
68.16   13.4006   4.4
68.18   12.0635   4.4
68.2   10.9205   4.4
68.22   9.93526   4.4
68.24   9.07949   4.4
68.26   8.33117   4.4
68.28   7.67283   4.4
68.3   7.09041   4.4
68.32   6.57256   4.4
68.34   6.10997   4.4
68.36   5.69497   4.4
68.38   5.32121   4.4
68.4   4.98334   4.4
68.42   4.67688   4.4
68.44   4.39803   4.4
68.46   4.14355   4.4
68.48   3.91066   4.4
68.5   3.69696   4.4
68.52   3.50041   4.4
68.54   3.31919   4.4
68.56   3.15175   4.4
68.58   2.99673   4.4
68.6   2.85291   4.4
68.62   2.71924   4.4
68.64   2.59478   4.4
68.66   2.4787   4.4
68.68   2.37027   4.4
68.7   2.26882   4.4
68.72   2.17376   4.4
68.74   2.08458   4.4
68.76   2.00078   4.4
68.78   1.92195   4.4
68.8   1.8477   4.4
68.82   1.77768   4.4
68.84   1.71158   4.4
68.86   1.6491   4.4
68.88   1.58999   4.4
68.9   1.53401   4.4
68.92   1.48094   4.4
68.94   1.43058   4.4
68.96   1.38275   4.4
68.98   1.33728   4.4
69   1.29403   4.4
69.02   1.25284   4.4
69.04   1.21359   4.4
69.06   1.17616   4.4
69.08   1.14043   4.4
69.1   1.10632   4.4
69.12   1.07371   4.4
69.14   1.04252   4.4
69.16   1.01268   4.4
69.18   0.9841   4.4
69.2   0.956715   4.4
69.22   0.19867   4.4
69.24   0.192898   4.4
69.26   0.187374   4.4
69.28   0.182083   4.4
69.3   0.177014   4.4
69.32   0.172153   4.4
69.34   0   4.4
69.36   0   4.4
69.38   0   4.4
69.4   0   4.4
69.42   0   4.4
69.44   0   4.4
69.46   0   4.4
69.48   0   4.4
69.5   0   4.4
69.52   0   4.4
69.54   0   4.4
69.56   0   4.4
69.58   0   4.4
69.6   0   4.4
69.62   0   4.4
69.64   0   4.4
69.66   0   4.4
69.68   0   4.4
69.7   0   4.4
69.72   0   4.4
69.74   0   4.4
69.76   0   4.4
69.78   0   4.4
69.8   0   4.4
69.82   0   4.4
69.84   0   4.4
69.86   0   4.4
69.88   0   4.4
69.9   0   4.4
69.92   0   4.4
69.94   0   4.4
69.96   0   4.4
69.98   0   4.4
70   0   4.4
70.02   0   4.4
70.04   0   4.4
70.06   0   4.4
70.08   0   4.4
70.1   0   4.4
70.12   0   4.4
70.14   0   4.4
70.16   0   4.4
70.18   0   4.4
70.2   0   4.4
70.22   0   4.4
70.24   0   4.4
70.26   0   4.4
70.28   0   4.4
70.3   0   4.4
70.32   0   4.4
70.34   0   4.4
70.36   0   4.4
70.38   0   4.4
70.4   0   4.4
70.42   0   4.4
70.44   0   4.4
70.46   0   4.4
70.48   0   4.4
70.5   0   4.4
70.52   0   4.4
70.54   0   4.4
70.56   0   4.4
70.58   0   4.4
70.6   0   4.4
70.62   0   4.4
70.64   0   4.4
70.66   0   4.4
70.68   0.774127   4.4
70.7   0.795864   4.4
70.72   0.818529   4.4
70.74   0.842176   4.4
70.76   0.866862   4.4
70.78   0.89265   4.4
70.8   0.919604   4.4
70.82   0.947798   4.4
70.84   0.977308   4.4
70.86   1.00822   4.4
70.88   1.04061   4.4
70.9   1.0746   4.4
70.92   1.11027   4.4
70.94   1.14776   4.4
70.96   1.18717   4.4
70.98   1.22864   4.4
71   1.27232   4.4
71.02   1.31838   4.4
71.04   1.36698   4.4
71.06   1.41832   4.4
71.08   1.4726   4.4
71.1   1.53005   4.4
71.12   1.59093   4.4
71.14   1.65552   4.4
71.16   1.72411   4.4
71.18   1.79706   4.4
71.2   1.87473   4.4
71.22   1.95754   4.4
71.24   2.04595   4.4
71.26   2.14049   4.4
71.28   2.24172   4.4
71.3   2.35031   4.4
71.32   2.46696   4.4
71.34   2.59251   4.4
71.36   2.72788   4.4
71.38   2.87412   4.4
71.4   3.03243   4.4
71.42   3.20416   4.4
71.44   3.39087   4.4
71.46   3.59436   4.4
71.48   3.8167   4.4
71.5   4.06027   4.4
71.52   4.32788   4.4
71.54   4.62277   4.4
71.56   4.94878   4.4
71.58   5.31043   4.4
71.6   5.71311   4.4
71.62   6.16322   4.4
71.64   6.6685   4.4
71.66   7.23832   4.4
71.68   7.88409   4.4
71.7   8.61988   4.4
71.72   9.46315   4.4
71.74   10.4358   4.4
71.76   11.5654   4.4
71.78   12.8875   4.4
71.8   14.4482   4.4
71.82   16.3077   4.4
71.84   18.5469   4.4
71.86   21.2751   4.61249
71.88   24.6437   4.96424
71.9   28.8664   5.37275
71.92   34.2523   5.85255
71.94   41.2625   6.42359
71.96   50.6191   7.11471
71.98   63.5469   7.97163
72   82.3492   9.07465
72.02   111.62   10.5651
72.04   160.084   12.6524
72.06   241.797   15.5498
72.08   373.558   19.3276
72.1   560.646   23.678
72.12   746.465   27.3215
72.14   776.814   27.8714
72.16   616.677   24.833
72.18   419.899   20.4914
72.2   272.347   16.5029
72.22   178.577   13.3633
72.24   122.649   11.0747
72.26   89.227   9.44601
72.28   68.166   8.25627
72.3   53.937   7.34418
72.32   43.7645   6.61548
72.34   36.2075   6.01727
72.36   30.4397   5.51722
72.38   25.9431   5.09344
72.4   22.374   4.73012
72.42   19.4969   4.41553
72.44   17.1458   4.4
72.46   15.2013   4.4
72.48   13.5761   4.4
72.5   12.2047   4.4
72.52   11.0379   4.4
72.54   10.0376   4.4
72.56   9.17426   4.4
72.58   8.42467   4.4
72.6   7.77035   4.4
72.62   7.19645   4.4
72.64   6.69098   4.4
72.66   6.24415   4.4
72.68   5.84792   4.4
72.7   5.49565   4.4
72.72   5.18182   4.4
72.74   4.90182   4.4
72.76   4.65181   4.4
72.78   4.42856   4.4
72.8   4.22936   4.4
72.82   4.05192   4.4
72.84   3.89437   4.4
72.86   3.75512   4.4
72.88   3.63289   4.4
72.9   3.52664   4.4
72.92   3.43559   4.4
72.94   3.35915   4.4
72.96   3.29697   4.4
72.98   3.24889   4.4
73   3.21499   4.4
73.02   3.19556   4.4
73.04   3.19116   4.4
73.06   3.20263   4.4
73.08   3.23116   4.4
73.1   3.27832   4.4
73.12   3.3462   4.4
73.14   3.43746   4.4
73.16   3.55555   4.4
73.18   3.7049   4.4
73.2   3.89123   4.4
73.22   4.12198   4.4
73.24   4.40689   4.4
73.26   4.75888   4.4
73.28   5.19529   4.4
73.3   5.7398   4.4
73.32   6.4253   4.4
73.34   7.2984   4.4
73.36   8.42683   4.4
73.38   9.91214   4.4
73.4   11.9146   4.4
73.42   14.7093   4.4
73.44   18.8192   4.4
73.46   25.2881   5.02872
73.48   36.0713   6.00594
73.5   54.2398   7.36477
73.52   83.273   9.1254
73.54   123.496   11.1129
73.56   160.571   12.6717
73.58   161.546   12.7101
73.6   125.265   11.1922
73.62   83.9342   9.16156
73.64   54.3586   7.37283
73.66   35.7695   5.98076
73.68   24.7149   4.9714
73.7   18.0817   4.4
73.72   13.868   4.4
73.74   10.9992   4.4
73.76   8.93703   4.4
73.78   7.39918   4.4
73.8   6.22186   4.4
73.82   5.30155   4.4
73.84   4.56927   4.4
73.86   3.97754   4.4
73.88   3.49285   4.4
73.9   3.09104   4.4
73.92   2.75435   4.4
73.94   2.46952   4.4
73.96   2.22647   4.4
73.98   2.01745   4.4
74   1.83642   4.4
74.02   1.67862   4.4
74.04   1.54024   4.4
74.06   1.41824   4.4
74.08   1.31014   4.4
74.1   1.21391   4.4
74.12   1.12788   4.4
74.14   1.50412   4.4
74.16   1.44738   4.4
74.18   1.39786   4.4
74.2   1.35477   4.4
74.22   1.31745   4.4
74.24   1.28533   4.4
74.26   1.25793   4.4
74.28   1.23486   4.4
74.3   1.21578   4.4
74.32   1.2004   4.4
74.34   1.18849   4.4
74.36   1.17984   4.4
74.38   1.1743   4.4
74.4   1.17173   4.4
74.42   1.17204   4.4
74.44   1.17515   4.4
74.46   1.18101   4.4
74.48   1.18959   4.4
74.5   1.20089   4.4
74.52   1.21493   4.4
74.54   1.23174   4.4
74.56   1.25138   4.4
74.58   1.27393   4.4
74.6   1.2995   4.4
74.62   1.32822   4.4
74.64   1.36023   4.4
74.66   1.39571   4.4
74.68   1.43488   4.4
74.7   1.47798   4.4
74.72   1.52529   4.4
74.74   1.57712   4.4
74.76   1.63384   4.4
74.78   1.69588   4.4
74.8   1.7637   4.4
74.82   1.83785   4.4
74.84   1.91897   4.4
74.86   2.00776   4.4
74.88   2.10506   4.4
74.9   2.2118   4.4
74.92   2.3291   4.4
74.94   2.45822   4.4
74.96   2.60064   4.4
74.98   2.75809   4.4
75   2.93261   4.4
75.02   3.1266   4.4
75.04   3.34291   4.4
75.06   3.43028   4.4
75.08   3.70613   4.4
75.1   4.01651   4.4
75.12   4.36741   4.4
75.14   4.76617   4.4
75.16   5.22187   4.4
75.18   5.74582   4.4
75.2   6.35227   4.4
75.22   7.0594   4.4
75.24   7.89058   4.4
75.26   8.87637   4.4
75.28   10.0572   4.4
75.3   11.4876   4.4
75.32   13.2422   4.4
75.34   15.4251   4.4
75.36   18.1854   4.4
75.38   21.7416   4.66279
75.4   26.4274   5.14076
75.42   32.7845   5.72577
75.44   41.7828   6.46396
75.46   55.3232   7.43796
75.48   77.1577   8.78395
75.5   113.918   10.6732
75.52   174.981   13.228
75.54   268.436   16.384
75.56   384.244   19.6021
75.58   456.501   21.3659
75.6   408.994   20.2236
75.62   294.855   17.1713
75.64   193.878   13.924
75.66   125.698   11.2115
75.68   84.1374   9.17264
75.7   59.5132   7.71448
75.72   44.4543   6.66741
75.74   34.6105   5.88307
75.76   27.7437   5.26723
75.78   22.7249   4.76707
75.8   18.939   4.4
75.82   16.0148   4.4
75.84   13.7117   4.4
75.86   12.0501   4.4
75.88   10.5562   4.4
75.9   9.32758   4.4
75.92   8.30557   4.4
75.94   7.4469   4.4
75.96   6.71898   4.4
75.98   6.09697   4.4
76   5.56162   4.4
76.02   5.09788   4.4
76.04   4.69383   4.4
76.06   4.33994   4.4
76.08   4.02853   4.4
76.1   3.75334   4.4
76.12   3.50925   4.4
76.14   3.29202   4.4
76.16   3.09814   4.4
76.18   2.92465   4.4
76.2   2.7691   4.4
76.22   2.6294   4.4
76.24   2.50377   4.4
76.26   2.39073   4.4
76.28   2.28898   4.4
76.3   2.19742   4.4
76.32   2.11513   4.4
76.34   2.0413   4.4
76.36   1.97524   4.4
76.38   1.91638   4.4
76.4   1.86421   4.4
76.42   1.81831   4.4
76.44   1.77836   4.4
76.46   1.74405   4.4
76.48   1.71518   4.4
76.5   1.69159   4.4
76.52   1.67315   4.4
76.54   1.65981   4.4
76.56   1.65158   4.4
76.58   1.64849   4.4
76.6   1.65066   4.4
76.62   1.65825   4.4
76.64   1.67149   4.4
76.66   1.6907   4.4
76.68   1.71625   4.4
76.7   1.74862   4.4
76.72   1.78842   4.4
76.74   1.83635   4.4
76.76   1.89328   4.4
76.78   1.96028   4.4
76.8   2.03862   4.4
76.82   2.12984   4.4
76.84   2.23584   4.4
76.86   2.35891   4.4
76.88   2.50192   4.4
76.9   2.66836   4.4
76.92   2.86264   4.4
76.94   3.0903   4.4
76.96   3.35838   4.4
76.98   3.67594   4.4
77   4.05479   4.4
77.02   4.51051   4.4
77.04   4.61997   4.4
77.06   5.31163   4.4
77.08   6.16865   4.4
77.1   7.24731   4.4
77.12   8.6295   4.4
77.14   10.4386   4.4
77.16   12.8711   4.4
77.18   16.2685   4.4
77.2   21.2871   4.6138
77.22   29.2351   5.40695
77.24   42.5222   6.52091
77.26   64.8167   8.05088
77.28   99.9946   9.99973
77.3   147.244   12.1344
77.32   186.631   13.6613
77.34   180.796   13.446
77.36   136.483   11.6826
77.38   91.1327   9.54634
77.4   58.9886   7.6804
77.42   39.0097   6.24577
77.44   27.1561   5.21115
77.46   20.0057   4.47277
77.48   15.4216   4.4
77.5   12.2751   4.4
77.52   10.0005   4.4
77.54   8.29771   4.4
77.56   6.99026   4.4
77.58   5.9657   4.4
77.6   5.14874   4.4
77.62   4.48735   4.4
77.64   3.94471   4.4
77.66   3.4942   4.4
77.68   3.11621   4.4
77.7   2.79607   4.4
77.72   2.5226   4.4
77.74   2.2872   4.4
77.76   2.08313   4.4
77.78   1.90511   4.4
77.8   1.74889   4.4
77.82   1.61106   4.4
77.84   1.48886   4.4
77.86   1.38002   4.4
77.88   1.28266   4.4
77.9   1.19522   4.4
77.92   1.11641   4.4
77.94   1.04513   4.4
77.96   0.980455   4.4
77.98   0.921589   4.4
78   0.86786   4.4
78.02   0.818688   4.4
78.04   0.773574   4.4
78.06   0.732083   4.4
78.08   0.693838   4.4
78.1   0.65851   4.4
78.12   0.625809   4.4
78.14   0.595482   4.4
78.16   0.567305   4.4
78.18   0.541079   4.4
78.2   0.516628   4.4
78.22   0.493797   4.4
78.24   0.472445   4.4
78.26   0.452447   4.4
78.28   0.433692   4.4
78.3   0.416078   4.4
78.32   0.399514   4.4
78.34   0.38392   4.4
78.36   0.369221   4.4
78.38   0.355349   4.4
78.4   0.342244   4.4
78.42   0.32985   4.4
78.44   0.318117   4.4
78.46   0.306999   4.4
78.48   0.296453   4.4
78.5   0.286442   4.4
78.52   0.276928   4.4
78.54   0.267881   4.4
78.56   0.259269   4.4
78.58   0.251066   4.4
78.6   0.243246   4.4
78.62   0.235786   4.4
78.64   0.228663   4.4
78.66   0.221859   4.4
78.68   0.215353   4.4
78.7   0.209129   4.4
78.72   0.203172   4.4
78.74   0.197465   4.4
78.76   0.191995   4.4
78.78   0.186749   4.4
78.8   0.181715   4.4
78.82   0   4.4
78.84   0   4.4
78.86   0   4.4
78.88   0   4.4
78.9   0   4.4
78.92   0   4.4
78.94   0   4.4
78.96   0   4.4
78.98   0   4.4
79   0   4.4
79.02   0   4.4
79.04   0   4.4
79.06   0   4.4
79.08   0   4.4
79.1   0   4.4
79.12   0   4.4
79.14   0   4.4
79.16   0   4.4
79.18   0   4.4
79.2   0   4.4
79.22   0   4.4
79.24   0   4.4
79.26   0   4.4
79.28   0   4.4
79.3   0   4.4
79.32   0   4.4
79.34   0   4.4
79.36   0   4.4
79.38   0   4.4
79.4   0   4.4
79.42   0   4.4
79.44   0   4.4
79.46   0   4.4
79.48   0   4.4
79.5   0   4.4
79.52   0   4.4
79.54   0   4.4
79.56   0   4.4
79.58   0   4.4
79.6   0   4.4
79.62   0   4.4
79.64   0   4.4
79.66   0   4.4
79.68   0   4.4
79.7   0   4.4
79.72   0   4.4
79.74   0   4.4
79.76   0   4.4
79.78   0   4.4
79.8   0   4.4
79.82   0   4.4
79.84   0   4.4
79.86   0   4.4
79.88   0   4.4
79.9   0   4.4
79.92   0   4.4
79.94   0   4.4
79.96   0   4.4
79.98   0   4.4
80   0   4.4
