1.54056
20   0   4.4
20.02   0   4.4
20.04   0   4.4
20.06   0   4.4
20.08   0   4.4
20.1   0   4.4
20.12   0   4.4
20.14   0   4.4
20.16   0   4.4
20.18   0   4.4
20.2   0   4.4
20.22   0   4.4
20.24   0   4.4
20.26   0   4.4
20.28   0   4.4
20.3   0   4.4
20.32   0   4.4
20.34   0   4.4
20.36   0   4.4
20.38   0   4.4
20.4   0.720313   4.4
20.42   0.740643   4.4
20.44   0.761845   4.4
20.46   0.783971   4.4
20.48   0.807075   4.4
20.5   0.831214   4.4
20.52   0.856453   4.4
20.54   0.882858   4.4
20.56   0.910503   4.4
20.58   0.939466   4.4
20.6   0.969832   4.4
20.62   1.00169   4.4
20.64   1.03515   4.4
20.66   1.07031   4.4
20.68   1.1073   4.4
20.7   1.14623   4.4
20.72   1.18725   4.4
20.74   1.23051   4.4
20.76   1.27618   4.4
20.78   1.32443   4.4
20.8   1.37548   4.4
20.82   1.42952   4.4
20.84   1.48682   4.4
20.86   1.54763   4.4
20.88   1.61224   4.4
20.9   1.68098   4.4
20.92   1.75421   4.4
20.94   1.83233   4.4
20.96   1.91577   4.4
20.98   2.00504   4.4
21   2.1007   4.4
21.02   2.20335   4.4
21.04   2.31371   4.4
21.06   2.43256   4.4
21.08   2.5608   4.4
21.1   2.69943   4.4
21.12   2.84961   4.4
21.14   3.01267   4.4
21.16   3.1901   4.4
21.18   3.38365   4.4
21.2   3.59533   4.4
21.22   3.82747   4.4
21.24   4.08278   4.4
21.26   4.36445   4.4
21.28   4.67623   4.4
21.3   5.02254   4.4
21.32   5.40868   4.4
21.34   5.84097   4.4
21.36   6.32703   4.4
21.38   6.87613   4.4
21.4   7.49962   4.4
21.42   8.2115   4.4
21.44   9.0292   4.4
21.46   9.97466   4.4
21.48   11.0758   4.4
21.5   12.3684   4.4
21.52   13.8992   4.4
21.54   15.73   4.4
21.56   17.9437   4.4
21.58   20.6535   4.54462
21.6   24.0172   4.90074
21.62   28.2593   5.31594
21.64   33.7078   5.80585
21.66   40.8598   6.39217
21.68   50.5128   7.10724
21.7   64.0715   8.00447
21.72   84.2606   9.17936
21.74   116.494   10.7932
21.76   170.574   13.0604
21.78   260.972   16.1546
21.8   401.844   20.046
21.82   585.039   24.1876
21.84   721.687   26.8642
21.86   675.299   25.9865
21.88   498.97   22.3376
21.9   330.689   18.1849
21.92   214.106   14.6324
21.94   142.306   11.9292
21.96   99.7577   9.98788
21.98   73.9467   8.59923
22   57.2582   7.56692
22.02   45.7199   6.76165
22.04   37.3375   6.11044
22.06   31.0407   5.57142
22.08   26.1931   5.11792
22.1   22.386   4.73138
22.12   19.3444   4.4
22.14   16.8779   4.4
22.16   14.8511   4.4
22.18   13.1663   4.4
22.2   11.751   4.4
22.22   10.551   4.4
22.24   9.52498   4.4
22.26   8.64099   4.4
22.28   7.87409   4.4
22.3   7.20455   4.4
22.32   6.61662   4.4
22.34   6.09761   4.4
22.36   5.63717   4.4
22.38   5.22684   4.4
22.4   4.85963   4.4
22.42   4.5297   4.4
22.44   4.23219   4.4
22.46   3.963   4.4
22.48   3.71865   4.4
22.5   3.49617   4.4
22.52   3.29305   4.4
22.54   3.1071   4.4
22.56   2.93644   4.4
22.58   2.77945   4.4
22.6   2.6347   4.4
22.62   2.50095   4.4
22.64   2.37712   4.4
22.66   2.26226   4.4
22.68   2.15551   4.4
22.7   2.05614   4.4
22.72   1.96348   4.4
22.74   1.87693   4.4
22.76   1.79598   4.4
22.78   1.72015   4.4
22.8   1.64902   4.4
22.82   1.58221   4.4
22.84   1.51938   4.4
22.86   1.46021   4.4
22.88   1.40443   4.4
22.9   1.35178   4.4
22.92   1.30204   4.4
22.94   1.25499   4.4
22.96   1.21044   4.4
22.98   1.16823   4.4
23   1.12818   4.4
23.02   1.09016   4.4
23.04   1.05402   4.4
23.06   1.01965   4.4
23.08   0.986937   4.4
23.1   0.955771   4.4
23.12   0.926057   4.4
23.14   0.897707   4.4
23.16   0.870638   4.4
23.18   0.844775   4.4
23.2   0.820047   4.4
23.22   0.796388   4.4
23.24   0.773739   4.4
23.26   0.752042   4.4
23.28   0.731244   4.4
23.3   0.711297   4.4
23.32   0   4.4
23.34   0   4.4
23.36   0   4.4
23.38   0   4.4
23.4   0   4.4
23.42   0   4.4
23.44   0   4.4
23.46   0   4.4
23.48   0   4.4
23.5   0   4.4
23.52   0   4.4
23.54   0   4.4
23.56   0   4.4
23.58   0   4.4
23.6   0   4.4
23.62   0   4.4
23.64   0   4.4
23.66   0   4.4
23.68   0   4.4
23.7   0   4.4
23.72   0   4.4
23.74   0   4.4
23.76   0   4.4
23.78   0   4.4
23.8   0   4.4
23.82   0   4.4
23.84   0   4.4
23.86   0   4.4
23.88   0   4.4
23.9   0   4.4
23.92   0   4.4
23.94   0   4.4
23.96   0   4.4
23.98   0   4.4
24   0   4.4
24.02   0   4.4
24.04   0   4.4
24.06   0   4.4
24.08   0   4.4
24.1   0   4.4
24.12   0   4.4
24.14   0   4.4
24.16   0   4.4
24.18   0   4.4
24.2   0   4.4
24.22   0   4.4
24.24   0   4.4
24.26   0   4.4
24.28   0   4.4
24.3   0   4.4
24.32   0   4.4
24.34   0   4.4
24.36   0   4.4
24.38   0   4.4
24.4   0   4.4
24.42   0   4.4
24.44   0   4.4
24.46   0   4.4
24.48   0   4.4
24.5   0   4.4
24.52   0   4.4
24.54   0   4.4
24.56   0   4.4
24.58   0   4.4
24.6   0   4.4
24.62   0   4.4
24.64   0   4.4
24.66   0   4.4
24.68   0   4.4
24.7   0   4.4
24.72   7.29964   4.4
24.74   7.50228   4.4
24.76   7.71348   4.4
24.78   7.93371   4.4
24.8   8.16351   4.4
24.82   8.40343   4.4
24.84   8.65409   4.4
24.86   8.91612   4.4
24.88   9.19023   4.4
24.9   9.47718   4.4
24.92   9.77776   4.4
24.94   10.0929   4.4
24.96   10.4235   4.4
24.98   10.7705   4.4
25   11.1352   4.4
25.02   11.5188   4.4
25.04   11.9225   4.4
25.06   12.3477   4.4
25.08   12.7961   4.4
25.1   13.2694   4.4
25.12   13.7694   4.4
25.14   14.2982   4.4
25.16   14.858   4.4
25.18   15.4514   4.4
25.2   16.0809   4.4
25.22   16.7497   4.4
25.24   17.4611   4.4
25.26   18.2187   4.4
25.28   19.0267   4.4
25.3   19.8895   4.45977
25.32   20.8124   4.56206
25.34   21.8009   4.66915
25.36   22.8615   4.78137
25.38   24.0013   4.89911
25.4   25.2284   5.02279
25.42   26.5519   5.15286
25.44   27.9822   5.28982
25.46   29.5311   5.43425
25.48   31.212   5.58677
25.5   33.0404   5.74808
25.52   35.0339   5.91894
25.54   37.2131   6.10025
25.56   39.6016   6.29298
25.58   42.2271   6.49824
25.6   45.1221   6.7173
25.62   48.3244   6.95157
25.64   51.8791   7.20272
25.66   55.8397   7.4726
25.68   60.2703   7.76339
25.7   65.2479   8.07761
25.72   70.866   8.41819
25.74   77.239   8.78857
25.76   84.5077   9.19281
25.78   92.8474   9.63573
25.8   102.478   10.1231
25.82   113.678   10.662
25.84   126.806   11.2608
25.86   142.327   11.9301
25.88   160.855   12.6829
25.9   183.21   13.5355
25.92   210.51   14.509
25.94   244.306   15.6303
25.96   286.794   16.935
25.98   341.172   18.4708
26   412.238   20.3036
26.02   507.599   22.53
26.04   640.392   25.306
26.06   835.726   28.9089
26.08   1143.69   33.8185
26.1   1657.37   40.7109
26.12   2520.72   50.2067
26.14   3891.48   62.3817
26.16   5762.09   75.9084
26.18   7405.61   86.0558
26.2   7311.55   85.5076
26.22   5588.9   74.759
26.24   3748.98   61.2289
26.26   2427.04   49.265
26.28   1600.93   40.0116
26.3   1110.29   33.321
26.32   815.133   28.5505
26.34   626.781   25.0356
26.36   498.019   22.3163
26.38   405.196   20.1295
26.4   335.838   18.3259
26.42   282.662   16.8126
26.44   241.043   15.5256
26.46   207.892   14.4185
26.48   181.078   13.4565
26.5   159.097   12.6134
26.52   140.861   11.8685
26.54   125.571   11.2059
26.56   112.628   10.6126
26.58   101.578   10.0786
26.6   92.0707   9.59535
26.62   83.8326   9.15602
26.64   76.6486   8.75492
26.66   70.3467   8.3873
26.68   64.7888   8.04915
26.7   59.8625   7.73709
26.72   55.4759   7.44821
26.74   51.5531   7.18005
26.76   48.0312   6.93045
26.78   44.8574   6.69757
26.8   41.9875   6.47977
26.82   39.3838   6.27565
26.84   37.0146   6.08397
26.86   34.8526   5.90361
26.88   32.8743   5.73361
26.9   31.0595   5.5731
26.92   29.3907   5.42132
26.94   27.8527   5.27756
26.96   26.4322   5.14122
26.98   25.1175   5.01173
27   23.8983   4.88859
27.02   22.7658   4.77135
27.04   21.7118   4.65959
27.06   20.7292   4.55293
27.08   19.8118   4.45105
27.1   18.9539   4.4
27.12   18.1505   4.4
27.14   17.3971   4.4
27.16   16.6896   4.4
27.18   16.0244   4.4
27.2   15.3981   4.4
27.22   14.8078   4.4
27.24   14.2508   4.4
27.26   13.7246   4.4
27.28   14.2786   4.4
27.3   13.8371   4.4
27.32   13.4215   4.4
27.34   13.0303   4.4
27.36   12.6619   4.4
27.38   12.3151   4.4
27.4   11.9886   4.4
27.42   11.6812   4.4
27.44   11.3921   4.4
27.46   11.1202   4.4
27.48   10.8648   4.4
27.5   10.6251   4.4
27.52   10.4005   4.4
27.54   10.1903   4.4
27.56   9.99412   4.4
27.58   9.81137   4.4
27.6   9.64169   4.4
27.62   9.48473   4.4
27.64   9.34022   4.4
27.66   9.20794   4.4
27.68   1.99922   4.4
27.7   2.07714   4.4
27.72   2.1597   4.4
27.74   2.24727   4.4
27.76   2.34028   4.4
27.78   2.43917   4.4
27.8   2.54446   4.4
27.82   2.65672   4.4
27.84   2.77656   4.4
27.86   2.90469   4.4
27.88   3.04188   4.4
27.9   3.18902   4.4
27.92   3.34709   4.4
27.94   3.51718   4.4
27.96   3.70056   4.4
27.98   3.89865   4.4
28   4.11305   4.4
28.02   4.3456   4.4
28.04   4.59841   4.4
28.06   4.8739   4.4
28.08   5.17486   4.4
28.1   5.50452   4.4
28.12   5.86664   4.4
28.14   6.26562   4.4
28.16   6.70661   4.4
28.18   7.19571   4.4
28.2   7.74018   4.4
28.22   8.34865   4.4
28.24   9.03152   4.4
28.26   9.80141   4.4
28.28   10.6737   4.4
28.3   11.6672   4.4
28.32   12.8055   4.4
28.34   14.1178   4.4
28.36   15.6414   4.4
28.38   17.4239   4.4
28.4   19.5268   4.41891
28.42   22.031   4.69372
28.44   25.0446   5.00446
28.46   38.4699   6.20241
28.48   43.2699   6.57799
28.5   49.2242   7.01599
28.52   56.7447   7.53291
28.54   66.4451   8.15138
28.56   79.2819   8.90404
28.58   96.8688   9.8422
28.6   122.223   11.0554
28.62   161.356   12.7026
28.64   225.753   15.0251
28.66   334.146   18.2797
28.68   509.458   22.5712
28.7   760.725   27.5812
28.72   1018.95   31.9209
28.74   1077.62   32.8271
28.76   869.91   29.4942
28.78   600.851   24.5123
28.8   396.159   19.9038
28.82   265.546   16.2956
28.84   187.78   13.7033
28.86   141.681   11.903
28.88   113.032   10.6317
28.9   94.0246   9.69663
28.92   80.7342   8.98522
28.94   71.1348   8.43414
28.96   64.0737   8.00461
28.98   58.833   7.67027
29   54.9398   7.41214
29.02   52.0724   7.21612
29.04   50.0071   7.07157
29.06   48.5858   6.97035
29.08   47.6952   6.90617
29.1   47.2541   6.87416
29.12   47.2043   6.87053
29.14   47.5046   6.89236
29.16   48.1274   6.93739
29.18   49.0551   7.00393
29.2   50.279   7.09077
29.22   51.7979   7.19707
29.24   53.6171   7.32237
29.26   55.7486   7.4665
29.28   58.2106   7.62959
29.3   61.0281   7.81205
29.32   64.2334   8.01457
29.34   67.8669   8.23814
29.36   71.9785   8.48401
29.38   76.6294   8.75382
29.4   81.894   9.04953
29.42   87.8634   9.37355
29.44   94.6485   9.72875
29.46   102.386   10.1186
29.48   111.244   10.5472
29.5   121.433   11.0197
29.52   133.216   11.5419
29.54   146.925   12.1213
29.56   162.987   12.7666
29.58   181.953   13.489
29.6   204.546   14.302
29.62   231.729   15.2227
29.64   264.805   16.2728
29.66   305.566   17.4805
29.68   356.536   18.8822
29.7   421.343   20.5266
29.72   505.364   22.4803
29.74   616.92   24.8379
29.76   769.861   27.7464
29.78   989.72   31.4598
29.8   1327.2   36.4308
29.82   1880.48   43.3645
29.84   2814.47   53.0516
29.86   4342.26   65.8959
29.88   6588.64   81.1704
29.9   9074.77   95.2616
29.92   10000   100
29.94   8321.06   91.2199
29.96   5782.61   76.0435
29.98   3765.14   61.3607
30   2454.31   49.541
30.02   1666.79   40.8263
30.04   1198.58   34.6206
30.06   907.374   30.1227
30.08   713.225   26.7063
30.1   575.732   23.9944
30.12   474.22   21.7766
30.14   397.083   19.9269
30.16   337.15   18.3616
30.18   289.71   17.0209
30.2   251.548   15.8603
30.22   219.407   14.8124
30.24   193.713   13.9181
30.26   172.253   13.1245
30.28   154.151   12.4158
30.3   138.745   11.779
30.32   125.527   11.2039
30.34   114.104   10.6819
30.36   104.166   10.2062
30.38   95.4675   9.77075
30.4   87.8111   9.37076
30.42   81.0374   9.00208
30.44   75.016   8.66118
30.46   69.6399   8.34505
30.48   64.8202   8.0511
30.5   60.483   7.77708
30.52   56.566   7.52104
30.54   53.0168   7.28126
30.56   49.7908   7.05626
30.58   46.85   6.84471
30.6   44.1619   6.64544
30.62   41.6982   6.45742
30.64   39.4348   6.27971
30.66   37.3505   6.11151
30.68   35.427   5.95206
30.7   33.6482   5.80071
30.72   31.9999   5.65684
30.74   30.4696   5.51993
30.76   29.0465   5.38948
30.78   27.7206   5.26504
30.8   26.4834   5.1462
30.82   25.3272   5.03261
30.84   24.2449   4.92391
30.86   23.2306   4.81981
30.88   22.2785   4.72001
30.9   21.3837   4.62425
30.92   20.5417   4.5323
30.94   19.7485   4.44393
30.96   19.0003   4.4
30.98   18.2938   4.4
31   17.6259   4.4
31.02   16.994   4.4
31.04   16.3954   4.4
31.06   15.8279   4.4
31.08   15.2893   4.4
31.1   14.7777   4.4
31.12   14.2914   4.4
31.14   13.8286   4.4
31.16   13.388   4.4
31.18   12.9681   4.4
31.2   12.5677   4.4
31.22   12.1855   4.4
31.24   11.8204   4.4
31.26   11.4715   4.4
31.28   11.1379   4.4
31.3   10.8185   4.4
31.32   10.5127   4.4
31.34   10.2197   4.4
31.36   9.93877   4.4
31.38   0   4.4
31.4   0   4.4
31.42   0   4.4
31.44   0   4.4
31.46   0   4.4
31.48   0   4.4
31.5   0   4.4
31.52   0   4.4
31.54   0   4.4
31.56   0   4.4
31.58   0   4.4
31.6   0   4.4
31.62   0   4.4
31.64   0   4.4
31.66   0   4.4
31.68   0   4.4
31.7   0   4.4
31.72   0   4.4
31.74   0   4.4
31.76   0   4.4
31.78   0   4.4
31.8   0   4.4
31.82   0   4.4
31.84   0   4.4
31.86   0   4.4
31.88   0   4.4
31.9   0   4.4
31.92   0   4.4
31.94   0   4.4
31.96   0   4.4
31.98   0   4.4
32   0   4.4
32.02   0   4.4
32.04   0   4.4
32.06   0   4.4
32.08   0   4.4
32.1   0   4.4
32.12   0   4.4
32.14   0   4.4
32.16   0   4.4
32.18   0   4.4
32.2   0   4.4
32.22   0   4.4
32.24   0   4.4
32.26   0   4.4
32.28   0   4.4
32.3   0   4.4
32.32   0   4.4
32.34   0   4.4
32.36   0   4.4
32.38   0   4.4
32.4   0   4.4
32.42   0   4.4
32.44   0   4.4
32.46   0   4.4
32.48   0   4.4
32.5   0   4.4
32.52   0   4.4
32.54   0   4.4
32.56   0   4.4
32.58   0   4.4
32.6   0   4.4
32.62   0   4.4
32.64   0   4.4
32.66   0   4.4
32.68   0   4.4
32.7   0   4.4
32.72   0   4.4
32.74   0   4.4
32.76   0   4.4
32.78   0   4.4
32.8   0   4.4
32.82   0   4.4
32.84   0   4.4
32.86   0   4.4
32.88   0   4.4
32.9   0   4.4
32.92   0   4.4
32.94   0   4.4
32.96   0   4.4
32.98   0   4.4
33   0   4.4
33.02   0   4.4
33.04   0   4.4
33.06   0   4.4
33.08   0   4.4
33.1   0   4.4
33.12   0   4.4
33.14   0   4.4
33.16   0   4.4
33.18   0   4.4
33.2   0   4.4
33.22   0   4.4
33.24   0   4.4
33.26   0   4.4
33.28   0   4.4
33.3   0   4.4
33.32   0   4.4
33.34   0   4.4
33.36   0   4.4
33.38   0   4.4
33.4   0   4.4
33.42   0   4.4
33.44   0   4.4
33.46   0   4.4
33.48   0   4.4
33.5   0   4.4
33.52   0   4.4
33.54   0   4.4
33.56   0   4.4
33.58   0   4.4
33.6   0   4.4
33.62   0   4.4
33.64   0   4.4
33.66   0   4.4
33.68   0   4.4
33.7   0   4.4
33.72   0   4.4
33.74   0   4.4
33.76   0   4.4
33.78   0   4.4
33.8   0   4.4
33.82   0   4.4
33.84   0   4.4
33.86   0   4.4
33.88   0   4.4
33.9   0.0955379   4.4
33.92   0.0981869   4.4
33.94   0.100947   4.4
33.96   0.103826   4.4
33.98   0.10683   4.4
34   0.109965   4.4
34.02   0.113241   4.4
34.04   0.116665   4.4
34.06   0.120247   4.4
34.08   0.123997   4.4
34.1   0.127924   4.4
34.12   0.132041   4.4
34.14   0.136359   4.4
34.16   0.140893   4.4
34.18   0.145657   4.4
34.2   0.150667   4.4
34.22   0.155939   4.4
34.24   0.161492   4.4
34.26   0.167348   4.4
34.28   0.173527   4.4
34.3   0.180056   4.4
34.32   0.186959   4.4
34.34   0.194266   4.4
34.36   0.20201   4.4
34.38   0.210227   4.4
34.4   0.218954   4.4
34.42   0.228236   4.4
34.44   0.23812   4.4
34.46   0.24866   4.4
34.48   0.259915   4.4
34.5   0.27195   4.4
34.52   0.284841   4.4
34.54   0.298668   4.4
34.56   0.313527   4.4
34.58   0.329521   4.4
34.6   0.346769   4.4
34.62   0.365405   4.4
34.64   0.385582   4.4
34.66   0.407476   4.4
34.68   0.431284   4.4
34.7   0.457238   4.4
34.72   0.485603   4.4
34.74   0.516685   4.4
34.76   0.550843   4.4
34.78   0.588495   4.4
34.8   0.630132   4.4
34.82   0.676338   4.4
34.84   0.727802   4.4
34.86   0.785351   4.4
34.88   0.849981   4.4
34.9   0.922897   4.4
34.92   1.00557   4.4
34.94   1.09982   4.4
34.96   1.2079   4.4
34.98   1.33263   4.4
35   1.4776   4.4
35.02   1.64741   4.4
35.04   1.84801   4.4
35.06   2.08725   4.4
35.08   2.37563   4.4
35.1   2.72741   4.4
35.12   3.16234   4.4
35.14   3.70836   4.4
35.16   4.40601   4.4
35.18   5.31596   4.4
35.2   6.53377   4.4
35.22   8.22309   4.4
35.24   10.6943   4.4
35.26   14.5667   4.4
35.28   21.0039   4.583
35.3   31.8426   5.64293
35.32   49.1864   7.0133
35.34   73.3252   8.56302
35.36   95.9232   9.79404
35.38   97.1529   9.85662
35.4   75.5895   8.69422
35.42   51.0494   7.14489
35.44   33.0674   5.75042
35.46   21.7419   4.66283
35.48   15.0034   4.4
35.5   10.9635   4.4
35.52   8.40105   4.4
35.54   6.65902   4.4
35.56   5.40803   4.4
35.58   4.47574   4.4
35.6   3.76239   4.4
35.62   3.20499   4.4
35.64   2.76165   4.4
35.66   2.40351   4.4
35.68   2.11024   4.4
35.7   1.86717   4.4
35.72   1.66355   4.4
35.74   1.49133   4.4
35.76   1.3444   4.4
35.78   1.21806   4.4
35.8   1.10865   4.4
35.82   1.01329   4.4
35.84   0.929686   4.4
35.86   0.855982   4.4
35.88   0.790682   4.4
35.9   0.732559   4.4
35.92   2.61464   4.4
35.94   2.62224   4.4
35.96   2.63678   4.4
35.98   2.6578   4.4
36   2.68494   4.4
36.02   2.71793   4.4
36.04   2.75658   4.4
36.06   2.80075   4.4
36.08   2.85037   4.4
36.1   2.9054   4.4
36.12   2.96588   4.4
36.14   3.03186   4.4
36.16   3.10345   4.4
36.18   3.1808   4.4
36.2   3.26411   4.4
36.22   3.35358   4.4
36.24   3.44951   4.4
36.26   3.55219   4.4
36.28   3.662   4.4
36.3   3.77933   4.4
36.32   3.90464   4.4
36.34   4.03846   4.4
36.36   4.18136   4.4
36.38   4.33399   4.4
36.4   4.49706   4.4
36.42   4.67138   4.4
36.44   4.85786   4.4
36.46   5.05749   4.4
36.48   5.27139   4.4
36.5   5.50083   4.4
36.52   5.74722   4.4
36.54   6.01213   4.4
36.56   6.29735   4.4
36.58   6.6049   4.4
36.6   6.93705   4.4
36.62   7.29639   4.4
36.64   7.68585   4.4
36.66   8.10881   4.4
36.68   8.56909   4.4
36.7   9.07113   4.4
36.72   9.62002   4.4
36.74   10.2217   4.4
36.76   10.883   4.4
36.78   11.6119   4.4
36.8   12.418   4.4
36.82   13.3124   4.4
36.84   14.3083   4.4
36.86   15.3283   4.4
36.88   16.5804   4.4
36.9   17.9917   4.4
36.92   19.5904   4.42611
36.94   21.4111   4.62721
36.96   23.4965   4.84732
36.98   25.9004   5.08924
37   28.6905   5.35635
37.02   31.9537   5.65276
37.04   35.8024   5.98351
37.06   40.3841   6.35485
37.08   45.8956   6.77463
37.1   52.6033   7.25281
37.12   60.8748   7.80223
37.14   71.2284   8.43969
37.16   84.4116   9.18758
37.18   101.536   10.0765
37.2   124.334   11.1505
37.22   155.716   12.4786
37.24   201.107   14.1812
37.26   271.315   16.4717
37.28   387.056   19.6737
37.3   582.366   24.1323
37.32   899.474   29.9912
37.34   1357.13   36.8392
37.36   1836.45   42.8538
37.38   1962.1   44.2956
37.4   1590.26   39.8781
37.42   1092.2   33.0484
37.44   709.304   26.6328
37.46   463.62   21.5318
37.48   316.644   17.7945
37.5   229.042   15.1341
37.52   174.17   13.1973
37.54   137.316   11.7182
37.56   111.077   10.5393
37.58   91.6357   9.57265
37.6   76.8246   8.76496
37.62   65.293   8.08041
37.64   56.1491   7.49327
37.66   48.7825   6.98445
37.68   42.7646   6.53946
37.7   37.7874   6.14715
37.72   33.6258   5.79877
37.74   30.1118   5.48742
37.76   27.1183   5.20753
37.78   24.548   4.95459
37.8   22.4854   4.74187
37.82   20.5545   4.53371
37.84   18.8641   4.4
37.86   17.3761   4.4
37.88   16.0597   4.4
37.9   14.8897   4.4
37.92   13.8454   4.4
37.94   12.9097   4.4
37.96   12.0681   4.4
37.98   11.3086   4.4
38   10.6211   4.4
38.02   9.99693   4.4
38.04   9.4287   4.4
38.06   8.91013   4.4
38.08   8.43576   4.4
38.1   8.00091   4.4
38.12   7.60148   4.4
38.14   7.23394   4.4
38.16   6.89518   4.4
38.18   6.58248   4.4
38.2   6.29345   4.4
38.22   6.02601   4.4
38.24   5.77829   4.4
38.26   5.54865   4.4
38.28   5.33566   4.4
38.3   5.13803   4.4
38.32   4.95462   4.4
38.34   4.78443   4.4
38.36   4.62658   4.4
38.38   4.48029   4.4
38.4   4.34488   4.4
38.42   4.21974   4.4
38.44   4.10438   4.4
38.46   3.99834   4.4
38.48   3.90127   4.4
38.5   3.81289   4.4
38.52   3.73295   4.4
38.54   3.66133   4.4
38.56   3.59792   4.4
38.58   3.54274   4.4
38.6   3.49585   4.4
38.62   3.45742   4.4
38.64   3.4277   4.4
38.66   3.40706   4.4
38.68   3.40425   4.4
38.7   3.4036   4.4
38.72   3.41397   4.4
38.74   3.43636   4.4
38.76   3.47204   4.4
38.78   3.52257   4.4
38.8   3.58989   4.4
38.82   3.67642   4.4
38.84   1.87978   4.4
38.86   2.06551   4.4
38.88   2.28012   4.4
38.9   2.52985   4.4
38.92   2.82279   4.4
38.94   3.16939   4.4
38.96   3.58352   4.4
38.98   4.08373   4.4
39   4.69531   4.4
39.02   5.45347   4.4
39.04   6.40821   4.4
39.06   7.63242   4.4
39.08   9.23612   4.4
39.1   11.3948   4.4
39.12   14.415   4.4
39.14   18.8876   4.4
39.16   25.9891   5.09795
39.18   37.8756   6.15431
39.2   57.797   7.60244
39.22   89.1086   9.43974
39.24   130.747   11.4345
39.26   164.308   12.8183
39.28   157.395   12.5457
39.3   117.98   10.8618
39.32   78.5863   8.86489
39.34   50.8783   7.1329
39.36   33.71   5.80603
39.38   23.5296   4.85074
39.4   17.3785   4.4
39.42   13.425   4.4
39.44   10.7056   4.4
39.46   8.73723   4.4
39.48   7.26271   4.4
39.5   6.1303   4.4
39.52   5.24304   4.4
39.54   4.53593   4.4
39.56   3.96402   4.4
39.58   3.49549   4.4
39.6   3.10736   4.4
39.62   2.78267   4.4
39.64   2.50879   4.4
39.66   2.2761   4.4
39.68   2.07723   4.4
39.7   1.90649   4.4
39.72   1.75941   4.4
39.74   1.63251   4.4
39.76   1.52307   4.4
39.78   1.42899   4.4
39.8   1.34871   4.4
39.82   1.2811   4.4
39.84   1.22549   4.4
39.86   1.18166   4.4
39.88   1.14989   4.4
39.9   1.13108   4.4
39.92   1.12697   4.4
39.94   1.14049   4.4
39.96   1.1764   4.4
39.98   1.24256   4.4
40   1.35282   4.4
40.02   1.53383   4.4
40.04   1.83918   4.4
40.06   2.36973   4.4
40.08   3.28449   4.4
40.1   4.76491   4.4
40.12   6.8327   4.4
40.14   8.75673   4.4
40.16   8.82159   4.4
40.18   6.92886   4.4
40.2   4.79298   4.4
40.22   3.22752   4.4
40.24   2.23728   4.4
40.26   1.64289   4.4
40.28   1.28148   4.4
40.3   1.0479   4.4
40.32   0.885623   4.4
40.34   0.7663   4.4
40.36   0.675055   4.4
40.38   0.603257   4.4
40.4   0.545442   4.4
40.42   0.497961   4.4
40.44   0.458296   4.4
40.46   0.424661   4.4
40.48   0.395766   4.4
40.5   0.370654   4.4
40.52   0.348609   4.4
40.54   0.463972   4.4
40.56   0.450352   4.4
40.58   0.438654   4.4
40.6   0.42862   4.4
40.62   0.420046   4.4
40.64   0.412768   4.4
40.66   0.406655   4.4
40.68   0.401601   4.4
40.7   0.39752   4.4
40.72   0.394344   4.4
40.74   0.232906   4.4
40.76   0.235614   4.4
40.78   0.238927   4.4
40.8   0.242831   4.4
40.82   0.247314   4.4
40.84   0.252376   4.4
40.86   0.258019   4.4
40.88   0.264252   4.4
40.9   0.271089   4.4
40.92   0.278548   4.4
40.94   0.286655   4.4
40.96   0.295439   4.4
40.98   0.304935   4.4
41   0.315184   4.4
41.02   0.326235   4.4
41.04   0.33814   4.4
41.06   0.350962   4.4
41.08   0.36477   4.4
41.1   0.379644   4.4
41.12   0.395674   4.4
41.14   0.41296   4.4
41.16   0.431617   4.4
41.18   0.451775   4.4
41.2   0.473581   4.4
41.22   0.497202   4.4
41.24   0.522829   4.4
41.26   0.550679   4.4
41.28   0.581002   4.4
41.3   0.614084   4.4
41.32   0.650255   4.4
41.34   0.689898   4.4
41.36   0.733457   4.4
41.38   0.781451   4.4
41.4   0.83449   4.4
41.42   0.89329   4.4
41.44   0.958702   4.4
41.46   1.03174   4.4
41.48   1.11362   4.4
41.5   1.20581   4.4
41.52   1.3101   4.4
41.54   1.42868   4.4
41.56   1.56425   4.4
41.58   1.7202   4.4
41.6   1.90077   4.4
41.62   2.11141   4.4
41.64   2.35103   4.4
41.66   2.64509   4.4
41.68   2.99741   4.4
41.7   3.42428   4.4
41.72   3.94801   4.4
41.74   4.5998   4.4
41.76   5.42424   4.4
41.78   6.48685   4.4
41.8   7.88762   4.4
41.82   9.78928   4.4
41.84   12.4837   4.4
41.86   16.5434   4.4
41.88   23.0978   4.80601
41.9   34.136   5.8426
41.92   52.4562   7.24266
41.94   80.427   8.96811
41.96   114.862   10.7174
41.98   135.805   11.6535
42   121.037   11.0017
42.02   87.0145   9.32816
42.04   57.1668   7.56088
42.06   37.0725   6.08872
42.08   24.8374   4.98372
42.1   17.5878   4.4
42.12   13.1496   4.4
42.14   10.2445   4.4
42.16   8.21574   4.4
42.18   6.73197   4.4
42.2   5.61211   4.4
42.22   4.74679   4.4
42.24   4.47847   4.4
42.26   3.94382   4.4
42.28   3.51185   4.4
42.3   3.15878   4.4
42.32   2.86734   4.4
42.34   2.62476   4.4
42.36   2.42143   4.4
42.38   2.25003   4.4
42.4   2.1049   4.4
42.42   1.98162   4.4
42.44   1.87671   4.4
42.46   1.78739   4.4
42.48   1.71142   4.4
42.5   1.64702   4.4
42.52   1.59271   4.4
42.54   1.54731   4.4
42.56   1.50983   4.4
42.58   1.47948   4.4
42.6   1.4556   4.4
42.62   1.43766   4.4
42.64   1.42523   4.4
42.66   1.41797   4.4
42.68   1.41561   4.4
42.7   1.41795   4.4
42.72   1.42484   4.4
42.74   1.43621   4.4
42.76   1.45201   4.4
42.78   1.47226   4.4
42.8   1.49702   4.4
42.82   1.52638   4.4
42.84   1.56052   4.4
42.86   1.59962   4.4
42.88   1.64394   4.4
42.9   1.6938   4.4
42.92   1.74957   4.4
42.94   1.8117   4.4
42.96   1.8807   4.4
42.98   1.95719   4.4
43   2.04188   4.4
43.02   2.13559   4.4
43.04   2.2393   4.4
43.06   2.35413   4.4
43.08   2.54169   4.4
43.1   2.70583   4.4
43.12   2.86527   4.4
43.14   3.04277   4.4
43.16   3.24087   4.4
43.18   3.46264   4.4
43.2   3.71171   4.4
43.22   3.99251   4.4
43.24   4.31037   4.4
43.26   4.67186   4.4
43.28   5.08507   4.4
43.3   5.56005   4.4
43.32   6.10945   4.4
43.34   6.74934   4.4
43.36   7.50034   4.4
43.38   8.38931   4.4
43.4   9.45166   4.4
43.42   10.7349   4.4
43.44   12.1717   4.4
43.46   14.1195   4.4
43.48   16.5704   4.4
43.5   19.7103   4.43963
43.52   23.8197   4.88054
43.54   29.3449   5.4171
43.56   37.0634   6.08798
43.58   48.4703   6.96206
43.6   66.5445   8.15748
43.62   96.7663   9.83698
43.64   147.455   12.1431
43.66   227.344   15.0779
43.68   334.353   18.2853
43.7   422.741   20.5607
43.72   408.263   20.2055
43.74   307.658   17.5402
43.76   205.386   14.3313
43.78   133.06   11.5351
43.8   88.1516   9.38891
43.82   61.5197   7.84345
43.84   45.4557   6.74209
43.86   35.1585   5.92946
43.88   28.0947   5.30044
43.9   22.9949   4.7953
43.92   19.185   4.4
43.94   16.2687   4.4
43.96   13.9933   4.4
43.98   12.1896   4.4
44   10.7412   4.4
44.02   9.56569   4.4
44.04   8.60408   4.4
44.06   7.81321   4.4
44.08   7.16127   4.4
44.1   6.62468   4.4
44.12   6.18602   4.4
44.14   5.83265   4.4
44.16   5.55581   4.4
44.18   5.35007   4.4
44.2   5.21311   4.4
44.22   5.1458   4.4
44.24   5.15262   4.4
44.26   5.24244   4.4
44.28   5.43009   4.4
44.3   5.73881   4.4
44.32   6.20457   4.4
44.34   6.88399   4.4
44.36   7.87092   4.4
44.38   9.33541   4.4
44.4   11.6112   4.4
44.42   15.352   4.4
44.44   21.7011   4.65845
44.46   32.2603   5.67981
44.48   48.3565   6.95388
44.5   68.0231   8.24761
44.52   80.3552   8.96411
44.54   74.1215   8.60938
44.56   55.8632   7.47417
44.58   37.85   6.15224
44.6   25.02   5.002
44.62   16.9954   4.4
44.64   12.1818   4.4
44.66   9.23697   4.4
44.68   7.32431   4.4
44.7   5.99681   4.4
44.72   5.02676   4.4
44.74   4.29219   4.4
44.76   3.72116   4.4
44.78   3.26777   4.4
44.8   2.90122   4.4
44.82   2.60017   4.4
44.84   2.34944   4.4
44.86   2.13804   4.4
44.88   1.95784   4.4
44.9   1.80271   4.4
44.92   1.668   4.4
44.94   1.55007   4.4
44.96   1.4461   4.4
44.98   1.35383   4.4
45   1.27145   4.4
45.02   1.19751   4.4
45.04   1.13081   4.4
45.06   1.07036   4.4
45.08   1.01535   4.4
45.1   0.965098   4.4
45.12   0.919021   4.4
45.14   0.876634   4.4
45.16   0.837521   4.4
45.18   0.390587   4.4
45.2   0.367924   4.4
45.22   0.347175   4.4
45.24   0.32813   4.4
45.26   0.310609   4.4
45.28   0.294452   4.4
45.3   0.279523   4.4
45.32   0.265699   4.4
45.34   0.252876   4.4
45.36   0.240957   4.4
45.38   0.229861   4.4
45.4   0.219514   4.4
45.42   0.209849   4.4
45.44   0.200808   4.4
45.46   0.192339   4.4
45.48   0.184394   4.4
45.5   0.176931   4.4
45.52   0.169911   4.4
45.54   0.163301   4.4
45.56   0.157069   4.4
45.58   0.151187   4.4
45.6   0.145629   4.4
45.62   0.140372   4.4
45.64   0.135394   4.4
45.66   0.130676   4.4
45.68   0.126201   4.4
45.7   0.121951   4.4
45.72   0.117912   4.4
45.74   0.114071   4.4
45.76   0.110414   4.4
45.78   0.10693   4.4
45.8   0.103609   4.4
45.82   0.100439   4.4
45.84   0.0974134   4.4
45.86   0.094522   4.4
45.88   0.0917574   4.4
45.9   0.0891123   4.4
45.92   0.0865799   4.4
45.94   0.0841539   4.4
45.96   0.0818284   4.4
45.98   0.0211627   4.4
46   0   4.4
46.02   0   4.4
46.04   0   4.4
46.06   0   4.4
46.08   0   4.4
46.1   0   4.4
46.12   0   4.4
46.14   0   4.4
46.16   0   4.4
46.18   0   4.4
46.2   0   4.4
46.22   0   4.4
46.24   0   4.4
46.26   0   4.4
46.28   0   4.4
46.3   0.756352   4.4
46.32   0.777577   4.4
46.34   0.799708   4.4
46.36   0.822796   4.4
46.38   0.846899   4.4
46.4   0.872076   4.4
46.42   0.898392   4.4
46.44   0.925917   4.4
46.46   0.954726   4.4
46.48   0.9849   4.4
46.5   1.01653   4.4
46.52   1.0497   4.4
46.54   1.08452   4.4
46.56   1.12111   4.4
46.58   1.15957   4.4
46.6   1.20005   4.4
46.62   1.24269   4.4
46.64   1.28764   4.4
46.66   1.33506   4.4
46.68   1.38516   4.4
46.7   1.43813   4.4
46.72   1.49419   4.4
46.74   1.55359   4.4
46.76   1.61661   4.4
46.78   1.68353   4.4
46.8   1.75469   4.4
46.82   1.83046   4.4
46.84   1.91123   4.4
46.86   1.99747   4.4
46.88   2.08968   4.4
46.9   2.18841   4.4
46.92   2.2943   4.4
46.94   2.40805   4.4
46.96   2.53046   4.4
46.98   2.66244   4.4
47   2.80501   4.4
47.02   2.95932   4.4
47.04   3.1267   4.4
47.06   3.30867   4.4
47.08   3.50697   4.4
47.1   3.72361   4.4
47.12   9.52635   4.4
47.14   9.94137   4.4
47.16   10.3895   4.4
47.18   10.8747   4.4
47.2   11.4018   4.4
47.22   11.9766   4.4
47.24   12.6056   4.4
47.26   13.2968   4.4
47.28   14.06   4.4
47.3   14.9066   4.4
47.32   15.851   4.4
47.34   16.9108   4.4
47.36   18.1078   4.4
47.38   19.4697   4.41245
47.4   21.0315   4.58601
47.42   22.8387   4.77899
47.44   24.9507   4.99507
47.46   27.4465   5.23894
47.48   30.4328   5.51659
47.5   34.0569   5.83583
47.52   38.526   6.20693
47.54   44.1389   6.64371
47.56   51.3403   7.16521
47.58   60.8236   7.79895
47.6   73.7592   8.58832
47.62   92.3369   9.60921
47.64   120.92   10.9964
47.66   167.831   12.9549
47.68   246.605   15.7037
47.7   373.719   19.3318
47.72   555.346   23.5658
47.74   740.654   27.215
47.76   780.528   27.9379
47.78   630.043   25.1007
47.8   437.416   20.9145
47.82   291.576   17.0756
47.84   198.917   14.1038
47.86   144.102   12.0042
47.88   111.961   10.5812
47.9   92.3511   9.60995
47.92   79.7167   8.92842
47.94   71.2748   8.44244
47.96   65.5957   8.09912
47.98   61.8736   7.86598
48   59.6165   7.72117
48.02   58.5111   7.64926
48.04   58.3572   7.63919
48.06   59.0302   7.68311
48.08   60.4601   7.77561
48.1   62.6182   7.91317
48.12   65.5103   8.09385
48.14   69.1735   8.31706
48.16   73.6761   8.58348
48.18   79.1206   8.89497
48.2   85.6491   9.25468
48.22   93.4527   9.6671
48.24   102.785   10.1383
48.26   113.984   10.6763
48.28   127.497   11.2915
48.3   143.932   11.9972
48.32   164.115   12.8107
48.34   189.197   13.7549
48.36   220.81   14.8597
48.38   261.323   16.1655
48.4   314.291   17.7282
48.42   385.316   19.6295
48.44   484.014   22.0003
48.46   628.642   25.0727
48.48   855.648   29.2515
48.5   1233.37   35.1194
48.52   1869.3   43.2354
48.54   2885.64   53.7182
48.56   4295.5   65.54
48.58   5601.33   74.842
48.6   5647.47   75.1496
48.62   4380.31   66.1839
48.64   2955.14   54.3612
48.66   1914.58   43.7559
48.68   1260.12   35.4982
48.7   870.832   29.5099
48.72   637.283   25.2445
48.74   488.966   22.1126
48.76   388.018   19.6982
48.78   315.461   17.7612
48.8   261.351   16.1663
48.82   219.923   14.8298
48.84   187.534   13.6943
48.86   161.757   12.7184
48.88   140.923   11.8711
48.9   123.854   11.129
48.92   109.699   10.4737
48.94   97.8347   9.89114
48.96   87.7941   9.36985
48.98   79.2232   8.90074
49   71.8495   8.47641
49.02   65.4605   8.09076
49.04   59.8887   7.73878
49.06   55.0007   7.41625
49.08   50.6892   7.11963
49.1   46.867   6.84595
49.12   43.4629   6.59264
49.14   40.418   6.35752
49.16   37.6836   6.13869
49.18   35.2187   5.93453
49.2   32.9891   5.74361
49.22   30.9657   5.56469
49.24   28.4005   5.32921
49.26   26.7381   5.17089
49.28   25.2173   5.02169
49.3   23.8225   4.88083
49.32   22.5401   4.74764
49.34   21.3583   4.62151
49.36   20.2671   4.50189
49.38   19.2572   4.4
49.4   18.3209   4.4
49.42   17.4512   4.4
49.44   16.6419   4.4
49.46   15.8875   4.4
49.48   15.1833   4.4
49.5   14.5248   4.4
49.52   13.9082   4.4
49.54   13.3301   4.4
49.56   12.7872   4.4
49.58   12.2767   4.4
49.6   11.7963   4.4
49.62   11.3434   4.4
49.64   10.9161   4.4
49.66   10.5126   4.4
49.68   10.1309   4.4
49.7   9.76968   4.4
49.72   9.42742   4.4
49.74   9.10281   4.4
49.76   8.79468   4.4
49.78   8.50193   4.4
49.8   8.22354   4.4
49.82   7.9586   4.4
49.84   7.70625   4.4
49.86   7.46572   4.4
49.88   7.23626   4.4
49.9   7.01722   4.4
49.92   6.80797   4.4
49.94   6.60794   4.4
49.96   6.41659   4.4
49.98   6.23343   4.4
50   6.058   4.4
50.02   5.88987   4.4
50.04   5.72865   4.4
50.06   5.57394   4.4
50.08   0   4.4
50.1   0   4.4
50.12   0   4.4
50.14   0.015576   4.4
50.16   0.0160077   4.4
50.18   0.0164576   4.4
50.2   0.0169267   4.4
50.22   0.0174162   4.4
50.24   0.0179272   4.4
50.26   0.018461   4.4
50.28   0.019019   4.4
50.3   0.0196027   4.4
50.32   0.0202136   4.4
50.34   0.0208536   4.4
50.36   0.0215244   4.4
50.38   0.022228   4.4
50.4   0.0229668   4.4
50.42   0.0237429   4.4
50.44   0.0245591   4.4
50.46   0.025418   4.4
50.48   0.0263228   4.4
50.5   0.0272768   4.4
50.52   0.0282835   4.4
50.54   0.0293469   4.4
50.56   0.0304714   4.4
50.58   0.0316618   4.4
50.6   0.0329232   4.4
50.62   0.0342615   4.4
50.64   0.035683   4.4
50.66   0.0371948   4.4
50.68   0.0388046   4.4
50.7   0.0405211   4.4
50.72   0.042354   4.4
50.74   0.0443139   4.4
50.76   0.046413   4.4
50.78   0.0486646   4.4
50.8   0.0510839   4.4
50.82   0.0536879   4.4
50.84   0.056496   4.4
50.86   0.0595299   4.4
50.88   0.0628146   4.4
50.9   0.0663783   4.4
50.92   0.0702535   4.4
50.94   0.116507   4.4
50.96   0.12231   4.4
50.98   0.128606   4.4
51   0.135457   4.4
51.02   0.142932   4.4
51.04   0.151116   4.4
51.06   0.160106   4.4
51.08   0.17002   4.4
51.1   0.180994   4.4
51.12   0.193196   4.4
51.14   0.206825   4.4
51.16   0.222127   4.4
51.18   0.239401   4.4
51.2   0.25902   4.4
51.22   0.281448   4.4
51.24   0.307273   4.4
51.26   0.337248   4.4
51.28   0.372347   4.4
51.3   0.41385   4.4
51.32   0.463466   4.4
51.34   0.523513   4.4
51.36   0.597194   4.4
51.38   0.689038   4.4
51.4   0.805599   4.4
51.42   0.956678   4.4
51.44   1.15767   4.4
51.46   1.43485   4.4
51.48   1.83791   4.4
51.5   2.46598   4.4
51.52   3.50593   4.4
51.54   5.25459   4.4
51.56   8.05655   4.4
51.58   11.978   4.4
51.6   15.7211   4.4
51.62   16.0602   4.4
51.64   12.6117   4.4
51.66   8.5973   4.4
51.68   5.63864   4.4
51.7   3.77457   4.4
51.72   2.66985   4.4
51.74   2.01382   4.4
51.76   1.60428   4.4
51.78   1.33212   4.4
51.8   1.1427   4.4
51.82   1.00765   4.4
51.84   0.91071   4.4
51.86   0.841798   4.4
51.88   0.794369   4.4
51.9   0.764118   4.4
51.92   0.748243   4.4
51.94   0.744997   4.4
51.96   0.753437   4.4
51.98   0.773269   4.4
52   0.804786   4.4
52.02   0.848866   4.4
52.04   0.907032   4.4
52.06   0.98158   4.4
52.08   1.0758   4.4
52.1   1.1943   4.4
52.12   1.34358   4.4
52.14   1.53282   4.4
52.16   1.77526   4.4
52.18   2.09035   4.4
52.2   2.50775   4.4
52.22   3.07539   4.4
52.24   3.87835   4.4
52.26   5.08248   4.4
52.28   7.01664   4.4
52.3   10.2705   4.4
52.32   15.6997   4.4
52.34   24.1015   4.90933
52.36   34.8219   5.90101
52.38   42.2859   6.50276
52.4   38.8515   6.2331
52.42   29.3201   5.41481
52.44   19.7113   4.43974
52.46   13.1369   4.4
52.48   9.11657   4.4
52.5   6.74638   4.4
52.52   5.31565   4.4
52.54   4.3976   4.4
52.56   3.77098   4.4
52.58   3.3246   4.4
52.6   2.99842   4.4
52.62   2.75658   4.4
52.64   2.57601   4.4
52.66   2.44118   4.4
52.68   2.34137   4.4
52.7   2.26901   4.4
52.72   2.21866   4.4
52.74   2.18633   4.4
52.76   2.16911   4.4
52.78   2.16481   4.4
52.8   2.17182   4.4
52.82   2.18893   4.4
52.84   2.21527   4.4
52.86   2.25021   4.4
52.88   2.29333   4.4
52.9   2.34436   4.4
52.92   2.4032   4.4
52.94   2.46986   4.4
52.96   2.54446   4.4
52.98   2.62723   4.4
53   2.7185   4.4
53.02   2.81869   4.4
53.04   2.92836   4.4
53.06   3.04815   4.4
53.08   3.17883   4.4
53.1   3.30607   4.4
53.12   3.46176   4.4
53.14   3.63148   4.4
53.16   3.81663   4.4
53.18   4.01883   4.4
53.2   4.23995   4.4
53.22   4.48215   4.4
53.24   4.74797   4.4
53.26   5.04031   4.4
53.28   5.36263   4.4
53.3   5.71892   4.4
53.32   6.11393   4.4
53.34   6.55328   4.4
53.36   7.04364   4.4
53.38   7.59303   4.4
53.4   8.2111   4.4
53.42   8.90957   4.4
53.44   9.70278   4.4
53.46   10.6084   4.4
53.48   11.6485   4.4
53.5   12.8507   4.4
53.52   14.2501   4.4
53.54   15.8919   4.4
53.56   17.8346   4.4
53.58   20.1558   4.48952
53.6   22.9592   4.79157
53.62   26.3861   5.13674
53.64   30.633   5.53471
53.66   35.9789   5.99825
53.68   42.8301   6.54447
53.7   51.7985   7.19712
53.72   63.8584   7.99114
53.74   80.7041   8.98355
53.76   105.593   10.2758
53.78   145.014   12.0422
53.8   210.924   14.5232
53.82   323.379   17.9827
53.84   497.888   22.3134
53.86   732.377   27.0625
53.88   927.354   30.4525
53.9   897.991   29.9665
53.92   678.304   26.0443
53.94   453.745   21.3013
53.96   294.668   17.1659
53.98   195.843   13.9944
54   137.248   11.7153
54.02   101.936   10.0963
54.04   79.3311   8.9068
54.06   63.8468   7.99042
54.08   52.6841   7.25838
54.1   44.3579   6.66017
54.12   37.9951   6.16402
54.14   33.0393   5.74798
54.16   29.118   5.39611
54.18   25.9742   5.09649
54.2   23.4259   4.84003
54.22   21.3419   4.61973
54.24   19.6257   4.43009
54.26   18.2053   4.4
54.28   17.026   4.4
54.3   16.0462   4.4
54.32   15.2333   4.4
54.34   14.5622   4.4
54.36   14.0129   4.4
54.38   13.5699   4.4
54.4   13.2208   4.4
54.42   12.9558   4.4
54.44   12.7675   4.4
54.46   12.6501   4.4
54.48   12.5993   4.4
54.5   12.6121   4.4
54.52   12.6868   4.4
54.54   13.1342   4.4
54.56   13.3401   4.4
54.58   13.609   4.4
54.6   13.9433   4.4
54.62   14.3462   4.4
54.64   14.8224   4.4
54.66   15.3775   4.4
54.68   16.0188   4.4
54.7   16.7551   4.4
54.72   17.5973   4.4
54.74   18.5586   4.4
54.76   19.655   4.4334
54.78   20.9061   4.57232
54.8   22.3358   4.72607
54.82   23.9732   4.89625
54.84   25.8547   5.08476
54.86   28.0253   5.29389
54.88   30.5413   5.52641
54.9   33.4742   5.78569
54.92   36.9155   6.07581
54.94   40.9836   6.40184
54.96   45.8337   6.77006
54.98   51.6726   7.18837
55   58.7801   7.66682
55.02   67.5417   8.21838
55.04   78.5   8.86002
55.06   92.4364   9.61439
55.08   110.512   10.5125
55.1   134.532   11.5988
55.12   167.531   12.9434
55.14   215.156   14.6682
55.16   288.591   16.988
55.18   409.092   20.226
55.2   611.286   24.7242
55.22   937.841   30.6242
55.24   1406.69   37.5058
55.26   1894.16   43.522
55.28   2035.57   45.1173
55.3   1726.88   41.5558
55.32   1306.02   36.1389
55.34   934.173   30.5642
55.36   638.073   25.2601
55.38   433.509   20.8209
55.4   304.814   17.4589
55.42   224.336   14.9778
55.44   172.472   13.1329
55.46   137.384   11.7211
55.48   112.43   10.6033
55.5   93.953   9.69294
55.52   79.87   8.937
55.54   68.9097   8.30119
55.56   60.2442   7.76171
55.58   53.3105   7.3014
55.6   47.7148   6.90759
55.62   43.1768   6.5709
55.64   39.4952   6.28452
55.66   36.5255   6.04364
55.68   34.1659   5.84516
55.7   32.3484   5.68757
55.72   31.0342   5.57083
55.74   30.2119   5.49653
55.76   29.8999   5.46808
55.78   30.1521   5.49109
55.8   31.0704   5.57409
55.82   32.8279   5.72957
55.84   35.7156   5.97625
55.86   40.2499   6.34428
55.88   47.4282   6.88682
55.9   59.2576   7.69789
55.92   79.521   8.91745
55.94   114.197   10.6863
55.96   170.139   13.0437
55.98   248.291   15.7573
56   321.485   17.93
56.02   325.069   18.0297
56.04   254.347   15.9482
56.06   173.928   13.1882
56.08   114.918   10.72
56.1   77.6414   8.81144
56.12   55.3483   7.43964
56.14   41.8781   6.47133
56.16   33.2465   5.76598
56.18   27.3087   5.22578
56.2   22.9889   4.79468
56.22   19.7236   4.44113
56.24   17.1862   4.4
56.26   15.1701   4.4
56.28   13.5378   4.4
56.3   12.1941   4.4
56.32   11.072   4.4
56.34   10.1229   4.4
56.36   9.31104   4.4
56.38   8.60953   4.4
56.4   7.99792   4.4
56.42   7.46036   4.4
56.44   6.98445   4.4
56.46   6.56035   4.4
56.48   6.18018   4.4
56.5   5.83754   4.4
56.52   5.52721   4.4
56.54   5.24487   4.4
56.56   4.98695   4.4
56.58   4.75044   4.4
56.6   4.53281   4.4
56.62   4.33191   4.4
56.64   4.14591   4.4
56.66   3.97322   4.4
56.68   3.81249   4.4
56.7   3.66253   4.4
56.72   3.52231   4.4
56.74   3.39092   4.4
56.76   1.47973   4.4
56.78   1.41082   4.4
56.8   1.07921   4.4
56.82   1.02671   4.4
56.84   0.977957   4.4
56.86   0.932588   4.4
56.88   0.890301   4.4
56.9   0.850823   4.4
56.92   0.813911   4.4
56.94   0.779348   4.4
56.96   0.746939   4.4
56.98   0.716509   4.4
57   0.687899   4.4
57.02   0.660968   4.4
57.04   0.635587   4.4
57.06   0.61164   4.4
57.08   0.589019   4.4
57.1   0.56763   4.4
57.12   0.547384   4.4
57.14   0.528202   4.4
57.16   0.51001   4.4
57.18   0.492742   4.4
57.2   0.476335   4.4
57.22   0.460734   4.4
57.24   0.445887   4.4
57.26   0.431745   4.4
57.28   0.418266   4.4
57.3   0.405408   4.4
57.32   0.393133   4.4
57.34   0.381407   4.4
57.36   0.671122   4.4
57.38   0.668741   4.4
57.4   0.66717   4.4
57.42   0.666404   4.4
57.44   0.66644   4.4
57.46   0.667279   4.4
57.48   0.668925   4.4
57.5   0.367448   4.4
57.52   0.378726   4.4
57.54   0.390531   4.4
57.56   0.402896   4.4
57.58   0.415858   4.4
57.6   0.429454   4.4
57.62   0.443729   4.4
57.64   0.458726   4.4
57.66   0.474497   4.4
57.68   0.491094   4.4
57.7   0.508578   4.4
57.72   0.527011   4.4
57.74   0.546464   4.4
57.76   0.567013   4.4
57.78   0.588743   4.4
57.8   0.611745   4.4
57.82   0.636122   4.4
57.84   0.661983   4.4
57.86   0.689452   4.4
57.88   0.718666   4.4
57.9   0.749775   4.4
57.92   0.782947   4.4
57.94   0.818367   4.4
57.96   0.856243   4.4
57.98   0.896808   4.4
58   0.940322   4.4
58.02   0.987077   4.4
58.04   1.0374   4.4
58.06   1.116   4.4
58.08   1.17532   4.4
58.1   1.23952   4.4
58.12   1.30914   4.4
58.14   1.38482   4.4
58.16   1.46728   4.4
58.18   1.55735   4.4
58.2   1.65601   4.4
58.22   1.76437   4.4
58.24   1.88376   4.4
58.26   2.01572   4.4
58.28   2.16209   4.4
58.3   2.32503   4.4
58.32   2.50715   4.4
58.34   2.71157   4.4
58.36   2.94209   4.4
58.38   3.20332   4.4
58.4   3.50097   4.4
58.42   3.84211   4.4
58.44   4.23561   4.4
58.46   4.69272   4.4
58.48   5.22784   4.4
58.5   5.85967   4.4
58.52   6.61281   4.4
58.54   7.52011   4.4
58.56   8.62625   4.4
58.58   9.99302   4.4
58.6   11.7078   4.4
58.62   13.8974   4.4
58.64   16.7513   4.4
58.66   20.5674   4.53513
58.68   25.8552   5.0848
58.7   33.5786   5.7947
58.72   45.6613   6.75731
58.74   65.7266   8.1072
58.76   99.5214   9.97604
58.78   153.695   12.3974
58.8   229.438   15.1472
58.82   301.38   17.3603
58.84   307.166   17.5262
58.86   240.103   15.4952
58.88   162.489   12.7471
58.9   105.328   10.2629
58.92   69.2584   8.32216
58.94   47.7911   6.91311
58.96   34.9361   5.91068
58.98   26.8002   5.17689
59   21.2825   4.6133
59.02   17.3299   4.4
59.04   14.3925   4.4
59.06   12.1529   4.4
59.08   10.4112   4.4
59.1   9.03483   4.4
59.12   7.93292   4.4
59.14   7.04185   4.4
59.16   6.3163   4.4
59.18   5.72369   4.4
59.2   5.24056   4.4
59.22   4.85035   4.4
59.24   4.54198   4.4
59.26   4.30911   4.4
59.28   4.15013   4.4
59.3   4.06874   4.4
59.32   4.07568   4.4
59.34   4.19278   4.4
59.36   4.46284   4.4
59.38   4.97303   4.4
59.4   5.90042   4.4
59.42   8.70047   4.4
59.44   11.6268   4.4
59.46   16.2625   4.4
59.48   22.3719   4.72989
59.5   27.0476   5.20073
59.52   25.6155   5.06117
59.54   19.6669   4.43473
59.56   13.912   4.4
59.58   9.90433   4.4
59.6   7.43008   4.4
59.62   5.96438   4.4
59.64   5.07972   4.4
59.66   4.51444   4.4
59.68   4.13162   4.4
59.7   3.86252   4.4
59.72   3.67036   4.4
59.74   3.53333   4.4
59.76   3.43747   4.4
59.78   3.37348   4.4
59.8   3.33494   4.4
59.82   3.31742   4.4
59.84   3.31775   4.4
59.86   3.33372   4.4
59.88   3.36378   4.4
59.9   3.40685   4.4
59.92   3.46224   4.4
59.94   3.52957   4.4
59.96   3.60869   4.4
59.98   3.69967   4.4
60   3.80274   4.4
60.02   3.91834   4.4
60.04   4.04707   4.4
60.06   4.18967   4.4
60.08   4.3471   4.4
60.1   4.52047   4.4
60.12   4.71113   4.4
60.14   4.92064   4.4
60.16   5.15082   4.4
60.18   5.40382   4.4
60.2   5.68209   4.4
60.22   5.98854   4.4
60.24   6.32651   4.4
60.26   6.69995   4.4
60.28   7.11346   4.4
60.3   7.5725   4.4
60.32   7.78955   4.4
60.34   8.36789   4.4
60.36   9.01468   4.4
60.38   9.74097   4.4
60.4   10.5601   4.4
60.42   11.4884   4.4
60.44   12.5458   4.4
60.46   13.7573   4.4
60.48   15.1539   4.4
60.5   16.7749   4.4
60.52   18.6706   4.4
60.54   20.9061   4.57231
60.56   23.5667   4.85456
60.58   26.7663   5.17361
60.6   30.6587   5.53703
60.62   35.4563   5.95452
60.64   41.458   6.43879
60.66   49.0947   7.00676
60.68   59.0061   7.68154
60.7   72.186   8.49624
60.72   91.5654   9.56898
60.74   117.942   10.8601
60.76   158.292   12.5814
60.78   224.645   14.9882
60.8   336.61   18.3469
60.82   518.904   22.7795
60.84   783.907   27.9983
60.86   1067.6   32.6741
60.88   1154.17   33.9731
60.9   945.1   30.7425
60.92   652.558   25.5452
60.94   424.915   20.6135
60.96   278.197   16.6792
60.98   190.299   13.7949
61   138.011   11.7478
61.02   105.381   10.2655
61.04   83.557   9.14095
61.06   68.0795   8.25103
61.08   56.6552   7.52696
61.1   47.9878   6.92732
61.12   41.2726   6.42438
61.14   35.9792   5.99827
61.16   31.7454   5.6343
61.18   28.317   5.32137
61.2   25.5121   5.05095
61.22   23.1977   4.8164
61.24   21.2751   4.6125
61.26   19.67   4.43508
61.28   18.3254   4.4
61.3   17.1977   4.4
61.32   16.2526   4.4
61.34   15.4634   4.4
61.36   14.8091   4.4
61.38   14.273   4.4
61.4   13.8422   4.4
61.42   14.6746   4.4
61.44   14.459   4.4
61.46   14.3263   4.4
61.48   14.2724   4.4
61.5   14.2951   4.4
61.52   14.3933   4.4
61.54   14.5675   4.4
61.56   14.8198   4.4
61.58   15.1533   4.4
61.6   15.5731   4.4
61.62   16.086   4.4
61.64   16.7006   4.4
61.66   17.4282   4.4
61.68   18.2829   4.4
61.7   19.2823   4.4
61.72   20.4483   4.52198
61.74   21.8087   4.66998
61.76   23.3982   4.83717
61.78   25.261   5.02603
61.8   27.4535   5.23961
61.82   30.0485   5.48165
61.84   33.1415   5.75687
61.86   36.8588   6.07114
61.88   41.3703   6.43197
61.9   46.909   6.84902
61.92   53.8001   7.33486
61.94   62.508   7.9062
61.96   73.7144   8.58571
61.98   88.4599   9.40531
62   108.44   10.4135
62.02   136.702   11.6919
62.04   179.2   13.3866
62.06   247.559   15.734
62.08   361.966   19.0254
62.1   550.397   23.4605
62.12   835.563   28.9061
62.14   1180.93   34.3646
62.16   1386.9   37.241
62.18   1270.66   35.6462
62.2   997.01   31.5755
62.22   726.963   26.9622
62.24   500.403   22.3697
62.26   339.745   18.4322
62.28   237.705   15.4177
62.3   174.64   13.2151
62.32   134.831   11.6117
62.34   107.43   10.3648
62.36   89.237   9.44653
62.38   76.1383   8.72573
62.4   66.4823   8.15367
62.42   59.2885   7.6999
62.44   53.9373   7.3442
62.46   50.0225   7.07266
62.48   47.2765   6.87579
62.5   45.5276   6.74741
62.52   44.6759   6.684
62.54   44.6808   6.68437
62.56   45.5556   6.74949
62.58   47.3702   6.8826
62.6   50.2614   7.08952
62.62   54.4524   7.37919
62.64   60.3628   7.76935
62.66   68.377   8.26904
62.68   79.392   8.91022
62.7   94.7635   9.73465
62.72   116.926   10.8132
62.74   150.66   12.2744
62.76   205.429   14.3328
62.78   298.056   17.2643
62.8   452.568   21.2736
62.82   690.307   26.2737
62.84   988.293   31.4371
62.86   1182.05   34.3809
62.88   1068.93   32.6945
62.9   775.795   27.8531
62.92   512.577   22.6402
62.94   333.868   18.2721
62.96   224.623   14.9874
62.98   159.82   12.642
63   120.187   10.963
63.02   94.2791   9.70974
63.04   76.1933   8.72888
63.06   62.9541   7.93436
63.08   52.9452   7.27634
63.1   45.1938   6.72263
63.12   39.0707   6.25066
63.14   34.1509   5.84388
63.16   30.1386   5.48987
63.18   26.8233   5.17912
63.2   24.052   4.90428
63.22   21.7114   4.65955
63.24   19.7162   4.4403
63.26   18.0015   4.4
63.28   16.5168   4.4
63.3   15.2227   4.4
63.32   14.088   4.4
63.34   13.0875   4.4
63.36   12.2013   4.4
63.38   11.4127   4.4
63.4   10.7083   4.4
63.42   10.0771   4.4
63.44   9.50977   4.4
63.46   8.99867   4.4
63.48   8.53736   4.4
63.5   8.12045   4.4
63.52   7.74344   4.4
63.54   7.40257   4.4
63.56   7.09469   4.4
63.58   6.81727   4.4
63.6   6.56825   4.4
63.62   5.11428   4.4
63.64   4.95082   4.4
63.66   4.81111   4.4
63.68   4.69504   4.4
63.7   4.40315   4.4
63.72   4.3415   4.4
63.74   4.30652   4.4
63.76   4.30092   4.4
63.78   4.32858   4.4
63.8   4.39502   4.4
63.82   4.50794   4.4
63.84   4.67811   4.4
63.86   4.92085   4.4
63.88   5.25814   4.4
63.9   5.72222   4.4
63.92   6.36193   4.4
63.94   7.25509   4.4
63.96   8.53703   4.4
63.98   10.4676   4.4
64   13.5829   4.4
64.02   18.8069   4.4
64.04   27.6245   5.2559
64.06   41.6083   6.45045
64.08   60.5265   7.77988
64.1   76.609   8.75266
64.12   74.7242   8.64432
64.14   56.9959   7.54956
64.16   38.5761   6.21096
64.18   25.4454   5.04434
64.2   17.2538   4.4
64.22   12.3774   4.4
64.24   9.42506   4.4
64.26   7.52383   4.4
64.28   6.21117   4.4
64.3   5.25525   4.4
64.32   4.53336   4.4
64.34   2.85836   4.4
64.36   2.44424   4.4
64.38   2.11445   4.4
64.4   1.84785   4.4
64.42   1.62948   4.4
64.44   1.44854   4.4
64.46   1.29708   4.4
64.48   1.16915   4.4
64.5   1.06022   4.4
64.52   0.966824   4.4
64.54   0.886236   4.4
64.56   0.81632   4.4
64.58   0.755373   4.4
64.6   0.702028   4.4
64.62   0.655179   4.4
64.64   0.613925   4.4
64.66   0.803762   4.4
64.68   0.800984   4.4
64.7   0.779891   4.4
64.72   0.762449   4.4
64.74   0.748335   4.4
64.76   0.737288   4.4
64.78   0.729101   4.4
64.8   0.723614   4.4
64.82   0.720708   4.4
64.84   0.720305   4.4
64.86   0.722363   4.4
64.88   0.726876   4.4
64.9   0.733875   4.4
64.92   0.743431   4.4
64.94   0.755657   4.4
64.96   0.770713   4.4
64.98   0.788816   4.4
65   0.81025   4.4
65.02   0.835381   4.4
65.04   0.864677   4.4
65.06   0.898737   4.4
65.08   0.93833   4.4
65.1   0.984453   4.4
65.12   1.03841   4.4
65.14   1.10192   4.4
65.16   1.1773   4.4
65.18   1.26773   4.4
65.2   1.37762   4.4
65.22   1.5133   4.4
65.24   1.68408   4.4
65.26   1.90424   4.4
65.28   2.1973   4.4
65.3   2.6062   4.4
65.32   3.21579   4.4
65.34   4.1911   4.4
65.36   5.8129   4.4
65.38   8.45288   4.4
65.4   12.3583   4.4
65.42   16.8174   4.4
65.44   18.8124   4.4
65.46   16.194   4.4
65.48   11.8196   4.4
65.5   8.28245   4.4
65.52   6.00268   4.4
65.54   4.67659   4.4
65.56   3.94366   4.4
65.58   3.54791   4.4
65.6   3.27369   4.4
65.62   3.19385   4.4
65.64   3.20039   4.4
65.66   3.27609   4.4
65.68   3.41275   4.4
65.7   3.60779   4.4
65.72   3.86287   4.4
65.74   4.1834   4.4
65.76   4.57863   4.4
65.78   5.06225   4.4
65.8   5.65354   4.4
65.82   6.37927   4.4
65.84   7.2767   4.4
65.86   8.39813   4.4
65.88   9.85849   4.4
65.9   11.6882   4.4
65.92   14.0919   4.4
65.94   17.3344   4.4
65.96   21.8795   4.67755
65.98   28.6211   5.34987
66   39.3361   6.27185
66.02   57.2665   7.56746
66.04   87.2764   9.34218
66.06   134.33   11.5901
66.08   196.549   14.0196
66.1   246.123   15.6883
66.12   236.338   15.3733
66.14   178.722   13.3687
66.16   119.77   10.9439
66.18   77.7255   8.81621
66.2   51.5066   7.17681
66.22   35.9116   5.99263
66.24   26.4887   5.14671
66.26   20.4462   4.52175
66.28   16.301   4.4
66.3   13.306   4.4
66.32   11.0647   4.4
66.34   9.34422   4.4
66.36   7.9965   4.4
66.38   6.92238   4.4
66.4   6.05343   4.4
66.42   5.34118   4.4
66.44   4.75062   4.4
66.46   4.25597   4.4
66.48   3.83792   4.4
66.5   3.4818   4.4
66.52   3.1763   4.4
66.54   2.91262   4.4
66.56   2.6838   4.4
66.58   2.48433   4.4
66.6   2.30978   4.4
66.62   2.15655   4.4
66.64   2.02174   4.4
66.66   1.90297   4.4
66.68   1.79829   4.4
66.7   1.7061   4.4
66.72   1.62511   4.4
66.74   1.55425   4.4
66.76   1.49268   4.4
66.78   1.43973   4.4
66.8   1.39492   4.4
66.82   1.35791   4.4
66.84   1.32852   4.4
66.86   1.30673   4.4
66.88   1.29268   4.4
66.9   1.26973   4.4
66.92   1.27283   4.4
66.94   1.28534   4.4
66.96   1.3084   4.4
66.98   1.34358   4.4
67   1.39297   4.4
67.02   1.45945   4.4
67.04   1.5469   4.4
67.06   1.66066   4.4
67.08   1.80816   4.4
67.1   1.99996   4.4
67.12   2.25133   4.4
67.14   2.58501   4.4
67.16   3.03646   4.4
67.18   3.66524   4.4
67.2   4.58215   4.4
67.22   6.00792   4.4
67.24   8.36659   4.4
67.26   12.3581   4.4
67.28   18.8585   4.4
67.3   28.2836   5.31823
67.32   38.2737   6.18657
67.34   41.1149   6.41209
67.36   33.5505   5.79228
67.38   23.1881   4.8154
67.4   15.1684   4.4
67.42   10.0068   4.4
67.44   6.91325   4.4
67.46   5.06718   4.4
67.48   3.90969   4.4
67.5   3.13109   4.4
67.52   2.57541   4.4
67.54   2.16234   4.4
67.56   1.84639   4.4
67.58   1.35914   4.4
67.6   1.16852   4.4
67.62   1.015   4.4
67.64   0.889617   4.4
67.66   0.785949   4.4
67.68   0.699287   4.4
67.7   0.626126   4.4
67.72   0.563815   4.4
67.74   0.51032   4.4
67.76   0.464061   4.4
67.78   0.423793   4.4
67.8   0.38853   4.4
67.82   0.357477   4.4
67.84   0.502024   4.4
67.86   0.482439   4.4
67.88   0.465674   4.4
67.9   0.451383   4.4
67.92   0.439279   4.4
67.94   0.429126   4.4
67.96   0.420726   4.4
67.98   0.413916   4.4
68   0.408558   4.4
68.02   0.404541   4.4
68.04   0.401771   4.4
68.06   0.400171   4.4
68.08   0.39968   4.4
68.1   0.40025   4.4
68.12   0.401842   4.4
68.14   0.404431   4.4
68.16   0.407999   4.4
68.18   0.412538   4.4
68.2   0.418048   4.4
68.22   0.424537   4.4
68.24   0.432022   4.4
68.26   0.440527   4.4
68.28   0.450084   4.4
68.3   0.460735   4.4
68.32   0.472529   4.4
68.34   0.485524   4.4
68.36   0.499791   4.4
68.38   0.515411   4.4
68.4   0.532474   4.4
68.42   0.551089   4.4
68.44   0.571375   4.4
68.46   0.593473   4.4
68.48   0.61754   4.4
68.5   0.643755   4.4
68.52   0.672326   4.4
68.54   0.703487   4.4
68.56   0.737508   4.4
68.58   0.774698   4.4
68.6   0.815412   4.4
68.62   0.860063   4.4
68.64   0.909126   4.4
68.66   0.963156   4.4
68.68   1.0228   4.4
68.7   1.08881   4.4
68.72   1.16209   4.4
68.74   1.24369   4.4
68.76   1.33488   4.4
68.78   1.43717   4.4
68.8   1.51284   4.4
68.82   1.64425   4.4
68.84   1.79349   4.4
68.86   1.9639   4.4
68.88   2.15967   4.4
68.9   2.38607   4.4
68.92   2.64977   4.4
68.94   2.95939   4.4
68.96   3.32615   4.4
68.98   3.76489   4.4
69   4.2955   4.4
69.02   4.94523   4.4
69.04   5.75197   4.4
69.06   6.76976   4.4
69.08   8.07759   4.4
69.1   9.79518   4.4
69.12   12.1183   4.4
69.14   15.3803   4.4
69.16   20.2445   4.49939
69.18   28.0216   5.29354
69.2   41.0771   6.40914
69.22   62.883   7.92988
69.24   96.7831   9.83784
69.26   140.593   11.8572
69.28   172.552   13.1359
69.3   160.469   12.6676
69.32   118.139   10.8692
69.34   78.202   8.84319
69.36   50.6403   7.1162
69.38   33.6919   5.80447
69.4   23.6495   4.86308
69.42   17.5511   4.4
69.44   13.6021   4.4
69.46   10.8684   4.4
69.48   8.88076   4.4
69.5   7.38681   4.4
69.52   6.23623   4.4
69.54   5.3323   4.4
69.56   4.60994   4.4
69.58   4.02405   4.4
69.6   3.54257   4.4
69.62   3.14227   4.4
69.64   2.80602   4.4
69.66   2.52094   4.4
69.68   2.27722   4.4
69.7   2.06728   4.4
69.72   1.88521   4.4
69.74   1.72632   4.4
69.76   1.58687   4.4
69.78   1.46384   4.4
69.8   1.3548   4.4
69.82   1.25772   4.4
69.84   1.17095   4.4
69.86   1.09311   4.4
69.88   1.02305   4.4
69.9   0.9598   4.4
69.92   0.902546   4.4
69.94   0.850592   4.4
69.96   0.803349   4.4
69.98   0.760312   4.4
70   0.721052   4.4
70.02   0.6852   4.4
70.04   0.652442   4.4
70.06   0.622512   4.4
70.08   0.595185   4.4
70.1   0.570276   4.4
70.12   0.547634   4.4
70.14   0.527144   4.4
70.16   0.508727   4.4
70.18   0.49234   4.4
70.2   0.477983   4.4
70.22   0.465703   4.4
70.24   0.45561   4.4
70.26   0.447889   4.4
70.28   0.442829   4.4
70.3   0.440862   4.4
70.32   0.442628   4.4
70.34   0.449067   4.4
70.36   0.678909   4.4
70.38   0.705815   4.4
70.4   0.744741   4.4
70.42   0.801905   4.4
70.44   0.889376   4.4
70.46   1.03118   4.4
70.48   1.27096   4.4
70.5   1.67349   4.4
70.52   2.30294   4.4
70.54   3.12656   4.4
70.56   3.75378   4.4
70.58   3.56496   4.4
70.6   2.77993   4.4
70.62   2.02384   4.4
70.64   1.5004   4.4
70.66   1.18044   4.4
70.68   0.994164   4.4
70.7   0.88492   4.4
70.72   0.818114   4.4
70.74   0.775688   4.4
70.76   0.583496   4.4
70.78   0.571337   4.4
70.8   0.566718   4.4
70.82   0.567865   4.4
70.84   0.573622   4.4
70.86   0.583224   4.4
70.88   0.596168   4.4
70.9   0.61213   4.4
70.92   0.630917   4.4
70.94   0.652434   4.4
70.96   0.945322   4.4
70.98   0.979921   4.4
71   1.0177   4.4
71.02   1.05883   4.4
71.04   1.10353   4.4
71.06   1.15206   4.4
71.08   1.20476   4.4
71.1   1.262   4.4
71.12   1.32424   4.4
71.14   1.39201   4.4
71.16   1.46593   4.4
71.18   1.5467   4.4
71.2   1.63518   4.4
71.22   1.73236   4.4
71.24   1.83939   4.4
71.26   1.95765   4.4
71.28   2.08878   4.4
71.3   2.23474   4.4
71.32   2.39788   4.4
71.34   2.58106   4.4
71.36   2.78778   4.4
71.38   3.02234   4.4
71.4   3.29007   4.4
71.42   3.5977   4.4
71.44   3.95373   4.4
71.46   4.36911   4.4
71.48   4.85805   4.4
71.5   5.43932   4.4
71.52   6.13809   4.4
71.54   6.98867   4.4
71.56   8.03882   4.4
71.58   9.35646   4.4
71.6   11.0407   4.4
71.62   13.2417   4.4
71.64   16.2   4.4
71.66   20.3391   4.50989
71.68   26.4798   5.14586
71.7   36.2532   6.02106
71.72   52.6131   7.25349
71.74   79.9235   8.93999
71.76   122.462   11.0662
71.78   177.81   13.3345
71.8   219.246   14.807
71.82   205.529   14.3363
71.84   152.488   12.3486
71.86   101.808   10.09
71.88   66.7349   8.16915
71.9   45.2048   6.72345
71.92   32.5345   5.7039
71.94   24.9476   4.99475
71.96   20.147   4.48854
71.98   16.9374   4.4
72   14.7229   4.4
72.02   13.1888   4.4
72.04   12.1508   4.4
72.06   11.5063   4.4
72.08   11.1879   4.4
72.1   11.1632   4.4
72.12   11.4254   4.4
72.14   12.0795   4.4
72.16   12.9955   4.4
72.18   14.3366   4.4
72.2   16.229   4.4
72.22   18.8764   4.4
72.24   22.6232   4.75639
72.26   28.1057   5.30148
72.28   36.5895   6.04892
72.3   50.5501   7.10986
72.32   74.2297   8.61567
72.34   113.304   10.6444
72.36   171.726   13.1044
72.38   239.37   15.4716
72.4   270.913   16.4594
72.42   231.37   15.2109
72.44   163.045   12.7689
72.46   106.836   10.3361
72.48   69.8356   8.35677
72.5   47.4875   6.89112
72.52   34.2093   5.84887
72.54   25.9899   5.09803
72.56   20.5385   4.53194
72.58   16.6909   4.4
72.6   13.8549   4.4
72.62   11.7014   4.4
72.64   10.0287   4.4
72.66   8.70498   4.4
72.68   7.64039   4.4
72.7   6.77223   4.4
72.72   6.05563   4.4
72.74   5.45788   4.4
72.76   4.95469   4.4
72.78   4.52776   4.4
72.8   4.16309   4.4
72.82   3.84986   4.4
72.84   3.57959   4.4
72.86   3.34561   4.4
72.88   3.14259   4.4
72.9   2.96628   4.4
72.92   2.81329   4.4
72.94   2.68087   4.4
72.96   2.56684   4.4
72.98   2.46949   4.4
73   2.38748   4.4
73.02   2.3198   4.4
73.04   2.26579   4.4
73.06   2.22503   4.4
73.08   2.19744   4.4
73.1   2.18318   4.4
73.12   2.18277   4.4
73.14   2.19708   4.4
73.16   2.22738   4.4
73.18   2.27549   4.4
73.2   2.34384   4.4
73.22   2.43572   4.4
73.24   2.55551   4.4
73.26   2.70908   4.4
73.28   2.69547   4.4
73.3   2.94871   4.4
73.32   3.26911   4.4
73.34   3.67765   4.4
73.36   4.82585   4.4
73.38   5.53301   4.4
73.4   6.47257   4.4
73.42   7.75752   4.4
73.44   9.59329   4.4
73.46   12.3856   4.4
73.48   16.9287   4.4
73.5   24.5916   4.95899
73.52   37.2288   6.10154
73.54   56.2031   7.49687
73.56   78.5102   8.8606
73.58   89.7045   9.47124
73.6   77.5245   8.8048
73.62   55.179   7.42826
73.64   36.5411   6.04492
73.66   24.2232   4.92171
73.68   16.7851   4.4
73.7   12.3851   4.4
73.72   9.68437   4.4
73.74   7.91328   4.4
73.76   6.67996   4.4
73.78   5.78557   4.4
73.8   5.12019   4.4
73.82   4.61678   4.4
73.84   4.23167   4.4
73.86   3.67483   4.4
73.88   3.4536   4.4
73.9   3.28569   4.4
73.92   3.16064   4.4
73.94   3.07078   4.4
73.96   3.01048   4.4
73.98   2.9756   4.4
74   2.96309   4.4
74.02   3.90511   4.4
74.04   3.95755   4.4
74.06   4.02871   4.4
74.08   4.11806   4.4
74.1   4.22552   4.4
74.12   4.35131   4.4
74.14   4.49603   4.4
74.16   4.66059   4.4
74.18   4.84627   4.4
74.2   5.0547   4.4
74.22   5.28794   4.4
74.24   5.5485   4.4
74.26   5.83943   4.4
74.28   6.16445   4.4
74.3   6.528   4.4
74.32   6.93549   4.4
74.34   7.39346   4.4
74.36   7.90987   4.4
74.38   8.4945   4.4
74.4   9.15937   4.4
74.42   9.91948   4.4
74.44   10.7936   4.4
74.46   11.8056   4.4
74.48   12.9859   4.4
74.5   14.3743   4.4
74.52   16.0228   4.4
74.54   18.0012   4.4
74.56   20.4042   4.5171
74.58   23.3632   4.83355
74.6   27.064   5.20231
74.62   31.7763   5.63705
74.64   37.9048   6.15669
74.66   46.0888   6.78888
74.68   57.429   7.5782
74.7   74.0231   8.60367
74.72   100.056   10.0028
74.74   143.332   11.9721
74.76   216.003   14.6971
74.78   331.594   18.2097
74.8   490.343   22.1437
74.82   632.97   25.1589
74.84   630.578   25.1113
74.86   486.277   22.0517
74.88   328.992   18.1381
74.9   215.399   14.6765
74.92   144.419   12.0175
74.94   102.464   10.1224
74.96   77.5021   8.80353
74.98   61.8653   7.86545
75   51.4632   7.17378
75.02   44.2542   6.65238
75.04   39.0886   6.25209
75.06   35.531   5.96079
75.08   33.1205   5.75504
75.1   31.6236   5.62349
75.12   30.8989   5.55868
75.14   30.8708   5.55615
75.16   31.5169   5.61399
75.18   32.9471   5.73995
75.2   35.0724   5.9222
75.22   38.1123   6.17352
75.24   42.2856   6.50274
75.26   47.9278   6.92299
75.28   55.554   7.45346
75.3   65.9793   8.12276
75.32   80.5849   8.97691
75.34   101.953   10.0972
75.36   135.236   11.6291
75.38   190.337   13.7963
75.4   283.591   16.8402
75.42   435.405   20.8664
75.44   655.341   25.5996
75.46   887.908   29.7978
75.48   953.01   30.8709
75.5   776.051   27.8577
75.52   534.764   23.125
75.54   348.295   18.6627
75.56   228.374   15.1121
75.58   156.545   12.5118
75.6   113.712   10.6636
75.62   86.8801   9.32095
75.64   68.8542   8.29784
75.66   56.0111   7.48406
75.68   46.4849   6.81798
75.7   39.2176   6.26239
75.72   33.5508   5.79231
75.74   29.0502   5.38982
75.76   25.4182   5.04165
75.78   22.4462   4.73775
75.8   19.9843   4.47038
75.82   17.9228   4.4
75.84   16.1798   4.4
75.86   14.6936   4.4
75.88   13.4167   4.4
75.9   12.3122   4.4
75.92   11.3512   4.4
75.94   10.5106   4.4
75.96   9.77209   4.4
75.98   9.12076   4.4
76   8.54453   4.4
76.02   8.03354   4.4
76.04   7.57973   4.4
76.06   7.17646   4.4
76.08   6.81833   4.4
76.1   6.50094   4.4
76.12   6.22076   4.4
76.14   5.97504   4.4
76.16   5.76175   4.4
76.18   5.57953   4.4
76.2   5.42769   4.4
76.22   5.30627   4.4
76.24   5.2161   4.4
76.26   5.15895   4.4
76.28   5.13773   4.4
76.3   5.15684   4.4
76.32   4.61836   4.4
76.34   5.51648   4.4
76.36   5.74302   4.4
76.38   6.05669   4.4
76.4   6.49062   4.4
76.42   7.07141   4.4
76.44   7.86569   4.4
76.46   8.97155   4.4
76.48   10.5642   4.4
76.5   12.9866   4.4
76.52   16.9173   4.4
76.54   23.5633   4.8542
76.56   34.6503   5.88645
76.58   51.7185   7.19156
76.6   73.1477   8.55264
76.62   87.1754   9.33678
76.64   79.168   8.89764
76.66   58.1298   7.62429
76.68   39.1987   6.26088
76.7   26.3448   5.13271
76.72   18.497   4.4
76.74   13.8562   4.4
76.76   11.0342   4.4
76.78   9.20596   4.4
76.8   7.94574   4.4
76.82   7.03928   4.4
76.84   6.37034   4.4
76.86   5.86919   4.4
76.88   5.4909   4.4
76.9   5.20526   4.4
76.92   4.99149   4.4
76.94   3.9135   4.4
76.96   3.82842   4.4
76.98   3.78172   4.4
77   3.76812   4.4
77.02   3.78383   4.4
77.04   3.8263   4.4
77.06   3.89385   4.4
77.08   3.98558   4.4
77.1   4.10122   4.4
77.12   4.24106   4.4
77.14   4.40594   4.4
77.16   4.59721   4.4
77.18   4.81677   4.4
77.2   5.06712   4.4
77.22   5.35139   4.4
77.24   5.67348   4.4
77.26   6.03819   4.4
77.28   6.45134   4.4
77.3   6.9201   4.4
77.32   7.45318   4.4
77.34   8.06135   4.4
77.36   8.75787   4.4
77.38   9.55927   4.4
77.4   10.4863   4.4
77.42   11.5651   4.4
77.44   12.8294   4.4
77.46   14.3226   4.4
77.48   16.1019   4.4
77.5   18.2432   4.4
77.52   20.8493   4.56611
77.54   24.0621   4.90531
77.56   28.0808   5.29914
77.58   33.1927   5.76131
77.6   39.8233   6.31057
77.62   48.6326   6.9737
77.64   60.7217   7.79241
77.66   78.1264   8.83891
77.68   104.892   10.2417
77.7   148.829   12.1995
77.72   222.971   14.9322
77.74   343.98   18.5467
77.76   521.002   22.8255
77.78   714.109   26.7228
77.8   780.647   27.9401
77.82   646.446   25.4253
77.84   450.628   21.228
77.86   295.89   17.2015
77.88   194.218   13.9362
77.9   132.205   11.498
77.92   94.977   9.74561
77.94   71.7397   8.46993
77.96   56.2717   7.50145
77.98   45.3596   6.73496
78   37.3306   6.10988
78.02   31.2427   5.58951
78.04   26.5183   5.1496
78.06   22.7816   4.773
78.08   19.7772   4.44716
78.1   17.2468   4.4
78.12   15.2254   4.4
78.14   13.5375   4.4
78.16   12.114   4.4
78.18   10.9027   4.4
78.2   9.86363   4.4
78.22   8.96571   4.4
78.24   8.1846   4.4
78.26   7.71329   4.4
78.28   7.11758   4.4
78.3   6.59153   4.4
78.32   6.12489   4.4
78.34   5.70926   4.4
78.36   5.33768   4.4
78.38   5.00434   4.4
78.4   4.70437   4.4
78.42   4.43368   4.4
78.44   4.18877   4.4
78.46   3.96668   4.4
78.48   3.76489   4.4
78.5   3.58122   4.4
78.52   3.41378   4.4
78.54   3.26095   4.4
78.56   3.12133   4.4
78.58   2.9937   4.4
78.6   2.87698   4.4
78.62   2.77026   4.4
78.64   2.67271   4.4
78.66   2.58363   4.4
78.68   2.50241   4.4
78.7   2.4285   4.4
78.72   2.36146   4.4
78.74   2.30087   4.4
78.76   2.24639   4.4
78.78   2.19775   4.4
78.8   2.1547   4.4
78.82   2.11706   4.4
78.84   2.08469   4.4
78.86   2.05748   4.4
78.88   2.03539   4.4
78.9   2.0184   4.4
78.92   2.00654   4.4
78.94   1.99991   4.4
78.96   1.99864   4.4
78.98   2.00292   4.4
79   2.013   4.4
79.02   2.02921   4.4
79.04   2.05193   4.4
79.06   2.08167   4.4
79.08   2.11901   4.4
79.1   2.16468   4.4
79.12   2.21953   4.4
79.14   2.2846   4.4
79.16   2.36115   4.4
79.18   2.45067   4.4
79.2   2.555   4.4
79.22   2.67636   4.4
79.24   2.81745   4.4
79.26   2.22895   4.4
79.28   2.44048   4.4
79.3   2.68362   4.4
79.32   2.95851   4.4
79.34   3.28655   4.4
79.36   3.67192   4.4
79.38   4.12865   4.4
79.4   4.67536   4.4
79.42   5.33703   4.4
79.44   6.14787   4.4
79.46   7.15558   4.4
79.48   8.42823   4.4
79.5   10.0655   4.4
79.52   12.2189   4.4
79.54   15.1333   4.4
79.56   19.2435   4.4
79.58   25.3978   5.03962
79.6   35.2764   5.93939
79.62   51.8838   7.20304
79.64   79.5572   8.91948
79.66   122.282   11.0581
79.68   176.49   13.2849
79.7   213.475   14.6108
79.72   195.147   13.9695
79.74   142.257   11.9271
79.76   93.8628   9.68828
79.78   60.8077   7.79793
79.8   40.565   6.36907
79.82   28.5728   5.34535
79.84   21.2674   4.61166
79.86   16.5164   4.4
79.88   13.2157   4.4
79.9   10.8101   4.4
79.92   8.99884   4.4
79.94   7.60201   4.4
79.96   6.50334   4.4
79.98   5.62444   4.4
80   4.9109   4.4
