1.54056
20   6.95146   4.4
20.02   7.32664   4.4
20.04   7.73339   4.4
20.06   8.17539   4.4
20.08   8.6569   4.4
20.1   9.18281   4.4
20.12   9.75884   4.4
20.14   10.3917   4.4
20.16   11.0891   4.4
20.18   11.8603   4.4
20.2   12.7164   4.4
20.22   13.6705   4.4
20.24   14.7382   4.4
20.26   15.9389   4.4
20.28   17.296   4.4
20.3   18.8384   4.4
20.32   20.6022   4.53896
20.34   22.6328   4.7574
20.36   24.9884   4.99884
20.38   27.7438   5.26724
20.4   30.9972   5.56752
20.42   34.8797   5.9059
20.44   39.5687   6.29036
20.46   45.3103   6.73129
20.48   52.4534   7.24247
20.5   61.5069   7.84263
20.52   73.2461   8.55839
20.54   88.939   9.43075
20.56   110.88   10.5299
20.58   143.558   11.9816
20.6   195.61   13.9861
20.62   281.541   16.7792
20.64   420.267   20.5004
20.66   623.602   24.972
20.68   852.418   29.1962
20.7   952.728   30.8663
20.72   830.826   28.824
20.74   640.222   25.3026
20.76   511.893   22.6251
20.78   478.166   21.867
20.8   545.971   23.366
20.82   721.802   26.8664
20.84   989.684   31.4592
20.86   1222.72   34.9674
20.88   1183.07   34.3958
20.9   900.821   30.0137
20.92   609.541   24.6889
20.94   401.533   20.0383
20.96   271.083   16.4646
20.98   192.783   13.8846
21   144.892   12.0371
21.02   113.741   10.6649
21.04   92.0567   9.59462
21.06   76.171   8.7276
21.08   64.1247   8.00779
21.1   54.7589   7.39992
21.12   47.3297   6.87966
21.14   41.3356   6.42928
21.16   36.4275   6.03552
21.18   32.3563   5.68826
21.2   28.9408   5.37967
21.22   26.0462   5.10355
21.24   23.571   4.855
21.26   21.4371   4.63002
21.28   19.5841   4.42539
21.3   17.9643   4.4
21.32   16.5399   4.4
21.34   15.2803   4.4
21.36   14.1609   4.4
21.38   13.1615   4.4
21.4   12.2653   4.4
21.42   11.4586   4.4
21.44   10.7296   4.4
21.46   13.5039   4.4
21.48   13   4.4
21.5   12.5531   4.4
21.52   12.1573   4.4
21.54   11.8077   4.4
21.56   11.5001   4.4
21.58   11.2309   4.4
21.6   10.9971   4.4
21.62   10.796   4.4
21.64   10.6254   4.4
21.66   10.4834   4.4
21.68   10.3685   4.4
21.7   10.2793   4.4
21.72   10.2148   4.4
21.74   10.1741   4.4
21.76   10.1565   4.4
21.78   10.1617   4.4
21.8   10.1892   4.4
21.82   10.239   4.4
21.84   10.3112   4.4
21.86   10.4059   4.4
21.88   10.5235   4.4
21.9   10.6646   4.4
21.92   10.83   4.4
21.94   11.0204   4.4
21.96   11.237   4.4
21.98   11.4812   4.4
22   11.7544   4.4
22.02   12.0586   4.4
22.04   12.3957   4.4
22.06   12.7682   4.4
22.08   13.1788   4.4
22.1   13.6307   4.4
22.12   14.1274   4.4
22.14   14.6733   4.4
22.16   14.429   4.4
22.18   15.1104   4.4
22.2   15.8565   4.4
22.22   16.6745   4.4
22.24   17.5728   4.4
22.26   18.5613   4.4
22.28   19.6512   4.43297
22.3   20.856   4.56683
22.32   22.1911   4.71074
22.34   23.6751   4.8657
22.36   24.2257   4.92197
22.38   26.1062   5.10942
22.4   28.2135   5.31164
22.42   30.5858   5.53044
22.44   33.269   5.76793
22.46   36.3199   6.0266
22.48   39.8083   6.30938
22.5   43.8216   6.61979
22.52   48.4701   6.96204
22.54   53.8941   7.34126
22.56   60.2751   7.7637
22.58   67.8499   8.2371
22.6   76.9328   8.77114
22.62   87.9477   9.37804
22.64   101.476   10.0735
22.66   118.332   10.8781
22.68   139.682   11.8187
22.7   167.243   12.9323
22.72   203.647   14.2705
22.74   253.202   15.9123
22.76   323.701   17.9917
22.78   430.5   20.7485
22.8   603.741   24.5711
22.82   895.822   29.9303
22.84   1378.74   37.1314
22.86   2108.58   45.9192
22.88   2982.17   54.6093
22.9   3455.85   58.7865
22.92   3016.09   54.9189
22.94   2144.71   46.311
22.96   1404.57   37.4776
22.98   911.917   30.198
23   613.274   24.7644
23.02   436.223   20.886
23.04   327.351   18.0928
23.06   255.697   15.9905
23.08   205.445   14.3334
23.1   168.587   12.9841
23.12   140.712   11.8622
23.14   119.138   10.915
23.16   102.118   10.1053
23.18   88.4665   9.40567
23.2   77.358   8.79534
23.22   68.2025   8.25848
23.24   60.5707   7.78272
23.26   54.1443   7.35828
23.28   48.6836   6.97736
23.3   44.0053   6.63365
23.32   39.9674   6.32198
23.34   36.4586   6.0381
23.36   33.3907   5.77847
23.38   30.6931   5.54014
23.4   28.3086   5.32059
23.42   26.1908   5.1177
23.44   24.3015   4.92965
23.46   22.6089   4.75488
23.48   21.0868   4.59203
23.5   19.713   4.43993
23.52   18.469   4.4
23.54   17.3388   4.4
23.56   16.3092   4.4
23.58   15.3684   4.4
23.6   14.5067   4.4
23.62   13.7153   4.4
23.64   12.9869   4.4
23.66   12.3149   4.4
23.68   11.6937   4.4
23.7   11.1182   4.4
23.72   10.5842   4.4
23.74   10.0877   4.4
23.76   9.62531   4.4
23.78   9.19396   4.4
23.8   8.79093   4.4
23.82   8.41381   4.4
23.84   8.06043   4.4
23.86   7.72883   4.4
23.88   7.41727   4.4
23.9   7.12415   4.4
23.92   6.84806   4.4
23.94   6.58771   4.4
23.96   6.34191   4.4
23.98   6.1096   4.4
24   5.88983   4.4
24.02   5.68169   4.4
24.04   5.48439   4.4
24.06   5.29718   4.4
24.08   5.11939   4.4
24.1   4.9504   4.4
24.12   4.78964   4.4
24.14   4.63658   4.4
24.16   4.49074   4.4
24.18   4.35166   4.4
24.2   4.21895   4.4
24.22   4.09221   4.4
24.24   3.9711   4.4
24.26   3.85528   4.4
24.28   3.74446   4.4
24.3   3.63834   4.4
24.32   3.53667   4.4
24.34   3.4392   4.4
24.36   0   4.4
24.38   0   4.4
24.4   0   4.4
24.42   0   4.4
24.44   0   4.4
24.46   0   4.4
24.48   0   4.4
24.5   0   4.4
24.52   0   4.4
24.54   0   4.4
24.56   0   4.4
24.58   0   4.4
24.6   0   4.4
24.62   0   4.4
24.64   0   4.4
24.66   0   4.4
24.68   0   4.4
24.7   0   4.4
24.72   0   4.4
24.74   0   4.4
24.76   0   4.4
24.78   0   4.4
24.8   0   4.4
24.82   0   4.4
24.84   0   4.4
24.86   0   4.4
24.88   0   4.4
24.9   0   4.4
24.92   0   4.4
24.94   0   4.4
24.96   0   4.4
24.98   0   4.4
25   0   4.4
25.02   0   4.4
25.04   0   4.4
25.06   0   4.4
25.08   0   4.4
25.1   0   4.4
25.12   0   4.4
25.14   0   4.4
25.16   0   4.4
25.18   0   4.4
25.2   0   4.4
25.22   0   4.4
25.24   0   4.4
25.26   0   4.4
25.28   0   4.4
25.3   0   4.4
25.32   0   4.4
25.34   0   4.4
25.36   0   4.4
25.38   0   4.4
25.4   0   4.4
25.42   0   4.4
25.44   0   4.4
25.46   0   4.4
25.48   0   4.4
25.5   0   4.4
25.52   0   4.4
25.54   0   4.4
25.56   0   4.4
25.58   0   4.4
25.6   0   4.4
25.62   0   4.4
25.64   0   4.4
25.66   0   4.4
25.68   0   4.4
25.7   0   4.4
25.72   0   4.4
25.74   0   4.4
25.76   0   4.4
25.78   0   4.4
25.8   0   4.4
25.82   0   4.4
25.84   0   4.4
25.86   0   4.4
25.88   0   4.4
25.9   0   4.4
25.92   0   4.4
25.94   4.52316   4.4
25.96   4.64994   4.4
25.98   4.78212   4.4
26   4.92002   4.4
26.02   5.06397   4.4
26.04   5.21432   4.4
26.06   5.37147   4.4
26.08   5.53583   4.4
26.1   5.70784   4.4
26.12   5.88799   4.4
26.14   6.0768   4.4
26.16   6.27484   4.4
26.18   16.2838   4.4
26.2   16.7788   4.4
26.22   17.2969   4.4
26.24   17.8395   4.4
26.26   18.4083   4.4
26.28   19.005   4.4
26.3   19.6314   4.43073
26.32   20.2895   4.50439
26.34   20.9817   4.58057
26.36   21.7101   4.65942
26.38   22.4776   4.74106
26.4   23.287   4.82566
26.42   24.1413   4.91338
26.44   25.044   5.0044
26.46   25.9989   5.09891
26.48   27.0102   5.19713
26.5   28.0824   5.29928
26.52   29.2205   5.4056
26.54   30.4302   5.51636
26.56   31.7177   5.63184
26.58   33.0898   5.75238
26.6   34.5544   5.8783
26.62   36.12   6.00999
26.64   37.7963   6.14787
26.66   39.5941   6.29238
26.68   41.5257   6.44404
26.7   43.605   6.60341
26.72   45.8477   6.77109
26.74   48.2717   6.94779
26.76   50.8977   7.13426
26.78   53.7491   7.33138
26.8   56.8531   7.5401
26.82   60.2413   7.76153
26.84   63.9504   7.9969
26.86   68.0233   8.24762
26.88   72.5105   8.51531
26.9   77.4721   8.80182
26.92   82.9794   9.10931
26.94   89.1184   9.44025
26.96   95.9929   9.79759
26.98   103.73   10.1848
27   112.485   10.6059
27.02   122.453   11.0658
27.04   133.878   11.5706
27.06   147.073   12.1274
27.08   162.439   12.7451
27.1   180.503   13.4351
27.12   201.968   14.2115
27.14   227.788   15.0926
27.16   259.285   16.1023
27.18   298.34   17.2725
27.2   347.706   18.6469
27.22   411.6   20.2879
27.24   496.992   22.2933
27.26   616.647   24.8324
27.28   795.701   28.2082
27.3   1082.21   32.897
27.32   1555.54   39.4403
27.34   2315.66   48.1213
27.36   3413.15   58.4221
27.38   4592.14   67.7653
27.4   4991.23   70.6486
27.42   4225.88   65.0068
27.44   3153.37   56.1549
27.46   2375.33   48.7374
27.48   1973.8   44.4275
27.5   1897.33   43.5584
27.52   2126.59   46.115
27.54   2731.29   52.2618
27.56   3872.95   62.2331
27.58   5726.53   75.6739
27.6   8172.97   90.4045
27.62   10000   100
27.64   9345.7   96.6732
27.66   6925.76   83.2212
27.68   4617.6   67.9529
27.7   3015.94   54.9176
27.72   2026.43   45.0158
27.74   1437.18   37.9102
27.76   1080.71   32.8742
27.78   846.529   29.0952
27.8   683.486   26.1436
27.82   564.238   23.7537
27.84   474.07   21.7731
27.86   404.203   20.1048
27.88   348.982   18.6811
27.9   309.721   17.5989
27.92   273.654   16.5425
27.94   243.882   15.6167
27.96   219.031   14.7997
27.98   198.085   14.0743
28   180.276   13.4267
28.02   165.019   12.846
28.04   151.86   12.3231
28.06   140.443   11.8509
28.08   130.486   11.423
28.1   121.763   11.0346
28.12   114.091   10.6813
28.14   107.322   10.3596
28.16   101.333   10.0664
28.18   96.0237   9.79917
28.2   91.3104   9.55565
28.22   87.1231   9.33398
28.24   83.4034   9.13255
28.26   80.1021   8.94998
28.28   77.1777   8.78508
28.3   74.5955   8.63687
28.32   72.3262   8.50448
28.34   70.3453   8.38721
28.36   68.6323   8.28446
28.38   67.1705   8.19576
28.4   65.9463   8.12073
28.42   64.9491   8.0591
28.44   64.171   8.01068
28.46   63.6064   7.97536
28.48   63.2524   7.95314
28.5   63.1083   7.94407
28.52   63.1761   7.94834
28.54   63.4598   7.96617
28.56   63.9666   7.99791
28.58   64.7061   8.04401
28.6   65.6913   8.10502
28.62   66.9386   8.1816
28.64   68.4686   8.27457
28.66   70.3064   8.38489
28.68   72.4829   8.51369
28.7   75.0355   8.66231
28.72   78.0097   8.83231
28.74   81.4607   9.02556
28.76   85.4558   9.24423
28.78   90.0774   9.49091
28.8   95.4271   9.76868
28.82   101.63   10.0812
28.84   108.845   10.4329
28.86   112.803   10.6209
28.88   122.807   11.0818
28.9   134.595   11.6015
28.92   148.593   12.1899
28.94   165.368   12.8596
28.96   185.686   13.6267
28.98   210.602   14.5121
29   241.605   15.5437
29.02   280.854   16.7587
29.04   331.608   18.2101
29.06   399.15   19.9787
29.08   492.911   22.2016
29.1   621.702   24.934
29.12   839.308   28.9708
29.14   1194.02   34.5546
29.16   1761.48   41.97
29.18   2590.43   50.8963
29.2   3532.64   59.436
29.22   4005.69   63.2905
29.24   3698.12   60.8122
29.26   3272.51   57.2059
29.28   3303.15   57.473
29.3   3940.11   62.7703
29.32   4981.36   70.5788
29.34   5567.13   74.6132
29.36   4849.66   69.6395
29.38   3485.24   59.0359
29.4   2321.56   48.1826
29.42   1540.3   39.2467
29.44   1060.67   32.5679
29.46   771.603   27.7777
29.48   590.584   24.3019
29.5   469.349   21.6645
29.52   382.984   19.57
29.54   318.731   17.853
29.56   269.489   16.4161
29.58   230.896   15.1952
29.6   200.084   14.1451
29.62   175.09   13.2322
29.64   154.534   12.4312
29.66   137.421   11.7227
29.68   123.021   11.0915
29.7   110.786   10.5255
29.72   100.301   10.015
29.74   91.2469   9.55232
29.76   83.3732   9.13089
29.78   76.4825   8.74543
29.8   70.417   8.39148
29.82   65.0494   8.06532
29.84   60.2763   7.76378
29.86   56.0125   7.48415
29.88   52.1879   7.22412
29.9   48.7439   6.98168
29.92   45.6315   6.75511
29.94   42.8092   6.54287
29.96   40.2419   6.34365
29.98   37.8998   6.15628
30   35.7572   5.97973
30.02   33.7919   5.81308
30.04   31.9848   5.65551
30.06   30.3195   5.50631
30.08   28.7813   5.36482
30.1   27.3576   5.23045
30.12   26.0373   5.10268
30.14   24.8107   4.98103
30.16   23.6689   4.86507
30.18   22.6044   4.75441
30.2   21.6104   4.6487
30.22   20.6806   4.5476
30.24   19.8098   4.45082
30.26   18.9929   4.4
30.28   18.2257   4.4
30.3   17.5041   4.4
30.32   16.8246   4.4
30.34   16.184   4.4
30.36   15.5794   4.4
30.38   15.0082   4.4
30.4   14.4678   4.4
30.42   13.9562   4.4
30.44   13.4712   4.4
30.46   13.0112   4.4
30.48   12.5744   4.4
30.5   12.1592   4.4
30.52   11.7643   4.4
30.54   11.3884   4.4
30.56   11.0302   4.4
30.58   10.6887   4.4
30.6   10.3628   4.4
30.62   10.0516   4.4
30.64   9.75424   4.4
30.66   9.46991   4.4
30.68   5.94066   4.4
30.7   5.76732   4.4
30.72   5.60146   4.4
30.74   5.44265   4.4
30.76   5.29049   4.4
30.78   5.14462   4.4
30.8   0   4.4
30.82   0   4.4
30.84   0   4.4
30.86   0   4.4
30.88   0   4.4
30.9   0   4.4
30.92   0   4.4
30.94   0   4.4
30.96   0   4.4
30.98   0   4.4
31   0   4.4
31.02   0   4.4
31.04   0   4.4
31.06   0   4.4
31.08   0   4.4
31.1   0   4.4
31.12   0   4.4
31.14   0   4.4
31.16   0   4.4
31.18   0   4.4
31.2   0   4.4
31.22   0   4.4
31.24   0   4.4
31.26   0   4.4
31.28   0   4.4
31.3   0   4.4
31.32   0   4.4
31.34   0   4.4
31.36   0   4.4
31.38   0   4.4
31.4   0   4.4
31.42   0   4.4
31.44   0   4.4
31.46   0   4.4
31.48   0   4.4
31.5   0   4.4
31.52   0   4.4
31.54   0   4.4
31.56   0   4.4
31.58   0   4.4
31.6   0   4.4
31.62   0   4.4
31.64   0   4.4
31.66   0   4.4
31.68   0   4.4
31.7   0   4.4
31.72   0   4.4
31.74   0   4.4
31.76   0   4.4
31.78   0   4.4
31.8   0   4.4
31.82   0   4.4
31.84   0   4.4
31.86   0   4.4
31.88   0   4.4
31.9   0   4.4
31.92   0   4.4
31.94   0   4.4
31.96   0   4.4
31.98   0   4.4
32   0   4.4
32.02   0   4.4
32.04   0   4.4
32.06   0   4.4
32.08   0   4.4
32.1   0   4.4
32.12   0   4.4
32.14   0   4.4
32.16   0   4.4
32.18   0   4.4
32.2   0   4.4
32.22   0   4.4
32.24   0   4.4
32.26   0   4.4
32.28   0   4.4
32.3   0   4.4
32.32   0   4.4
32.34   0   4.4
32.36   0   4.4
32.38   0   4.4
32.4   0   4.4
32.42   0   4.4
32.44   0   4.4
32.46   0   4.4
32.48   0   4.4
32.5   0   4.4
32.52   0   4.4
32.54   0   4.4
32.56   0   4.4
32.58   0   4.4
32.6   0   4.4
32.62   0   4.4
32.64   0   4.4
32.66   0   4.4
32.68   0   4.4
32.7   0   4.4
32.72   0   4.4
32.74   0   4.4
32.76   0   4.4
32.78   0   4.4
32.8   0   4.4
32.82   0   4.4
32.84   0   4.4
32.86   0   4.4
32.88   0   4.4
32.9   0   4.4
32.92   0   4.4
32.94   0   4.4
32.96   0   4.4
32.98   0   4.4
33   0   4.4
33.02   0   4.4
33.04   0   4.4
33.06   0   4.4
33.08   0   4.4
33.1   0   4.4
33.12   0   4.4
33.14   0.293248   4.4
33.16   0.301545   4.4
33.18   0.310198   4.4
33.2   0.31923   4.4
33.22   0.328661   4.4
33.24   0.338517   4.4
33.26   0.348822   4.4
33.28   0.359605   4.4
33.3   0.370895   4.4
33.32   0.382726   4.4
33.34   0.395131   4.4
33.36   0.408149   4.4
33.38   0.421821   4.4
33.4   0.436191   4.4
33.42   0.451307   4.4
33.44   0.467222   4.4
33.46   0.483994   4.4
33.48   0.501685   4.4
33.5   0.520363   4.4
33.52   0.540104   4.4
33.54   0.560988   4.4
33.56   0.583106   4.4
33.58   0.606558   4.4
33.6   0.631452   4.4
33.62   0.657909   4.4
33.64   0.686063   4.4
33.66   0.716062   4.4
33.68   0.74807   4.4
33.7   0.782271   4.4
33.72   0.818869   4.4
33.74   0.858094   4.4
33.76   0.900203   4.4
33.78   0.945484   4.4
33.8   0.994266   4.4
33.82   1.04692   4.4
33.84   1.10386   4.4
33.86   1.16556   4.4
33.88   1.23258   4.4
33.9   1.30554   4.4
33.92   1.38517   4.4
33.94   1.47228   4.4
33.96   1.56787   4.4
33.98   1.67305   4.4
34   1.78916   4.4
34.02   1.91775   4.4
34.04   2.06067   4.4
34.06   2.22014   4.4
34.08   2.3988   4.4
34.1   2.59983   4.4
34.12   2.82714   4.4
34.14   3.08547   4.4
34.16   3.38072   4.4
34.18   3.72022   4.4
34.2   4.11324   4.4
34.22   4.57156   4.4
34.24   5.11036   4.4
34.26   5.74949   4.4
34.28   6.51524   4.4
34.3   7.443   4.4
34.32   8.58125   4.4
34.34   9.99779   4.4
34.36   11.7895   4.4
34.38   14.0988   4.4
34.4   17.1428   4.4
34.42   21.275   4.61249
34.44   27.1294   5.20859
34.46   35.9496   5.9958
34.48   50.1881   7.08435
34.5   74.1667   8.61201
34.52   113.967   10.6755
34.54   174.744   13.2191
34.56   249.609   15.799
34.58   295.234   17.1824
34.6   263.239   16.2246
34.62   189.286   13.7581
34.64   124.366   11.1519
34.66   80.6492   8.98049
34.68   54.0284   7.3504
34.7   38.255   6.18506
34.72   28.5994   5.34784
34.74   22.2798   4.72015
34.76   17.8671   4.4
34.78   14.6398   4.4
34.8   12.2042   4.4
34.82   10.3223   4.4
34.84   8.83963   4.4
34.86   7.65191   4.4
34.88   6.68646   4.4
34.9   5.8915   4.4
34.92   5.2724   4.4
34.94   4.71652   4.4
34.96   4.24472   4.4
34.98   3.84102   4.4
35   3.49301   4.4
35.02   3.191   4.4
35.04   2.92731   4.4
35.06   2.69581   4.4
35.08   2.49151   4.4
35.1   2.3104   4.4
35.12   2.14915   4.4
35.14   2.00502   4.4
35.16   1.87573   4.4
35.18   1.75938   4.4
35.2   1.65435   4.4
35.22   2.96069   4.4
35.24   2.914   4.4
35.26   2.87683   4.4
35.28   2.84842   4.4
35.3   2.82815   4.4
35.32   2.8155   4.4
35.34   2.81004   4.4
35.36   2.81143   4.4
35.38   2.8194   4.4
35.4   2.83374   4.4
35.42   2.8543   4.4
35.44   2.88099   4.4
35.46   2.91375   4.4
35.48   2.95261   4.4
35.5   2.99759   4.4
35.52   3.04882   4.4
35.54   3.10641   4.4
35.56   3.17057   4.4
35.58   3.24152   4.4
35.6   3.31956   4.4
35.62   3.40503   4.4
35.64   3.49831   4.4
35.66   3.59988   4.4
35.68   3.71026   4.4
35.7   3.83004   4.4
35.72   3.95993   4.4
35.74   4.10069   4.4
35.76   4.25323   4.4
35.78   4.41855   4.4
35.8   4.5978   4.4
35.82   4.79231   4.4
35.84   5.00358   4.4
35.86   5.23332   4.4
35.88   5.48354   4.4
35.9   5.75653   4.4
35.92   6.05496   4.4
35.94   6.38195   4.4
35.96   6.74116   4.4
35.98   7.13692   4.4
36   7.57442   4.4
36.02   8.05988   4.4
36.04   8.31402   4.4
36.06   8.92759   4.4
36.08   9.61739   4.4
36.1   10.3983   4.4
36.12   11.2894   4.4
36.14   12.3163   4.4
36.16   14.8783   4.4
36.18   16.3337   4.4
36.2   18.0855   4.4
36.22   20.26   4.50112
36.24   23.0907   4.80528
36.26   27.0131   5.19741
36.28   32.7547   5.72317
36.3   41.2805   6.42499
36.32   53.2777   7.29915
36.34   67.1414   8.19398
36.36   75.6475   8.69756
36.38   73.5551   8.57643
36.4   68.0027   8.24637
36.42   65.7346   8.10769
36.44   68.2633   8.26216
36.46   75.4951   8.68879
36.48   87.5219   9.35531
36.5   105.288   10.261
36.52   131.224   11.4553
36.54   170.581   13.0607
36.56   234.045   15.2985
36.58   340.978   18.4656
36.6   519.721   22.7974
36.62   797.268   28.2359
36.64   1154.39   33.9763
36.66   1410.69   37.5591
36.68   1306.47   36.1452
36.7   960.515   30.9922
36.72   636.756   25.234
36.74   414.268   20.3536
36.76   277.481   16.6578
36.78   196.51   14.0182
36.8   147.379   12.14
36.82   115.61   10.7522
36.84   93.6779   9.67874
36.86   77.8021   8.82055
36.88   65.9473   8.12079
36.9   56.9   7.54321
36.92   49.8801   7.06259
36.94   44.3637   6.66061
36.96   39.9885   6.32364
36.98   36.4989   6.04143
37   33.7114   5.80615
37.02   31.4923   5.6118
37.04   29.7438   5.45378
37.06   28.3939   5.32859
37.08   27.3903   5.23358
37.1   26.696   5.16681
37.12   26.2859   5.12698
37.14   26.1456   5.11328
37.16   26.2701   5.12544
37.18   26.6632   5.16364
37.2   27.3381   5.22859
37.22   28.3183   5.32149
37.24   29.639   5.44417
37.26   31.3504   5.59914
37.28   33.5216   5.78979
37.3   36.2467   6.02052
37.32   39.654   6.29714
37.34   43.9197   6.6272
37.36   49.289   7.02061
37.38   56.1083   7.49055
37.4   64.8781   8.05469
37.42   76.3405   8.7373
37.44   91.6444   9.57311
37.46   112.699   10.616
37.48   143.016   11.9589
37.5   189.566   13.7683
37.52   265.873   16.3056
37.54   394.773   19.8689
37.56   606.046   24.618
37.58   918.036   30.2991
37.6   1267.56   35.6027
37.62   1406.42   37.5022
37.64   1178.74   34.3328
37.66   823.176   28.691
37.68   538.196   23.1991
37.7   352.5   18.775
37.72   240.884   15.5204
37.74   174.65   13.2155
37.76   133.63   11.5598
37.78   106.451   10.3175
37.8   87.3632   9.34683
37.82   73.3951   8.56709
37.84   62.9984   7.93715
37.86   55.1345   7.42526
37.88   49.1626   7.0116
37.9   44.663   6.68304
37.92   41.3652   6.43158
37.94   39.1072   6.25357
37.96   37.8166   6.14952
37.98   37.5072   6.12431
38   38.2932   6.18815
38.02   40.436   6.35893
38.04   44.465   6.66821
38.06   51.4694   7.17422
38.08   63.667   7.97916
38.1   85.1227   9.2262
38.12   121.892   11.0405
38.14   178.653   13.3661
38.16   255.107   15.9721
38.18   313.346   17.7016
38.2   295.054   17.1771
38.22   220.509   14.8496
38.24   148.506   12.1863
38.26   98.309   9.91509
38.28   67.2094   8.19814
38.3   48.6445   6.97456
38.32   37.278   6.10557
38.34   29.8463   5.46318
38.36   24.6419   4.96407
38.38   20.8069   4.56146
38.4   17.881   4.4
38.42   15.5904   4.4
38.44   13.7591   4.4
38.46   12.2684   4.4
38.48   11.0357   4.4
38.5   10.0024   4.4
38.52   9.12566   4.4
38.54   8.37377   4.4
38.56   7.7228   4.4
38.58   7.1544   4.4
38.6   6.6543   4.4
38.62   6.21129   4.4
38.64   5.81641   4.4
38.66   5.46245   4.4
38.68   5.14357   4.4
38.7   4.85494   4.4
38.72   4.59258   4.4
38.74   4.35317   4.4
38.76   4.13392   4.4
38.78   3.93247   4.4
38.8   3.74681   4.4
38.82   3.5752   4.4
38.84   3.41618   4.4
38.86   3.26844   4.4
38.88   3.13089   4.4
38.9   3.00254   4.4
38.92   2.88254   4.4
38.94   2.77012   4.4
38.96   2.66464   4.4
38.98   2.56548   4.4
39   2.47213   4.4
39.02   2.38411   4.4
39.04   2.30101   4.4
39.06   2.22244   4.4
39.08   0.793637   4.4
39.1   0.759391   4.4
39.12   0.727313   4.4
39.14   0.697223   4.4
39.16   0.668962   4.4
39.18   0.642383   4.4
39.2   0.617356   4.4
39.22   0.593762   4.4
39.24   0.571495   4.4
39.26   0.550456   4.4
39.28   0.530557   4.4
39.3   0.511718   4.4
39.32   0.493864   4.4
39.34   0.476927   4.4
39.36   0.460846   4.4
39.38   0.445565   4.4
39.4   0.431031   4.4
39.42   0.417197   4.4
39.44   0.404017   4.4
39.46   0.391452   4.4
39.48   0.379464   4.4
39.5   0.368018   4.4
39.52   0.357082   4.4
39.54   0.346626   4.4
39.56   0.336623   4.4
39.58   0.327046   4.4
39.6   0.317872   4.4
39.62   0.309079   4.4
39.64   0.300645   4.4
39.66   0   4.4
39.68   0   4.4
39.7   0   4.4
39.72   0   4.4
39.74   0   4.4
39.76   0   4.4
39.78   0   4.4
39.8   0   4.4
39.82   0   4.4
39.84   0   4.4
39.86   0   4.4
39.88   0   4.4
39.9   0   4.4
39.92   0   4.4
39.94   0   4.4
39.96   0   4.4
39.98   0   4.4
40   0   4.4
40.02   0.185666   4.4
40.04   0.190879   4.4
40.06   0.196314   4.4
40.08   0.201985   4.4
40.1   0.207904   4.4
40.12   0.214088   4.4
40.14   0.220552   4.4
40.16   0.227312   4.4
40.18   0.234388   4.4
40.2   0.2418   4.4
40.22   0.249569   4.4
40.24   0.257717   4.4
40.26   0.266272   4.4
40.28   0.275259   4.4
40.3   0.284709   4.4
40.32   0.294653   4.4
40.34   0.305128   4.4
40.36   0.31617   4.4
40.38   0.327823   4.4
40.4   0.340131   4.4
40.42   0.353146   4.4
40.44   0.366921   4.4
40.46   0.381518   4.4
40.48   0.397002   4.4
40.5   0.413448   4.4
40.52   0.430936   4.4
40.54   0.449557   4.4
40.56   0.46941   4.4
40.58   0.490606   4.4
40.6   0.84942   4.4
40.62   0.883192   4.4
40.64   1.60978   4.4
40.66   1.66724   4.4
40.68   1.72809   4.4
40.7   1.79264   4.4
40.72   1.8612   4.4
40.74   1.93416   4.4
40.76   2.01193   4.4
40.78   2.09498   4.4
40.8   2.18385   4.4
40.82   2.27914   4.4
40.84   2.38156   4.4
40.86   2.66606   4.4
40.88   2.79013   4.4
40.9   2.92434   4.4
40.92   3.06995   4.4
40.94   3.22844   4.4
40.96   3.40157   4.4
40.98   3.59142   4.4
41   4.19327   4.4
41.02   4.43546   4.4
41.04   4.70403   4.4
41.06   5.0035   4.4
41.08   5.33951   4.4
41.1   5.71913   4.4
41.12   6.15133   4.4
41.14   6.64763   4.4
41.16   7.22309   4.4
41.18   7.89763   4.4
41.2   8.69817   4.4
41.22   9.66167   4.4
41.24   10.8401   4.4
41.26   12.3083   4.4
41.28   14.1775   4.4
41.3   16.6214   4.4
41.32   19.9332   4.46466
41.34   24.663   4.96618
41.36   31.9064   5.64857
41.38   45.7175   6.76147
41.4   65.5672   8.09735
41.42   97.4114   9.86972
41.44   142.557   11.9397
41.46   187.774   13.7031
41.48   196.141   14.005
41.5   158.585   12.5931
41.52   111.895   10.578
41.54   76.9859   8.77416
41.56   55.0785   7.42149
41.58   42.3734   6.50949
41.6   35.1921   5.93229
41.62   31.1007   5.5768
41.64   28.781   5.36479
41.66   27.5841   5.25206
41.68   27.1896   5.21437
41.7   27.4332   5.23768
41.72   28.2345   5.31361
41.74   29.568   5.43765
41.76   31.4524   5.60824
41.78   33.9479   5.82648
41.8   37.1618   6.09605
41.82   41.2611   6.42348
41.84   46.497   6.81887
41.86   53.2484   7.29715
41.88   62.1077   7.88085
41.9   74.0706   8.60643
41.92   90.9532   9.53694
41.94   116.171   10.7782
41.96   155.747   12.4799
41.98   218.838   14.7932
42   316.07   17.7783
42.02   449.297   21.1966
42.04   584.598   24.1785
42.06   678.792   26.0536
42.08   770.541   27.7586
42.1   860.958   29.3421
42.12   822.707   28.6829
42.14   639.424   25.2868
42.16   447.37   21.1511
42.18   311.31   17.644
42.2   230.581   15.1849
42.22   189.317   13.7592
42.24   176.743   13.2945
42.26   187.499   13.693
42.28   218.451   14.7801
42.3   256.642   16.02
42.32   267.521   16.3561
42.34   238.748   15.4515
42.36   205.754   14.3441
42.38   194.484   13.9457
42.4   214.072   14.6312
42.42   269.643   16.4208
42.44   359.823   18.969
42.46   451.367   21.2454
42.48   462.025   21.4948
42.5   376.668   19.4079
42.52   275.796   16.6071
42.54   202.4   14.2267
42.56   158.296   12.5816
42.58   135.299   11.6318
42.6   125.825   11.2172
42.62   125.196   11.1891
42.64   131.393   11.4627
42.66   144.239   12.01
42.68   164.975   12.8442
42.7   196.598   14.0213
42.72   245.369   15.6643
42.74   324.157   18.0044
42.76   457.263   21.3837
42.78   682.877   26.1319
42.8   1044.11   32.3127
42.82   1544.11   39.2952
42.84   2002.04   44.7441
42.86   2008.19   44.8128
42.88   1554.46   39.4266
42.9   1050.45   32.4107
42.92   683.76   26.1488
42.94   453.363   21.2923
42.96   316.091   17.779
42.98   233.72   15.2879
43   181.306   13.465
43.02   145.574   12.0654
43.04   119.874   10.9487
43.06   100.715   10.0357
43.08   86.0691   9.27734
43.1   74.6561   8.64037
43.12   65.6225   8.10077
43.14   58.3826   7.64085
43.16   52.5245   7.24738
43.18   47.7536   6.9104
43.2   43.8558   6.62237
43.22   40.6749   6.37769
43.24   38.0963   6.17222
43.26   36.0372   6.0031
43.28   34.4396   5.86853
43.3   33.2664   5.7677
43.32   32.4989   5.70078
43.34   32.1363   5.66888
43.36   32.197   5.67424
43.38   32.7219   5.7203
43.4   33.7802   5.81207
43.42   35.4795   5.95647
43.44   37.9826   6.163
43.46   41.5344   6.44472
43.48   46.5107   6.81987
43.5   53.5117   7.31517
43.52   63.256   7.95337
43.54   78.379   8.85319
43.56   102.52   10.1252
43.58   143.111   11.9629
43.6   211.122   14.53
43.62   321.042   17.9176
43.64   473.103   21.7509
43.66   612.169   24.7421
43.68   613.655   24.7721
43.7   475.449   21.8048
43.72   322.118   17.9477
43.74   210.567   14.5109
43.76   140.44   11.8507
43.78   98.4872   9.92407
43.8   73.3306   8.56333
43.82   57.2705   7.56773
43.84   46.2754   6.8026
43.86   38.3244   6.19067
43.88   32.3569   5.68831
43.9   27.7563   5.26843
43.92   24.1326   4.91249
43.94   21.2254   4.60711
43.96   18.471   4.4
43.98   16.5217   4.4
44   14.8911   4.4
44.02   13.5119   4.4
44.04   12.3336   4.4
44.06   11.318   4.4
44.08   10.4355   4.4
44.1   9.66293   4.4
44.12   9.23582   4.4
44.14   8.63935   4.4
44.16   8.10865   4.4
44.18   7.63416   4.4
44.2   7.20806   4.4
44.22   6.82387   4.4
44.24   6.4762   4.4
44.26   6.16053   4.4
44.28   5.87306   4.4
44.3   5.61054   4.4
44.32   5.37024   4.4
44.34   3.22845   4.4
44.36   3.07635   4.4
44.38   2.93836   4.4
44.4   2.81307   4.4
44.42   2.69926   4.4
44.44   2.59588   4.4
44.46   2.50201   4.4
44.48   2.41686   4.4
44.5   2.33973   4.4
44.52   2.27002   4.4
44.54   2.20724   4.4
44.56   2.15092   4.4
44.58   2.10068   4.4
44.6   2.05622   4.4
44.62   2.01725   4.4
44.64   1.98355   4.4
44.66   1.95496   4.4
44.68   1.93135   4.4
44.7   1.91261   4.4
44.72   1.89872   4.4
44.74   2.82058   4.4
44.76   2.84274   4.4
44.78   2.87099   4.4
44.8   2.90552   4.4
44.82   2.94658   4.4
44.84   2.99447   4.4
44.86   3.04958   4.4
44.88   3.11235   4.4
44.9   3.18331   4.4
44.92   3.26309   4.4
44.94   3.35243   4.4
44.96   3.45221   4.4
44.98   3.56343   4.4
45   3.68732   4.4
45.02   3.82527   4.4
45.04   3.97897   4.4
45.06   4.15042   4.4
45.08   4.34199   4.4
45.1   4.55655   4.4
45.12   4.79756   4.4
45.14   5.06921   4.4
45.16   4.79241   4.4
45.18   5.15745   4.4
45.2   5.57208   4.4
45.22   6.04643   4.4
45.24   6.59344   4.4
45.26   7.22982   4.4
45.28   7.97753   4.4
45.3   8.86584   4.4
45.32   9.93447   4.4
45.34   11.254   4.4
45.36   12.8714   4.4
45.38   14.9147   4.4
45.4   19.2075   4.4
45.42   22.7552   4.77024
45.44   27.6317   5.25659
45.46   34.7236   5.89267
45.48   45.7978   6.76741
45.5   64.1271   8.00794
45.52   94.7452   9.73372
45.54   143.104   11.9626
45.56   208.664   14.4452
45.58   265.374   16.2903
45.6   260.922   16.1531
45.62   200.978   14.1767
45.64   137.911   11.7435
45.66   93.0169   9.64453
45.68   65.3   8.08084
45.7   49.186   7.01328
45.72   39.8624   6.31366
45.74   34.3025   5.85684
45.76   30.9108   5.55974
45.78   29.2754   5.41068
45.8   28.2623   5.31623
45.82   28.0229   5.29367
45.84   28.4476   5.33363
45.86   29.4943   5.43086
45.88   31.1749   5.58345
45.9   33.5521   5.79242
45.92   36.7456   6.06182
45.94   40.9473   6.39901
45.96   46.4506   6.81547
45.98   53.7014   7.32812
46   63.3933   7.96199
46.02   76.6696   8.75612
46.04   95.6   9.77752
46.06   124.264   11.1474
46.08   173.006   13.1532
46.1   251.285   15.852
46.12   380.799   19.5141
46.14   577.183   24.0246
46.16   814.72   28.5433
46.18   949.5   30.814
46.2   836.945   28.93
46.22   601.698   24.5295
46.24   399.724   19.9931
46.26   265.004   16.2789
46.28   183.541   13.5477
46.3   135.637   11.6463
46.32   106.636   10.3265
46.34   88.0036   9.38103
46.36   75.3813   8.68224
46.38   66.5749   8.15934
46.4   60.3921   7.77124
46.42   56.1231   7.49153
46.44   53.322   7.30219
46.46   51.7055   7.19066
46.48   51.0997   7.1484
46.5   51.4092   7.17002
46.52   52.6018   7.25271
46.54   54.7008   7.396
46.56   57.7867   7.60175
46.58   62.0048   7.87431
46.6   67.5833   8.22091
46.62   74.864   8.6524
46.64   84.3559   9.18455
46.66   96.8284   9.84014
46.68   113.479   10.6526
46.7   136.242   11.6723
46.72   168.42   12.9777
46.74   216.048   14.6986
46.76   290.389   17.0408
46.78   410.757   20.2671
46.8   606.912   24.6356
46.82   915.62   30.2592
46.84   1337.31   36.5693
46.86   1705.72   41.3004
46.88   1678.86   40.9738
46.9   1286.96   35.8743
46.92   871.93   29.5285
46.94   575.172   23.9828
46.96   390.913   19.7715
46.98   282.82   16.8173
47   219.398   14.8121
47.02   180.854   13.4482
47.04   156.856   12.5242
47.06   142.554   11.9396
47.08   135.733   11.6504
47.1   136.884   11.6998
47.12   147.911   12.1619
47.14   173.716   13.1802
47.16   221.656   14.8881
47.18   297.951   17.2613
47.2   393.187   19.8289
47.22   451.255   21.2428
47.24   411.694   20.2902
47.26   321.653   17.9347
47.28   245.614   15.6721
47.3   198.869   14.1021
47.32   176.669   13.2917
47.34   171.993   13.1146
47.36   180.269   13.4264
47.38   200.232   14.1503
47.4   233.919   15.2944
47.42   287.691   16.9615
47.44   375.578   19.3798
47.46   524.742   22.9073
47.48   779.187   27.9139
47.5   1189.48   34.4888
47.52   1767.71   42.0441
47.54   2327.32   48.2423
47.56   2389.75   48.885
47.58   1881.21   43.373
47.6   1279.44   35.7693
47.62   833.028   28.8622
47.64   549.407   23.4394
47.66   380.779   19.5136
47.68   279.659   16.723
47.7   215.581   14.6827
47.72   172.038   13.1163
47.74   140.748   11.8637
47.76   117.393   10.8348
47.78   99.4858   9.97426
47.8   85.4595   9.24443
47.82   74.2732   8.61819
47.84   65.2111   8.07534
47.86   57.7684   7.60055
47.88   51.5814   7.18202
47.9   46.3828   6.81049
47.92   41.9729   6.47865
47.94   38.2   6.18061
47.96   34.9474   5.91164
47.98   32.1243   5.66783
48   29.6587   5.44598
48.02   27.4936   5.24343
48.04   25.583   5.05796
48.06   23.8895   4.88769
48.08   22.3827   4.73104
48.1   21.0375   4.58667
48.12   19.833   4.45343
48.14   18.752   4.4
48.16   17.7799   4.4
48.18   16.9046   4.4
48.2   16.1159   4.4
48.22   15.4052   4.4
48.24   14.7652   4.4
48.26   14.175   4.4
48.28   13.6599   4.4
48.3   13.2003   4.4
48.32   12.793   4.4
48.34   12.4356   4.4
48.36   10.5205   4.4
48.38   10.3002   4.4
48.4   10.1249   4.4
48.42   9.99528   4.4
48.44   9.91258   4.4
48.46   9.87923   4.4
48.48   9.89871   4.4
48.5   9.97589   4.4
48.52   10.1173   4.4
48.54   10.3317   4.4
48.56   10.6304   4.4
48.58   11.0284   4.4
48.6   11.5457   4.4
48.62   12.2088   4.4
48.64   13.0532   4.4
48.66   14.1277   4.4
48.68   15.1345   4.4
48.7   16.9095   4.4
48.72   19.2157   4.4
48.74   22.2596   4.71801
48.76   26.3637   5.13456
48.78   32.0734   5.66334
48.8   40.4096   6.35685
48.82   53.4082   7.30809
48.84   74.954   8.6576
48.86   111.37   10.5532
48.88   170.359   13.0522
48.9   254.83   15.9634
48.92   341.108   18.4691
48.94   359.511   18.9608
48.96   288.791   16.9938
48.98   198.19   14.078
49   129.402   11.3755
49.02   85.4559   9.24423
49.04   56.9166   7.54431
49.06   41.2743   6.42451
49.08   31.4466   5.60772
49.1   24.826   4.98257
49.12   20.196   4.494
49.14   16.6935   4.4
49.16   14.023   4.4
49.18   11.9427   4.4
49.2   10.2925   4.4
49.22   8.96298   4.4
49.24   7.87692   4.4
49.26   6.97894   4.4
49.28   6.22848   4.4
49.3   5.59527   4.4
49.32   5.05642   4.4
49.34   4.59432   4.4
49.36   4.19532   4.4
49.38   3.84864   4.4
49.4   3.54574   4.4
49.42   3.27974   4.4
49.44   3.0451   4.4
49.46   2.83726   4.4
49.48   2.65249   4.4
49.5   4.06146   4.4
49.52   3.95768   4.4
49.54   3.871   4.4
49.56   3.7997   4.4
49.58   3.74235   4.4
49.6   3.69779   4.4
49.62   3.66502   4.4
49.64   3.64326   4.4
49.66   3.63183   4.4
49.68   3.63022   4.4
49.7   3.63802   4.4
49.72   3.65492   4.4
49.74   3.6807   4.4
49.76   3.71524   4.4
49.78   3.7585   4.4
49.8   3.8105   4.4
49.82   3.87135   4.4
49.84   3.94126   4.4
49.86   4.02047   4.4
49.88   4.10934   4.4
49.9   4.20831   4.4
49.92   4.3179   4.4
49.94   4.43875   4.4
49.96   4.57161   4.4
49.98   4.71736   4.4
50   4.87704   4.4
50.02   5.05183   4.4
50.04   5.24315   4.4
50.06   5.45263   4.4
50.08   5.68221   4.4
50.1   5.93416   4.4
50.12   6.21116   4.4
50.14   6.51643   4.4
50.16   6.85382   4.4
50.18   7.22802   4.4
50.2   7.64477   4.4
50.22   8.1112   4.4
50.24   8.63624   4.4
50.26   9.23135   4.4
50.28   9.91135   4.4
50.3   10.6959   4.4
50.32   11.6117   4.4
50.34   12.6956   4.4
50.36   14.0007   4.4
50.38   15.6058   4.4
50.4   17.6373   4.4
50.42   19.9805   4.46995
50.44   23.754   4.87381
50.46   29.4519   5.42696
50.48   38.5278   6.20708
50.5   52.9723   7.27821
50.52   74.3312   8.62155
50.54   99.7544   9.98771
50.56   114.322   10.6922
50.58   104.179   10.2068
50.6   82.7095   9.09448
50.62   65.293   8.08041
50.64   55.1435   7.42587
50.66   50.9137   7.13539
50.68   50.7953   7.12708
50.7   53.5634   7.3187
50.72   58.6948   7.66125
50.74   66.2108   8.137
50.76   76.5474   8.74914
50.78   90.5613   9.51637
50.8   109.712   10.4744
50.82   136.563   11.686
50.84   176.003   13.2666
50.86   237.836   15.4219
50.88   340.623   18.456
50.9   514.065   22.673
50.92   793.106   28.1621
50.94   1186.3   34.4427
50.96   1568.7   39.6069
50.98   1615.68   40.1955
51   1272.78   35.676
51.02   864.024   29.3943
51.04   560.258   23.6698
51.06   367.865   19.1798
51.08   253.206   15.9124
51.1   184.587   13.5863
51.12   141.222   11.8837
51.14   111.842   10.5755
51.16   90.7909   9.52842
51.18   75.1246   8.66745
51.2   63.1486   7.94661
51.22   53.7972   7.33466
51.24   46.3629   6.80903
51.26   40.3597   6.35293
51.28   35.4451   5.95358
51.3   31.3726   5.60113
51.32   27.9613   5.28784
51.34   25.076   5.00759
51.36   22.6143   4.75545
51.38   20.4975   4.52741
51.4   18.7746   4.4
51.42   17.1796   4.4
51.44   15.7814   4.4
51.46   14.5491   4.4
51.48   13.4576   4.4
51.5   12.4863   4.4
51.52   11.6185   4.4
51.54   10.8399   4.4
51.56   10.1389   4.4
51.58   9.50566   4.4
51.6   8.93179   4.4
51.62   8.41023   4.4
51.64   7.93492   4.4
51.66   7.50067   4.4
51.68   7.10301   4.4
51.7   6.73807   4.4
51.72   6.40249   4.4
51.74   6.09333   4.4
51.76   5.80804   4.4
51.78   5.54437   4.4
51.8   5.30035   4.4
51.82   5.07424   4.4
51.84   4.86449   4.4
51.86   4.66975   4.4
51.88   4.48883   4.4
51.9   4.32064   4.4
51.92   4.16426   4.4
51.94   4.01883   4.4
51.96   3.88362   4.4
51.98   3.75798   4.4
52   3.64133   4.4
52.02   3.4417   4.4
52.04   3.34405   4.4
52.06   3.25399   4.4
52.08   3.17121   4.4
52.1   4.43803   4.4
52.12   4.40715   4.4
52.14   4.38463   4.4
52.16   4.37048   4.4
52.18   4.36481   4.4
52.2   4.36777   4.4
52.22   4.37961   4.4
52.24   4.40068   4.4
52.26   4.43141   4.4
52.28   4.47236   4.4
52.3   4.52423   4.4
52.32   4.58788   4.4
52.34   4.66436   4.4
52.36   4.75498   4.4
52.38   4.86131   4.4
52.4   4.98534   4.4
52.42   5.12948   4.4
52.44   5.29678   4.4
52.46   3.95081   4.4
52.48   4.21741   4.4
52.5   4.52045   4.4
52.52   4.86812   4.4
52.54   5.27116   4.4
52.56   5.74398   4.4
52.58   6.30625   4.4
52.6   6.98537   4.4
52.62   7.8205   4.4
52.64   8.86912   4.4
52.66   10.2194   4.4
52.68   12.0161   4.4
52.7   14.5223   4.4
52.72   18.2577   4.4
52.74   24.2359   4.92299
52.76   34.1955   5.84769
52.78   50.4706   7.10426
52.8   74.7156   8.64382
52.82   102.891   10.1435
52.84   116.518   10.7943
52.86   100.904   10.0451
52.88   73.2041   8.55594
52.9   50.4205   7.10074
52.92   35.5815   5.96502
52.94   26.8385   5.18059
52.96   21.8977   4.6795
52.98   19.1079   4.4
53   17.5286   4.4
53.02   16.6876   4.4
53.04   16.3517   4.4
53.06   16.3997   4.4
53.08   16.7661   4.4
53.1   17.4187   4.4
53.12   18.3476   4.4
53.14   19.561   4.42278
53.16   21.0833   4.59166
53.18   22.9557   4.79121
53.2   25.2387   5.02381
53.22   28.0168   5.29309
53.24   31.4065   5.60415
53.26   35.568   5.96389
53.28   40.7236   6.38151
53.3   47.1868   6.86926
53.32   55.4077   7.44364
53.34   66.0506   8.12715
53.36   80.1333   8.95172
53.38   99.3212   9.966
53.4   126.62   11.2526
53.42   167.948   12.9595
53.44   234.939   15.3277
53.46   347.888   18.6517
53.48   534.863   23.1271
53.5   818.251   28.6051
53.52   1160.12   34.0606
53.54   1351.62   36.7644
53.56   1186.25   34.4419
53.58   846.042   29.0868
53.6   554.642   23.5508
53.62   360.099   18.9763
53.64   242.026   15.5572
53.66   172.033   13.1161
53.68   129.039   11.3595
53.7   100.78   10.0389
53.72   80.9802   8.9989
53.74   66.466   8.15267
53.76   55.4929   7.44936
53.78   47.0019   6.85579
53.8   40.3039   6.34854
53.82   34.932   5.91033
53.84   30.5606   5.52817
53.86   26.9576   5.19207
53.88   23.9539   4.89427
53.9   21.4242   4.62863
53.92   19.2743   4.4
53.94   17.4321   4.4
53.96   15.8417   4.4
53.98   14.4594   4.4
54   13.2504   4.4
54.02   12.1871   4.4
54.04   11.2469   4.4
54.06   10.4116   4.4
54.08   9.6661   4.4
54.1   8.99807   4.4
54.12   8.3971   4.4
54.14   7.85452   4.4
54.16   7.36299   4.4
54.18   6.91632   4.4
54.2   6.5092   4.4
54.22   6.13709   4.4
54.24   5.7961   4.4
54.26   5.48284   4.4
54.28   5.19438   4.4
54.3   4.82102   4.4
54.32   4.5777   4.4
54.34   4.35232   4.4
54.36   4.14317   4.4
54.38   3.94872   4.4
54.4   3.76763   4.4
54.42   3.59871   4.4
54.44   3.44089   4.4
54.46   3.29321   4.4
54.48   3.15484   4.4
54.5   3.02499   4.4
54.52   2.903   4.4
54.54   2.78823   4.4
54.56   2.68013   4.4
54.58   2.5782   4.4
54.6   2.48196   4.4
54.62   2.39102   4.4
54.64   2.30497   4.4
54.66   2.22349   4.4
54.68   2.14625   4.4
54.7   2.07296   4.4
54.72   2.00336   4.4
54.74   1.93721   4.4
54.76   1.87428   4.4
54.78   1.81436   4.4
54.8   1.75727   4.4
54.82   1.70284   4.4
54.84   1.65089   4.4
54.86   3.93046   4.4
54.88   3.94825   4.4
54.9   3.97089   4.4
54.92   3.99841   4.4
54.94   4.03088   4.4
54.96   4.06839   4.4
54.98   4.11102   4.4
55   2.84982   4.4
55.02   2.93824   4.4
55.04   3.03083   4.4
55.06   3.12787   4.4
55.08   3.23136   4.4
55.1   3.33822   4.4
55.12   3.45047   4.4
55.14   3.56848   4.4
55.16   3.69264   4.4
55.18   3.82339   4.4
55.2   3.96121   4.4
55.22   4.10661   4.4
55.24   4.26016   4.4
55.26   4.42247   4.4
55.28   4.59424   4.4
55.3   4.7762   4.4
55.32   4.96918   4.4
55.34   5.17409   4.4
55.36   5.46933   4.4
55.38   5.70336   4.4
55.4   5.95275   4.4
55.42   6.21887   4.4
55.44   6.50327   4.4
55.46   6.80764   4.4
55.48   7.13391   4.4
55.5   7.48423   4.4
55.52   7.86102   4.4
55.54   8.26701   4.4
55.56   8.7053   4.4
55.58   9.17941   4.4
55.6   10.6899   4.4
55.62   11.2764   4.4
55.64   11.9138   4.4
55.66   12.6083   4.4
55.68   13.3669   4.4
55.7   14.1978   4.4
55.72   15.1108   4.4
55.74   16.1171   4.4
55.76   17.23   4.4
55.78   18.4652   4.4
55.8   19.8417   4.4544
55.82   21.3819   4.62405
55.84   23.1131   4.80761
55.86   25.0686   5.00685
55.88   27.2891   5.22389
55.9   29.8251   5.46123
55.92   32.7396   5.72186
55.94   36.1124   6.00936
55.96   40.3684   6.35361
55.98   45.0014   6.70831
56   50.4981   7.1062
56.02   57.0872   7.55561
56.04   65.0778   8.06708
56.06   74.8951   8.6542
56.08   87.1365   9.33469
56.1   102.66   10.1321
56.12   122.738   11.0787
56.14   149.331   12.2201
56.16   185.698   13.6271
56.18   239.245   15.4676
56.2   319.053   17.8621
56.22   449.557   21.2028
56.24   669.693   25.8784
56.26   1030.29   32.0981
56.28   1562.8   39.5323
56.3   2160.02   46.476
56.32   2398.96   48.9792
56.34   2011.94   44.8546
56.36   1405.31   37.4875
56.38   918.759   30.311
56.4   601.733   24.5303
56.42   411.3   20.2805
56.44   298.469   17.2763
56.46   228.799   15.1261
56.48   182.879   13.5233
56.5   150.896   12.284
56.52   127.743   11.3024
56.54   110.3   10.5024
56.56   96.6886   9.83304
56.58   86.1163   9.27989
56.6   78.0825   8.83643
56.62   72.128   8.49282
56.64   67.9096   8.24073
56.66   65.2242   8.07615
56.68   64.0253   8.00158
56.7   64.4785   8.02985
56.72   67.0935   8.19106
56.74   72.9066   8.53853
56.76   83.5323   9.1396
56.78   100.684   10.0341
56.8   123.972   11.1343
56.82   144.666   12.0277
56.84   147.632   12.1504
56.86   137.689   11.7341
56.88   131.594   11.4714
56.9   136.855   11.6985
56.92   156.792   12.5217
56.94   197.448   14.0516
56.96   271.332   16.4722
56.98   397.825   19.9455
57   595.463   24.4021
57.02   849.032   29.1382
57.04   1027.32   32.0518
57.06   948.076   30.7908
57.08   701.471   26.4853
57.1   473.342   21.7564
57.12   317.451   17.8172
57.14   222.658   14.9217
57.16   167.592   12.9457
57.18   135.458   11.6386
57.2   116.248   10.7818
57.22   104.934   10.2437
57.24   99.2524   9.96255
57.26   98.4438   9.92189
57.28   102.928   10.1453
57.3   114.65   10.7075
57.32   137.725   11.7356
57.34   178.518   13.3611
57.36   243.406   15.6015
57.38   328.996   18.1382
57.4   395.979   19.8992
57.42   383.32   19.5786
57.44   314.896   17.7453
57.46   253.972   15.9365
57.48   222.358   14.9117
57.5   220.643   14.854
57.52   249.08   15.7823
57.54   316.086   17.7788
57.56   441.96   21.0228
57.58   655.872   25.61
57.6   975.999   31.241
57.62   1336.18   36.5538
57.64   1478.04   38.4453
57.66   1239.2   35.2022
57.68   867.652   29.4559
57.7   569.782   23.8701
57.72   375.349   19.3739
57.74   258.007   16.0626
57.76   187.893   13.7074
57.78   141.766   11.9066
57.8   112.489   10.6061
57.82   91.6749   9.5747
57.84   76.2415   8.73164
57.86   64.4576   8.02855
57.88   55.2542   7.43332
57.9   47.9286   6.92305
57.92   42.0018   6.48088
57.94   37.1374   6.09405
57.96   33.0946   5.75279
57.98   29.6967   5.44947
58   26.8105   5.17789
58.02   24.3401   4.93357
58.04   22.207   4.71243
58.06   20.3518   4.51129
58.08   18.7275   4.4
58.1   17.2968   4.4
58.12   16.0296   4.4
58.14   14.9015   4.4
58.16   13.8926   4.4
58.18   12.9863   4.4
58.2   12.1689   4.4
58.22   11.429   4.4
58.24   10.7569   4.4
58.26   10.1444   4.4
58.28   9.58446   4.4
58.3   8.99447   4.4
58.32   8.52475   4.4
58.34   8.09201   4.4
58.36   7.6924   4.4
58.38   7.32256   4.4
58.4   6.97954   4.4
58.42   6.66077   4.4
58.44   6.36398   4.4
58.46   6.08714   4.4
58.48   5.82848   4.4
58.5   5.58642   4.4
58.52   4.4049   4.4
58.54   4.21725   4.4
58.56   4.04138   4.4
58.58   3.87633   4.4
58.6   3.72122   4.4
58.62   3.57526   4.4
58.64   3.43776   4.4
58.66   3.30806   4.4
58.68   3.18558   4.4
58.7   3.06981   4.4
58.72   2.96025   4.4
58.74   2.85647   4.4
58.76   2.75807   4.4
58.78   2.66468   4.4
58.8   2.57597   4.4
58.82   2.49162   4.4
58.84   2.41136   4.4
58.86   2.33493   4.4
58.88   1.95131   4.4
58.9   1.89008   4.4
58.92   1.83169   4.4
58.94   1.77596   4.4
58.96   1.72274   4.4
58.98   1.67187   4.4
59   1.62322   4.4
59.02   1.57666   4.4
59.04   1.53208   4.4
59.06   1.48936   4.4
59.08   2.01755   4.4
59.1   0.585773   4.4
59.12   0.602625   4.4
59.14   0.620186   4.4
59.16   0.638529   4.4
59.18   0.657699   4.4
59.2   1.32797   4.4
59.22   1.36739   4.4
59.24   1.40859   4.4
59.26   1.45169   4.4
59.28   1.4968   4.4
59.3   1.54404   4.4
59.32   1.59357   4.4
59.34   1.64552   4.4
59.36   1.70006   4.4
59.38   1.75736   4.4
59.4   1.81761   4.4
59.42   2.17697   4.4
59.44   2.25212   4.4
59.46   2.33127   4.4
59.48   2.41469   4.4
59.5   2.50271   4.4
59.52   2.59567   4.4
59.54   2.69395   4.4
59.56   2.79797   4.4
59.58   3.82769   4.4
59.6   3.97064   4.4
59.62   4.12198   4.4
59.64   4.28239   4.4
59.66   4.45262   4.4
59.68   4.63352   4.4
59.7   4.82602   4.4
59.72   5.03117   4.4
59.74   5.25012   4.4
59.76   5.81585   4.4
59.78   6.07568   4.4
59.8   6.35412   4.4
59.82   6.65306   4.4
59.84   6.97463   4.4
59.86   7.32127   4.4
59.88   7.69577   4.4
59.9   8.1013   4.4
59.92   8.54155   4.4
59.94   9.02076   4.4
59.96   9.54387   4.4
59.98   10.1167   4.4
60   10.7459   4.4
60.02   11.4397   4.4
60.04   12.2075   4.4
60.06   13.0609   4.4
60.08   14.0135   4.4
60.1   15.0824   4.4
60.12   16.7653   4.4
60.14   18.1469   4.4
60.16   19.7239   4.44116
60.18   21.537   4.6408
60.2   23.6388   4.86197
60.22   26.0977   5.10859
60.24   29.0044   5.38557
60.26   32.4811   5.69922
60.28   36.6962   6.05774
60.3   41.8863   6.47197
60.32   48.3946   6.95662
60.34   56.7377   7.53245
60.36   67.7491   8.23098
60.38   82.9098   9.10548
60.4   105.083   10.251
60.42   139.768   11.8223
60.44   196.313   14.0112
60.46   287.263   16.9488
60.48   421.754   20.5367
60.5   579.501   24.0728
60.52   667.009   25.8265
60.54   616.688   24.8332
60.56   528.693   22.9933
60.58   502.855   22.4244
60.6   564.738   23.7642
60.62   685.882   26.1894
60.64   752.669   27.4348
60.66   657.858   25.6487
60.68   486.352   22.0534
60.7   343.757   18.5407
60.72   252.267   15.8829
60.74   202.468   14.2291
60.76   182.628   13.514
60.78   186.616   13.6607
60.8   214.638   14.6505
60.82   269.706   16.4227
60.84   346.839   18.6236
60.86   408.166   20.2031
60.88   400.361   20.009
60.9   352.214   18.7674
60.92   327.152   18.0873
60.94   355.498   18.8547
60.96   453.212   21.2888
60.98   629.374   25.0873
61   853.728   29.2186
61.02   981.446   31.328
61.04   867.881   29.4598
61.06   635.166   25.2025
61.08   437.767   20.9229
61.1   310.315   17.6158
61.12   241.118   15.528
61.14   214.812   14.6565
61.16   223.354   14.945
61.18   265.41   16.2914
61.2   336.308   18.3387
61.22   400.899   20.0225
61.24   389.336   19.7316
61.26   305.656   17.483
61.28   218.097   14.7681
61.3   155.34   12.4635
61.32   116.257   10.7823
61.34   93.5236   9.67076
61.36   80.833   8.99071
61.38   74.3306   8.62152
61.4   72.2206   8.49827
61.42   74.0802   8.60699
61.44   80.6142   8.97854
61.46   94.0743   9.69919
61.48   119.252   10.9203
61.5   164.297   12.8178
61.52   239.52   15.4764
61.54   349.879   18.7051
61.56   467.588   21.6238
61.58   501.05   22.3841
61.6   410.542   20.2618
61.62   286.243   16.9187
61.64   189.77   13.7757
61.66   127.445   11.2892
61.68   89.879   9.48045
61.7   67.281   8.2025
61.72   52.9679   7.2779
61.74   43.2308   6.57501
61.76   36.1985   6.01652
61.78   30.9062   5.55933
61.8   26.8058   5.17743
61.82   23.5557   4.85342
61.84   20.9296   4.57489
61.86   18.7722   4.4
61.88   16.9739   4.4
61.9   15.4558   4.4
61.92   14.1597   4.4
61.94   13.0421   4.4
61.96   12.0697   4.4
61.98   10.6653   4.4
62   9.9268   4.4
62.02   9.2713   4.4
62.04   8.68605   4.4
62.06   8.16072   4.4
62.08   7.68693   4.4
62.1   6.62357   4.4
62.12   6.25012   4.4
62.14   5.90995   4.4
62.16   5.59899   4.4
62.18   5.31382   4.4
62.2   5.05152   4.4
62.22   4.80958   4.4
62.24   4.58583   4.4
62.26   4.37842   4.4
62.28   4.18569   4.4
62.3   4.00624   4.4
62.32   3.87873   4.4
62.34   3.43952   4.4
62.36   3.30163   4.4
62.38   3.17258   4.4
62.4   3.05161   4.4
62.42   2.93806   4.4
62.44   2.83132   4.4
62.46   2.73086   4.4
62.48   1.73913   4.4
62.5   1.67391   4.4
62.52   1.6127   4.4
62.54   1.55521   4.4
62.56   1.50116   4.4
62.58   1.4503   4.4
62.6   1.40242   4.4
62.62   1.35731   4.4
62.64   1.3148   4.4
62.66   1.2747   4.4
62.68   1.23689   4.4
62.7   1.20121   4.4
62.72   0.845444   4.4
62.74   0.822158   4.4
62.76   0.800351   4.4
62.78   0.779952   4.4
62.8   0.760896   4.4
62.82   0.743127   4.4
62.84   0.726595   4.4
62.86   0.711259   4.4
62.88   0.697084   4.4
62.9   0.684041   4.4
62.92   0.672108   4.4
62.94   0.661273   4.4
62.96   0.651525   4.4
62.98   0.642866   4.4
63   0.635303   4.4
63.02   0.62885   4.4
63.04   0.152734   4.4
63.06   0.161169   4.4
63.08   0.170322   4.4
63.1   0.180276   4.4
63.12   0.191127   4.4
63.14   0.202986   4.4
63.16   0.215982   4.4
63.18   0.230264   4.4
63.2   0.246007   4.4
63.22   0.263417   4.4
63.24   0.656847   4.4
63.26   0.688933   4.4
63.28   0.724018   4.4
63.3   0.762544   4.4
63.32   0.805046   4.4
63.34   0.852168   4.4
63.36   0.904705   4.4
63.38   0.963633   4.4
63.4   1.03018   4.4
63.42   1.10587   4.4
63.44   1.19269   4.4
63.46   1.29317   4.4
63.48   1.41066   4.4
63.5   1.5496   4.4
63.52   1.71602   4.4
63.54   1.91828   4.4
63.56   2.16814   4.4
63.58   2.48266   4.4
63.6   2.88737   4.4
63.62   3.42242   4.4
63.64   4.15658   4.4
63.66   5.22028   4.4
63.68   6.8737   4.4
63.7   9.60513   4.4
63.72   14.1839   4.4
63.74   21.7948   4.66849
63.76   31.9421   5.65173
63.78   41.6784   6.45588
63.8   42.1683   6.49371
63.82   33.1846   5.76061
63.84   23.0126   4.79714
63.86   15.5944   4.4
63.88   10.9574   4.4
63.9   8.23593   4.4
63.92   6.64318   4.4
63.94   5.67157   4.4
63.96   5.04857   4.4
63.98   4.63799   4.4
64   4.36899   4.4
64.02   4.20104   4.4
64.04   4.10906   4.4
64.06   4.07691   4.4
64.08   4.09409   4.4
64.1   4.15393   4.4
64.12   4.2524   4.4
64.14   4.3875   4.4
64.16   4.55878   4.4
64.18   4.7672   4.4
64.2   5.01498   4.4
64.22   5.30568   4.4
64.24   5.64427   4.4
64.26   6.0374   4.4
64.28   6.49374   4.4
64.3   7.02449   4.4
64.32   7.64413   4.4
64.34   8.3715   4.4
64.36   9.23124   4.4
64.38   10.2931   4.4
64.4   11.5279   4.4
64.42   13.0319   4.4
64.44   14.8887   4.4
64.46   17.2175   4.4
64.48   20.1924   4.49359
64.5   24.0774   4.90688
64.52   29.2976   5.41272
64.54   36.604   6.05012
64.56   47.4575   6.88894
64.58   64.9921   8.06177
64.6   93.9466   9.69261
64.62   142.143   11.9224
64.64   216.759   14.7227
64.66   312.44   17.676
64.68   380.541   19.5075
64.7   352.167   18.7661
64.72   260.034   16.1256
64.74   174.292   13.202
64.76   115.582   10.7509
64.78   79.8234   8.93439
64.8   58.9783   7.67973
64.82   46.6903   6.83303
64.84   39.1412   6.25629
64.86   34.3671   5.86235
64.88   31.4069   5.60419
64.9   29.7759   5.45673
64.92   29.2269   5.40619
64.94   29.6566   5.44579
64.96   31.0724   5.57426
64.98   33.5905   5.79573
65   37.4605   6.1205
65.02   43.1348   6.56771
65.04   51.437   7.17196
65.06   63.9598   7.99749
65.08   83.8107   9.15482
65.1   116.694   10.8025
65.12   171.454   13.094
65.14   258.092   16.0652
65.16   376.584   19.4058
65.18   488.138   22.0938
65.2   528.808   22.9958
65.22   484.55   22.0125
65.24   374.541   19.3531
65.26   256.99   16.0309
65.28   170.187   13.0456
65.3   114.969   10.7223
65.32   81.5192   9.0288
65.34   61.0605   7.81412
65.36   47.8951   6.92063
65.38   38.8743   6.23492
65.4   32.3714   5.68959
65.42   27.5205   5.246
65.44   23.8182   4.88039
65.46   20.9468   4.57677
65.48   18.6956   4.4
65.5   16.9205   4.4
65.52   15.5217   4.4
65.54   14.43   4.4
65.56   13.5982   4.4
65.58   12.9964   4.4
65.6   12.6094   4.4
65.62   12.4362   4.4
65.64   12.4929   4.4
65.66   12.82   4.4
65.68   13.5022   4.4
65.7   14.714   4.4
65.72   16.7994   4.4
65.74   20.352   4.51132
65.76   26.179   5.11654
65.78   34.8953   5.90723
65.8   45.5752   6.75094
65.82   51.6946   7.1899
65.84   48.4954   6.96387
65.86   41.7426   6.46085
65.88   37.6387   6.13504
65.9   37.9701   6.16199
65.92   43.5002   6.59547
65.94   56.0667   7.48777
65.96   79.3565   8.90822
65.98   118.218   10.8728
66   174.415   13.2066
66.02   231.878   15.2276
66.04   243.719   15.6115
66.06   195.856   13.9949
66.08   134.828   11.6116
66.1   88.5221   9.40862
66.12   58.9221   7.67607
66.14   41.2016   6.41884
66.16   30.2312   5.49829
66.18   23.5465   4.85248
66.2   19.029   4.4
66.22   15.7987   4.4
66.24   13.4005   4.4
66.26   11.5748   4.4
66.28   10.1602   4.4
66.3   9.05123   4.4
66.32   8.17779   4.4
66.34   7.49439   4.4
66.36   6.97578   4.4
66.38   6.61889   4.4
66.4   6.45076   4.4
66.42   6.53687   4.4
66.44   6.97251   4.4
66.46   7.81961   4.4
66.48   8.86502   4.4
66.5   9.23154   4.4
66.52   8.29565   4.4
66.54   6.87902   4.4
66.56   5.72638   4.4
66.58   4.95617   4.4
66.6   4.47877   4.4
66.62   4.18868   4.4
66.64   4.01085   4.4
66.66   3.61007   4.4
66.68   3.28929   4.4
66.7   3.28226   4.4
66.72   3.30738   4.4
66.74   3.36223   4.4
66.76   3.69744   4.4
66.78   3.81824   4.4
66.8   4.57155   4.4
66.82   4.776   4.4
66.84   5.02049   4.4
66.86   5.55913   4.4
66.88   5.91006   4.4
66.9   6.3248   4.4
66.92   6.81639   4.4
66.94   7.40192   4.4
66.96   8.10405   4.4
66.98   8.95319   4.4
67   9.99083   4.4
67.02   11.2746   4.4
67.04   12.886   4.4
67.06   14.9436   4.4
67.08   17.6253   4.4
67.1   21.2119   4.60564
67.12   26.1869   5.11731
67.14   33.4704   5.78536
67.16   44.8987   6.70065
67.18   63.9023   7.99389
67.2   95.8376   9.78967
67.22   146.702   12.1121
67.24   216.758   14.7227
67.26   280.25   16.7407
67.28   280.089   16.7358
67.3   216.589   14.717
67.32   146.772   12.1149
67.34   96.1876   9.80753
67.36   64.5103   8.03183
67.38   45.7372   6.76293
67.4   34.5214   5.8755
67.42   27.4437   5.23868
67.44   22.6752   4.76185
67.46   19.3   4.4
67.48   16.8379   4.4
67.5   15.01   4.4
67.52   13.4134   4.4
67.54   12.3922   4.4
67.56   11.6335   4.4
67.58   11.0823   4.4
67.6   10.7   4.4
67.62   10.4594   4.4
67.64   10.3416   4.4
67.66   10.6492   4.4
67.68   10.7524   4.4
67.7   10.9539   4.4
67.72   11.253   4.4
67.74   11.6525   4.4
67.76   12.1577   4.4
67.78   12.7778   4.4
67.8   13.5255   4.4
67.82   14.4177   4.4
67.84   15.477   4.4
67.86   16.7328   4.4
67.88   18.2232   4.4
67.9   19.9982   4.47194
67.92   22.1239   4.7036
67.94   24.6883   4.96873
67.96   27.8062   5.27315
67.98   31.6525   5.62605
68   36.4552   6.03782
68.02   42.5533   6.52329
68.04   50.4624   7.10369
68.06   61.027   7.81198
68.08   75.7486   8.70337
68.1   97.4007   9.86918
68.12   130.86   11.4394
68.14   183.672   13.5526
68.16   265.167   16.2839
68.18   379.37   19.4774
68.2   505.215   22.477
68.22   615.107   24.8014
68.24   739.289   27.1899
68.26   866.227   29.4317
68.28   879.029   29.6484
68.3   754.596   27.4699
68.32   568.379   23.8407
68.34   390.326   19.7567
68.36   261.49   16.1707
68.38   179.556   13.3999
68.4   129.401   11.3754
68.42   98.1555   9.90735
68.44   77.6588   8.81242
68.46   63.3971   7.96223
68.48   52.9946   7.27974
68.5   45.1555   6.71978
68.52   39.1117   6.25393
68.54   34.3715   5.86272
68.56   30.6043   5.53211
68.58   27.5801   5.25167
68.6   25.1358   5.01356
68.62   23.1536   4.81182
68.64   21.5476   4.64194
68.66   20.2544   4.50049
68.68   19.2278   4.4
68.7   18.4345   4.4
68.72   17.8516   4.4
68.74   17.4649   4.4
68.76   17.0009   4.4
68.78   17.0036   4.4
68.8   17.2088   4.4
68.82   17.6371   4.4
68.84   18.3225   4.4
68.86   19.3164   4.4
68.88   20.6951   4.54918
68.9   22.5723   4.75103
68.92   25.2769   5.02761
68.94   28.7674   5.36353
68.96   33.6476   5.80066
68.98   40.7527   6.38379
69   51.7446   7.19337
69.02   69.8363   8.35681
69.04   100.403   10.0201
69.06   150.336   12.2612
69.08   223.493   14.9497
69.1   303.653   17.4256
69.12   331.944   18.2193
69.14   276.602   16.6314
69.16   194.988   13.9638
69.18   130.693   11.4321
69.2   89.2184   9.44555
69.22   64.5674   8.03538
69.24   50.1895   7.08446
69.26   41.5469   6.44569
69.28   36.1077   6.00897
69.3   32.6043   5.71001
69.32   30.4002   5.51364
69.34   29.1533   5.39938
69.36   28.6702   5.35446
69.38   28.8465   5.3709
69.4   29.6397   5.44423
69.42   31.0571   5.57289
69.44   33.1538   5.75793
69.46   36.0373   6.00311
69.48   39.882   6.31522
69.5   44.9548   6.70483
69.52   51.6639   7.18776
69.54   60.6541   7.78808
69.56   73.0171   8.545
69.58   90.7472   9.52613
69.6   117.572   10.8431
69.62   160.019   12.6499
69.64   228.016   15.1002
69.66   333.158   18.2526
69.68   476.921   21.8385
69.7   625.378   25.0076
69.72   745.116   27.2968
69.74   865.627   29.4215
69.76   927.543   30.4556
69.78   805.575   28.3827
69.8   579.996   24.0831
69.82   385.837   19.6427
69.84   255.112   15.9722
69.86   174.8   13.2212
69.88   126.525   11.2483
69.9   96.5203   9.82448
69.92   76.6411   8.75449
69.94   62.6495   7.91514
69.96   52.3763   7.23715
69.98   44.6239   6.68011
70   38.6649   6.21811
70.02   34.0277   5.83332
70.04   30.396   5.51326
70.06   27.5552   5.2493
70.08   25.3601   5.03588
70.1   23.717   4.87001
70.12   22.5734   4.75115
70.14   21.9147   4.68132
70.16   21.7669   4.6655
70.18   22.2092   4.71267
70.2   23.4054   4.83791
70.22   25.683   5.06784
70.24   29.7169   5.45132
70.26   36.8563   6.07094
70.28   49.4696   7.03346
70.3   70.8363   8.41643
70.32   103.563   10.1766
70.34   143.156   11.9648
70.36   165.071   12.848
70.38   145.199   12.0498
70.4   104.978   10.2459
70.42   70.5516   8.3995
70.44   47.5017   6.89215
70.46   33.4276   5.78166
70.48   25.001   5.0001
70.5   19.753   4.44444
70.52   16.2472   4.4
70.54   13.7483   4.4
70.56   11.8836   4.4
70.58   10.1359   4.4
70.6   9.01295   4.4
70.62   8.11252   4.4
70.64   7.37935   4.4
70.66   6.77488   4.4
70.68   6.74608   4.4
70.7   6.33761   4.4
70.72   5.99644   4.4
70.74   5.71177   4.4
70.76   5.47566   4.4
70.78   5.2823   4.4
70.8   5.12761   4.4
70.82   5.00897   4.4
70.84   5.06548   4.4
70.86   5.02007   4.4
70.88   5.01067   4.4
70.9   5.03998   4.4
70.92   5.11256   4.4
70.94   5.23533   4.4
70.96   5.41848   4.4
70.98   5.6768   4.4
71   6.03192   4.4
71.02   6.51595   4.4
71.04   7.178   4.4
71.06   8.09743   4.4
71.08   9.41471   4.4
71.1   11.4031   4.4
71.12   14.6054   4.4
71.14   20.0023   4.4724
71.16   28.7235   5.35943
71.18   42.7903   6.54143
71.2   60.9916   7.80971
71.22   74.3255   8.62123
71.24   68.6437   8.28515
71.26   51.1303   7.15055
71.28   34.5867   5.88105
71.3   23.2844   4.82539
71.32   16.3067   4.4
71.34   12.2095   4.4
71.36   9.76171   4.4
71.38   8.21716   4.4
71.4   7.18782   4.4
71.42   6.47933   4.4
71.44   5.98778   4.4
71.46   5.65188   4.4
71.48   5.53005   4.4
71.5   5.40525   4.4
71.52   5.35532   4.4
71.54   5.36927   4.4
71.56   5.44018   4.4
71.58   5.5642   4.4
71.6   5.73983   4.4
71.62   5.96764   4.4
71.64   6.25007   4.4
71.66   6.88303   4.4
71.68   7.29792   4.4
71.7   7.78709   4.4
71.72   8.36203   4.4
71.74   9.03769   4.4
71.76   9.83354   4.4
71.78   10.775   4.4
71.8   11.8953   4.4
71.82   13.3847   4.4
71.84   15.0239   4.4
71.86   17.0283   4.4
71.88   19.5122   4.41727
71.9   22.6389   4.75804
71.92   26.6479   5.16216
71.94   31.9045   5.64841
71.96   39.0035   6.24528
71.98   49.0135   7.00097
72   64.0302   8.00189
72.02   88.166   9.38968
72.04   128.598   11.3401
72.06   195.272   13.974
72.08   296.207   17.2107
72.1   418.365   20.454
72.12   488.508   22.1022
72.14   433.176   20.8129
72.16   316.293   17.7846
72.18   218.061   14.7669
72.2   157.211   12.5384
72.22   128.989   11.3574
72.24   126.425   11.2439
72.26   143.791   11.9913
72.28   169.63   13.0242
72.3   175.603   13.2515
72.32   146.119   12.088
72.34   105.956   10.2935
72.36   74.3201   8.62091
72.38   53.5017   7.31449
72.4   40.6791   6.37802
72.42   32.8181   5.72871
72.44   27.8127   5.27377
72.46   24.4765   4.94738
72.48   22.2081   4.71255
72.5   20.7043   4.5502
72.52   19.8095   4.45078
72.54   19.4524   4.41049
72.56   19.6269   4.43023
72.58   20.3972   4.51633
72.6   21.9365   4.68364
72.62   24.6295   4.96281
72.64   29.2665   5.40985
72.66   37.263   6.10434
72.68   50.6374   7.116
72.7   71.0906   8.43152
72.72   96.7162   9.83444
72.74   113.552   10.6561
72.76   105.253   10.2593
72.78   82.7838   9.09856
72.8   63.5292   7.97052
72.82   52.3809   7.23747
72.84   48.8658   6.99041
72.86   52.2905   7.23122
72.88   63.1307   7.94548
72.9   82.6083   9.08891
72.92   109.75   10.4761
72.94   133.357   11.548
72.96   134.367   11.5917
72.98   119.081   10.9124
73   109.461   10.4624
73.02   116.613   10.7988
73.04   145.844   12.0766
73.06   200.554   14.1617
73.08   274.025   16.5537
73.1   325.596   18.0443
73.12   303.448   17.4198
73.14   237.874   15.4232
73.16   184.338   13.5771
73.18   161.452   12.7064
73.2   171.682   13.1028
73.22   214.429   14.6434
73.24   280.292   16.7419
73.26   326.989   18.0828
73.28   298.318   17.2719
73.3   220.587   14.8522
73.32   149.155   12.2129
73.34   99.8971   9.99486
73.36   69.2911   8.32413
73.38   50.7895   7.12668
73.4   39.2402   6.2642
73.42   31.5351   5.61561
73.44   26.0502   5.10394
73.46   21.9591   4.68605
73.48   18.8092   4.4
73.5   16.3261   4.4
73.52   14.3308   4.4
73.54   12.7008   4.4
73.56   11.3502   4.4
73.58   9.75442   4.4
73.6   8.80582   4.4
73.62   7.99469   4.4
73.64   7.29512   4.4
73.66   6.68711   4.4
73.68   6.155   4.4
73.7   5.68638   4.4
73.72   5.27131   4.4
73.74   4.90175   4.4
73.76   4.43204   4.4
73.78   4.13869   4.4
73.8   3.87424   4.4
73.82   3.63495   4.4
73.84   3.41767   4.4
73.86   3.21974   4.4
73.88   3.03889   4.4
73.9   2.87318   4.4
73.92   2.72094   4.4
73.94   2.58072   4.4
73.96   2.45128   4.4
73.98   2.33151   4.4
74   2.22047   4.4
74.02   2.11731   4.4
74.04   2.0213   4.4
74.06   1.93178   4.4
74.08   1.84818   4.4
74.1   1.76997   4.4
74.12   1.69669   4.4
74.14   1.62794   4.4
74.16   1.56335   4.4
74.18   1.50257   4.4
74.2   1.35284   4.4
74.22   1.29816   4.4
74.24   1.24964   4.4
74.26   1.20381   4.4
74.28   1.16048   4.4
74.3   1.11946   4.4
74.32   1.08059   4.4
74.34   1.04373   4.4
74.36   1.00873   4.4
74.38   0.975474   4.4
74.4   0.943846   4.4
74.42   0.817388   4.4
74.44   0.79127   4.4
74.46   0.766388   4.4
74.48   0.742664   4.4
74.5   0.720029   4.4
74.52   0.698416   4.4
74.54   0.677765   4.4
74.56   0.658019   4.4
74.58   0.360354   4.4
74.6   0.472559   4.4
74.62   0.465805   4.4
74.64   0.459642   4.4
74.66   0.454054   4.4
74.68   0.449026   4.4
74.7   0.514826   4.4
74.72   0.512878   4.4
74.74   0.225015   4.4
74.76   0.275317   4.4
74.78   0.283734   4.4
74.8   0.292543   4.4
74.82   0.30177   4.4
74.84   0.311441   4.4
74.86   0.321586   4.4
74.88   0.332236   4.4
74.9   0.343426   4.4
74.92   0.355191   4.4
74.94   0.367574   4.4
74.96   0.380618   4.4
74.98   0.39437   4.4
75   0.689298   4.4
75.02   0.712421   4.4
75.04   0.736754   4.4
75.06   0.762386   4.4
75.08   0.789413   4.4
75.1   0.81794   4.4
75.12   0.848084   4.4
75.14   0.879971   4.4
75.16   0.913742   4.4
75.18   0.949553   4.4
75.2   0.987576   4.4
75.22   1.028   4.4
75.24   1.07104   4.4
75.26   1.11694   4.4
75.28   1.16595   4.4
75.3   1.21838   4.4
75.32   1.27456   4.4
75.34   1.33487   4.4
75.36   1.39974   4.4
75.38   1.46966   4.4
75.4   1.54519   4.4
75.42   1.62696   4.4
75.44   1.71571   4.4
75.46   1.81229   4.4
75.48   1.91769   4.4
75.5   2.03305   4.4
75.52   2.15974   4.4
75.54   2.29936   4.4
75.56   2.4538   4.4
75.58   2.62534   4.4
75.6   2.81674   4.4
75.62   3.03133   4.4
75.64   3.27321   4.4
75.66   3.54748   4.4
75.68   3.86048   4.4
75.7   4.22028   4.4
75.72   4.63721   4.4
75.74   5.34199   4.4
75.76   6.17475   4.4
75.78   6.87638   4.4
75.8   7.72369   4.4
75.82   8.76273   4.4
75.84   10.0598   4.4
75.86   11.714   4.4
75.88   13.8818   4.4
75.9   16.8354   4.4
75.92   21.0936   4.59278
75.94   27.6683   5.26007
75.96   38.358   6.19339
75.98   55.7723   7.46808
76   82.4035   9.07764
76.02   116.572   10.7968
76.04   142.409   11.9335
76.06   138.921   11.7865
76.08   119.51   10.9321
76.1   108.1   10.3971
76.12   109.019   10.4412
76.14   109.954   10.4859
76.16   99.0868   9.95424
76.18   85.6705   9.25584
76.2   79.9308   8.9404
76.22   79.8973   8.93853
76.24   75.2206   8.67298
76.26   63.1848   7.94888
76.28   51.7667   7.19491
76.3   45.1518   6.71951
76.32   43.6258   6.60498
76.34   47.0634   6.86028
76.36   56.477   7.51512
76.38   74.9048   8.65475
76.4   107.603   10.3732
76.42   160.356   12.6632
76.44   231.993   15.2313
76.46   292.36   17.0986
76.48   283.936   16.8504
76.5   215.927   14.6944
76.52   146.035   12.0845
76.54   96.2752   9.81199
76.56   65.3067   8.08126
76.58   46.9308   6.8506
76.6   35.8692   5.98909
76.62   28.8178   5.36822
76.64   24.0288   4.90192
76.66   20.6269   4.54169
76.68   18.1494   4.4
76.7   16.3263   4.4
76.72   14.9877   4.4
76.74   14.0226   4.4
76.76   13.3575   4.4
76.78   12.9447   4.4
76.8   12.7546   4.4
76.82   12.7722   4.4
76.84   12.9942   4.4
76.86   13.429   4.4
76.88   14.097   4.4
76.9   15.0329   4.4
76.92   16.29   4.4
76.94   17.9466   4.4
76.96   20.117   4.4852
76.98   22.9704   4.79274
77   26.7624   5.17324
77.02   31.8989   5.64791
77.04   39.078   6.25124
77.06   49.6102   7.04345
77.08   66.039   8.12644
77.1   92.9952   9.6434
77.12   137.676   11.7335
77.14   208.224   14.43
77.16   304.585   17.4524
77.18   396.412   19.9101
77.2   433.599   20.823
77.22   395.321   19.8827
77.24   299.619   17.3095
77.26   202.975   14.2469
77.28   133.74   11.5646
77.3   90.2494   9.49997
77.32   64.0584   8.00365
77.34   48.0317   6.93049
77.36   37.6648   6.13716
77.38   30.5181   5.52432
77.4   25.3409   5.03397
77.42   21.4628   4.6328
77.44   18.49   4.4
77.46   16.2458   4.4
77.48   14.4155   4.4
77.5   12.9561   4.4
77.52   11.6688   4.4
77.54   10.7342   4.4
77.56   9.99037   4.4
77.58   9.40814   4.4
77.6   8.89927   4.4
77.62   8.58982   4.4
77.64   8.40371   4.4
77.66   8.34153   4.4
77.68   8.41078   4.4
77.7   8.62731   4.4
77.72   8.97551   4.4
77.74   9.58374   4.4
77.76   10.4741   4.4
77.78   11.7502   4.4
77.8   13.5841   4.4
77.82   16.2888   4.4
77.84   20.4826   4.52577
77.86   27.3845   5.23302
77.88   39.1283   6.25526
77.9   58.6788   7.66021
77.92   88.4392   9.40421
77.94   124.568   11.161
77.96   144.955   12.0397
77.98   127.867   11.3078
78   91.8125   9.58188
78.02   60.7393   7.79354
78.04   39.9348   6.3194
78.06   27.2804   5.22306
78.08   19.7636   4.44562
78.1   15.1367   4.4
78.12   12.0884   4.4
78.14   9.9472   4.4
78.16   8.37331   4.4
78.18   7.18044   4.4
78.2   6.25558   4.4
78.22   5.52528   4.4
78.24   4.93981   4.4
78.26   4.46457   4.4
78.28   4.07495   4.4
78.3   3.75311   4.4
78.32   3.55202   4.4
78.34   3.33165   4.4
78.36   3.14898   4.4
78.38   2.99855   4.4
78.4   2.87628   4.4
78.42   2.7792   4.4
78.44   2.70528   4.4
78.46   2.65324   4.4
78.48   2.62256   4.4
78.5   2.61341   4.4
78.52   2.6267   4.4
78.54   2.88147   4.4
78.56   2.95202   4.4
78.58   3.0539   4.4
78.6   3.1929   4.4
78.62   3.37711   4.4
78.64   3.40566   4.4
78.66   3.72481   4.4
78.68   3.89248   4.4
78.7   4.44358   4.4
78.72   5.17609   4.4
78.74   6.17382   4.4
78.76   7.58504   4.4
78.78   9.69825   4.4
78.8   13.0862   4.4
78.82   18.7806   4.4
78.84   28.291   5.31893
78.86   43.0633   6.56226
78.88   62.0785   7.87899
78.9   75.7722   8.70472
78.92   70.2931   8.3841
78.94   51.8974   7.20399
78.96   34.6567   5.88699
78.98   22.7906   4.77395
79   15.509   4.4
79.02   11.2049   4.4
79.04   8.60075   4.4
79.06   6.92443   4.4
79.08   5.77466   4.4
79.1   4.94996   4.4
79.12   4.34201   4.4
79.14   3.88632   4.4
79.16   3.5416   4.4
79.18   3.28022   4.4
79.2   3.08325   4.4
79.22   2.93748   4.4
79.24   2.83362   4.4
79.26   2.76514   4.4
79.28   2.72752   4.4
79.3   2.71777   4.4
79.32   2.7341   4.4
79.34   2.77577   4.4
79.36   2.84296   4.4
79.38   2.93678   4.4
79.4   3.05933   4.4
79.42   3.07512   4.4
79.44   3.26989   4.4
79.46   3.50741   4.4
79.48   3.79641   4.4
79.5   4.14884   4.4
79.52   4.58132   4.4
79.54   5.11728   4.4
79.56   5.79058   4.4
79.58   6.6519   4.4
79.6   7.78164   4.4
79.62   9.31988   4.4
79.64   11.5354   4.4
79.66   14.9556   4.4
79.68   20.5209   4.53
79.7   29.5938   5.44002
79.72   43.4519   6.59181
79.74   61.0994   7.81661
79.76   73.818   8.59174
79.78   69.6583   8.34616
79.8   54.8347   7.40504
79.82   41.756   6.46189
79.84   34.1449   5.84336
79.86   31.6172   5.62292
79.88   33.4553   5.78405
79.9   39.9451   6.32021
79.92   53.0538   7.2838
79.94   76.6027   8.7523
79.96   115.205   10.7334
79.98   169.481   13.0185
80   220.586   14.8521
