1.54056
20   0   4.4
20.02   0   4.4
20.04   0   4.4
20.06   0   4.4
20.08   0   4.4
20.1   0   4.4
20.12   0   4.4
20.14   0   4.4
20.16   0   4.4
20.18   0   4.4
20.2   0   4.4
20.22   0   4.4
20.24   0   4.4
20.26   0   4.4
20.28   0   4.4
20.3   0   4.4
20.32   0   4.4
20.34   0   4.4
20.36   0   4.4
20.38   0   4.4
20.4   0   4.4
20.42   0   4.4
20.44   0   4.4
20.46   0   4.4
20.48   0   4.4
20.5   0   4.4
20.52   0   4.4
20.54   0   4.4
20.56   0   4.4
20.58   0   4.4
20.6   0   4.4
20.62   0   4.4
20.64   0   4.4
20.66   0   4.4
20.68   0   4.4
20.7   0   4.4
20.72   0   4.4
20.74   0   4.4
20.76   0   4.4
20.78   0   4.4
20.8   0   4.4
20.82   0   4.4
20.84   0   4.4
20.86   0   4.4
20.88   0   4.4
20.9   0   4.4
20.92   0   4.4
20.94   0   4.4
20.96   0   4.4
20.98   0   4.4
21   0   4.4
21.02   0   4.4
21.04   0   4.4
21.06   0   4.4
21.08   0   4.4
21.1   0   4.4
21.12   0   4.4
21.14   0   4.4
21.16   0   4.4
21.18   0   4.4
21.2   0   4.4
21.22   0   4.4
21.24   0   4.4
21.26   0   4.4
21.28   0   4.4
21.3   0   4.4
21.32   0   4.4
21.34   0   4.4
21.36   0   4.4
21.38   0   4.4
21.4   0   4.4
21.42   0   4.4
21.44   0   4.4
21.46   0   4.4
21.48   0   4.4
21.5   0   4.4
21.52   0   4.4
21.54   0   4.4
21.56   0   4.4
21.58   0   4.4
21.6   0   4.4
21.62   0   4.4
21.64   0   4.4
21.66   0   4.4
21.68   0   4.4
21.7   0   4.4
21.72   0   4.4
21.74   0   4.4
21.76   0   4.4
21.78   0   4.4
21.8   0   4.4
21.82   0   4.4
21.84   0   4.4
21.86   0   4.4
21.88   0   4.4
21.9   0   4.4
21.92   0   4.4
21.94   0   4.4
21.96   0   4.4
21.98   0   4.4
22   0   4.4
22.02   0   4.4
22.04   0   4.4
22.06   0   4.4
22.08   0   4.4
22.1   0   4.4
22.12   0   4.4
22.14   0   4.4
22.16   0   4.4
22.18   0   4.4
22.2   0   4.4
22.22   0   4.4
22.24   0   4.4
22.26   0   4.4
22.28   0   4.4
22.3   0   4.4
22.32   0   4.4
22.34   0   4.4
22.36   0   4.4
22.38   0   4.4
22.4   0   4.4
22.42   0   4.4
22.44   0   4.4
22.46   0   4.4
22.48   0   4.4
22.5   0   4.4
22.52   0   4.4
22.54   0   4.4
22.56   0   4.4
22.58   0   4.4
22.6   0   4.4
22.62   0   4.4
22.64   0   4.4
22.66   0   4.4
22.68   0   4.4
22.7   0   4.4
22.72   0   4.4
22.74   0   4.4
22.76   0   4.4
22.78   0   4.4
22.8   0   4.4
22.82   0   4.4
22.84   0   4.4
22.86   0   4.4
22.88   0   4.4
22.9   0   4.4
22.92   0   4.4
22.94   0   4.4
22.96   0   4.4
22.98   0   4.4
23   0   4.4
23.02   0   4.4
23.04   0   4.4
23.06   0   4.4
23.08   0   4.4
23.1   0   4.4
23.12   0   4.4
23.14   0   4.4
23.16   0   4.4
23.18   0   4.4
23.2   0   4.4
23.22   0   4.4
23.24   0   4.4
23.26   0   4.4
23.28   0   4.4
23.3   0   4.4
23.32   0   4.4
23.34   0   4.4
23.36   0   4.4
23.38   0   4.4
23.4   0   4.4
23.42   0   4.4
23.44   0   4.4
23.46   0   4.4
23.48   0   4.4
23.5   0   4.4
23.52   0   4.4
23.54   0   4.4
23.56   0   4.4
23.58   0   4.4
23.6   0   4.4
23.62   0   4.4
23.64   0   4.4
23.66   0   4.4
23.68   0   4.4
23.7   0   4.4
23.72   0   4.4
23.74   0   4.4
23.76   0   4.4
23.78   0   4.4
23.8   0   4.4
23.82   0   4.4
23.84   0   4.4
23.86   0   4.4
23.88   0   4.4
23.9   0   4.4
23.92   0   4.4
23.94   0   4.4
23.96   0   4.4
23.98   0   4.4
24   0   4.4
24.02   0   4.4
24.04   0   4.4
24.06   0   4.4
24.08   0   4.4
24.1   0   4.4
24.12   0   4.4
24.14   0   4.4
24.16   0   4.4
24.18   0   4.4
24.2   0   4.4
24.22   0   4.4
24.24   0   4.4
24.26   0   4.4
24.28   0   4.4
24.3   0   4.4
24.32   0   4.4
24.34   0   4.4
24.36   0   4.4
24.38   0   4.4
24.4   0   4.4
24.42   0   4.4
24.44   0   4.4
24.46   0   4.4
24.48   0   4.4
24.5   0   4.4
24.52   0   4.4
24.54   0   4.4
24.56   0   4.4
24.58   0   4.4
24.6   0   4.4
24.62   0   4.4
24.64   0   4.4
24.66   0   4.4
24.68   0   4.4
24.7   0   4.4
24.72   0   4.4
24.74   0   4.4
24.76   0   4.4
24.78   0   4.4
24.8   0   4.4
24.82   0   4.4
24.84   0   4.4
24.86   0   4.4
24.88   0   4.4
24.9   0   4.4
24.92   0   4.4
24.94   0   4.4
24.96   0   4.4
24.98   0   4.4
25   0   4.4
25.02   0   4.4
25.04   0   4.4
25.06   0   4.4
25.08   0   4.4
25.1   0   4.4
25.12   0   4.4
25.14   0   4.4
25.16   0   4.4
25.18   0   4.4
25.2   0   4.4
25.22   0   4.4
25.24   0   4.4
25.26   0   4.4
25.28   0   4.4
25.3   0   4.4
25.32   0   4.4
25.34   0   4.4
25.36   0   4.4
25.38   0   4.4
25.4   0   4.4
25.42   0   4.4
25.44   0   4.4
25.46   0   4.4
25.48   0   4.4
25.5   0   4.4
25.52   0   4.4
25.54   0   4.4
25.56   0   4.4
25.58   0   4.4
25.6   0   4.4
25.62   0   4.4
25.64   0   4.4
25.66   0   4.4
25.68   0   4.4
25.7   0   4.4
25.72   0   4.4
25.74   0   4.4
25.76   0   4.4
25.78   0   4.4
25.8   0   4.4
25.82   0   4.4
25.84   0   4.4
25.86   0   4.4
25.88   0   4.4
25.9   0   4.4
25.92   0   4.4
25.94   0   4.4
25.96   0   4.4
25.98   0   4.4
26   0   4.4
26.02   0   4.4
26.04   0   4.4
26.06   0   4.4
26.08   0   4.4
26.1   0   4.4
26.12   0   4.4
26.14   0   4.4
26.16   0   4.4
26.18   0   4.4
26.2   0   4.4
26.22   0   4.4
26.24   0   4.4
26.26   0   4.4
26.28   0   4.4
26.3   0   4.4
26.32   0   4.4
26.34   0   4.4
26.36   0   4.4
26.38   0   4.4
26.4   0   4.4
26.42   0   4.4
26.44   0   4.4
26.46   0   4.4
26.48   0   4.4
26.5   0   4.4
26.52   0   4.4
26.54   0   4.4
26.56   0   4.4
26.58   0   4.4
26.6   0   4.4
26.62   0   4.4
26.64   0   4.4
26.66   0   4.4
26.68   0   4.4
26.7   0   4.4
26.72   0   4.4
26.74   0   4.4
26.76   0   4.4
26.78   0   4.4
26.8   0   4.4
26.82   0   4.4
26.84   0   4.4
26.86   0   4.4
26.88   0   4.4
26.9   0   4.4
26.92   0   4.4
26.94   0   4.4
26.96   0   4.4
26.98   0   4.4
27   0   4.4
27.02   0   4.4
27.04   0   4.4
27.06   0   4.4
27.08   0   4.4
27.1   0   4.4
27.12   0   4.4
27.14   0   4.4
27.16   0   4.4
27.18   0   4.4
27.2   0   4.4
27.22   0   4.4
27.24   0   4.4
27.26   0   4.4
27.28   0   4.4
27.3   0   4.4
27.32   0   4.4
27.34   0   4.4
27.36   0   4.4
27.38   0   4.4
27.4   0   4.4
27.42   0   4.4
27.44   0   4.4
27.46   0   4.4
27.48   0   4.4
27.5   0   4.4
27.52   0   4.4
27.54   0   4.4
27.56   0   4.4
27.58   0   4.4
27.6   0   4.4
27.62   0   4.4
27.64   0   4.4
27.66   0   4.4
27.68   0   4.4
27.7   0   4.4
27.72   0   4.4
27.74   0   4.4
27.76   0   4.4
27.78   0   4.4
27.8   0   4.4
27.82   0   4.4
27.84   0   4.4
27.86   0   4.4
27.88   0   4.4
27.9   0   4.4
27.92   0   4.4
27.94   0   4.4
27.96   0   4.4
27.98   0   4.4
28   0   4.4
28.02   0   4.4
28.04   0   4.4
28.06   0   4.4
28.08   0   4.4
28.1   0   4.4
28.12   0   4.4
28.14   0   4.4
28.16   0   4.4
28.18   0   4.4
28.2   0   4.4
28.22   0   4.4
28.24   0   4.4
28.26   0   4.4
28.28   0   4.4
28.3   0   4.4
28.32   0   4.4
28.34   0   4.4
28.36   0   4.4
28.38   0   4.4
28.4   0   4.4
28.42   0   4.4
28.44   0   4.4
28.46   0   4.4
28.48   0   4.4
28.5   0   4.4
28.52   0   4.4
28.54   0   4.4
28.56   0   4.4
28.58   0   4.4
28.6   0   4.4
28.62   0   4.4
28.64   0   4.4
28.66   0   4.4
28.68   0   4.4
28.7   0   4.4
28.72   0   4.4
28.74   0   4.4
28.76   0   4.4
28.78   0   4.4
28.8   0   4.4
28.82   0   4.4
28.84   0   4.4
28.86   0   4.4
28.88   0   4.4
28.9   0   4.4
28.92   0   4.4
28.94   0   4.4
28.96   0   4.4
28.98   0   4.4
29   0   4.4
29.02   0   4.4
29.04   0   4.4
29.06   0   4.4
29.08   0   4.4
29.1   0   4.4
29.12   0   4.4
29.14   0   4.4
29.16   0   4.4
29.18   0   4.4
29.2   0   4.4
29.22   0   4.4
29.24   0   4.4
29.26   0   4.4
29.28   0   4.4
29.3   0   4.4
29.32   0   4.4
29.34   0   4.4
29.36   0   4.4
29.38   0   4.4
29.4   0   4.4
29.42   0   4.4
29.44   0   4.4
29.46   0   4.4
29.48   0   4.4
29.5   0   4.4
29.52   0   4.4
29.54   0   4.4
29.56   0   4.4
29.58   0   4.4
29.6   0   4.4
29.62   0   4.4
29.64   0   4.4
29.66   0   4.4
29.68   0   4.4
29.7   0   4.4
29.72   0   4.4
29.74   0   4.4
29.76   0   4.4
29.78   0   4.4
29.8   0   4.4
29.82   0   4.4
29.84   0   4.4
29.86   0   4.4
29.88   0   4.4
29.9   0   4.4
29.92   0   4.4
29.94   0   4.4
29.96   0   4.4
29.98   0   4.4
30   0   4.4
30.02   0   4.4
30.04   0   4.4
30.06   0   4.4
30.08   0   4.4
30.1   0   4.4
30.12   0   4.4
30.14   0   4.4
30.16   0   4.4
30.18   0   4.4
30.2   0   4.4
30.22   0   4.4
30.24   0   4.4
30.26   0   4.4
30.28   0   4.4
30.3   0   4.4
30.32   0   4.4
30.34   0   4.4
30.36   0   4.4
30.38   0   4.4
30.4   0   4.4
30.42   0   4.4
30.44   0   4.4
30.46   0   4.4
30.48   0   4.4
30.5   0   4.4
30.52   0   4.4
30.54   0   4.4
30.56   0   4.4
30.58   0   4.4
30.6   5.24453   4.4
30.62   5.39003   4.4
30.64   5.54167   4.4
30.66   5.6998   4.4
30.68   5.86479   4.4
30.7   6.03704   4.4
30.72   6.217   4.4
30.74   6.40512   4.4
30.76   6.6019   4.4
30.78   6.80789   4.4
30.8   7.02367   4.4
30.82   7.24986   4.4
30.84   7.48715   4.4
30.86   7.73628   4.4
30.88   7.99805   4.4
30.9   8.27333   4.4
30.92   8.56305   4.4
30.94   8.86825   4.4
30.96   9.19006   4.4
30.98   9.52969   4.4
31   9.88849   4.4
31.02   10.2679   4.4
31.04   10.6696   4.4
31.06   11.0953   4.4
31.08   11.547   4.4
31.1   12.0268   4.4
31.12   12.5371   4.4
31.14   13.0806   4.4
31.16   13.6601   4.4
31.18   14.279   4.4
31.2   14.9409   4.4
31.22   15.6498   4.4
31.24   16.4103   4.4
31.26   17.2276   4.4
31.28   18.1074   4.4
31.3   19.0563   4.4
31.32   20.0816   4.48125
31.34   21.1918   4.60346
31.36   22.3966   4.73251
31.38   23.7069   4.86897
31.4   25.1354   5.01352
31.42   26.6968   5.16689
31.44   28.408   5.32991
31.46   30.2887   5.50352
31.48   32.3621   5.68877
31.5   34.6554   5.88688
31.52   37.2006   6.09923
31.54   40.036   6.3274
31.56   43.2072   6.57322
31.58   46.7692   6.8388
31.6   50.7888   7.12663
31.62   55.3475   7.43959
31.64   60.5456   7.78111
31.66   66.508   8.15525
31.68   73.3913   8.56687
31.7   81.3939   9.02186
31.72   90.7706   9.52736
31.74   101.852   10.0922
31.76   115.075   10.7273
31.78   131.021   11.4464
31.8   150.483   12.2672
31.82   174.561   13.2122
31.84   204.811   14.3112
31.86   243.494   15.6043
31.88   293.998   17.1464
31.9   361.678   19.0178
31.92   455.742   21.3481
31.94   593.724   24.3664
31.96   810.612   28.4713
31.98   1171.79   34.2313
32   1779.39   42.1828
32.02   2747.93   52.4207
32.04   4082.95   63.898
32.06   5294.63   72.7642
32.08   5294.12   72.7607
32.1   4082.01   63.8906
32.12   2747.16   52.4134
32.14   1778.88   42.1768
32.16   1171.48   34.2269
32.18   810.431   28.4681
32.2   593.612   24.3642
32.22   455.668   21.3464
32.24   361.626   19.0165
32.26   293.96   17.1452
32.28   243.465   15.6034
32.3   204.789   14.3105
32.32   174.544   13.2115
32.34   150.469   12.2666
32.36   131.009   11.4459
32.38   115.065   10.7269
32.4   101.844   10.0918
32.42   90.7639   9.52701
32.44   81.3882   9.02154
32.46   73.3864   8.56659
32.48   66.5038   8.15499
32.5   60.542   7.78087
32.52   55.3443   7.43938
32.54   50.786   7.12643
32.56   46.7667   6.83862
32.58   43.205   6.57305
32.6   40.034   6.32724
32.62   37.1988   6.09908
32.64   34.6538   5.88675
32.66   32.3607   5.68865
32.68   30.2874   5.5034
32.7   28.4068   5.3298
32.72   26.6957   5.16679
32.74   25.1344   5.01343
32.76   23.706   4.86888
32.78   22.3958   4.73242
32.8   21.1911   4.60338
32.82   20.0809   4.48117
32.84   19.0556   4.4
32.86   18.1068   4.4
32.88   17.227   4.4
32.9   16.4098   4.4
32.92   15.6493   4.4
32.94   14.9404   4.4
32.96   14.2786   4.4
32.98   13.6597   4.4
33   16.9096   4.4
33.02   16.4727   4.4
33.04   16.0734   4.4
33.06   15.7094   4.4
33.08   15.3786   4.4
33.1   15.079   4.4
33.12   14.8092   4.4
33.14   14.5675   4.4
33.16   14.3529   4.4
33.18   14.1642   4.4
33.2   14.0005   4.4
33.22   13.8611   4.4
33.24   13.7453   4.4
33.26   13.6527   4.4
33.28   13.5828   4.4
33.3   13.5356   4.4
33.32   13.5108   4.4
33.34   13.5085   4.4
33.36   13.5288   4.4
33.38   13.572   4.4
33.4   13.6385   4.4
33.42   13.7289   4.4
33.44   13.8439   4.4
33.46   13.9843   4.4
33.48   14.151   4.4
33.5   14.3454   4.4
33.52   14.5687   4.4
33.54   14.8227   4.4
33.56   10.0043   4.4
33.58   10.4594   4.4
33.6   10.9462   4.4
33.62   11.4678   4.4
33.64   12.0276   4.4
33.66   12.6293   4.4
33.68   13.2772   4.4
33.7   13.9762   4.4
33.72   14.7319   4.4
33.74   15.5504   4.4
33.76   16.4389   4.4
33.78   17.4057   4.4
33.8   18.4602   4.4
33.82   19.6134   4.4287
33.84   20.8777   4.56922
33.86   22.2682   4.71891
33.88   23.8019   4.87872
33.9   25.4993   5.04968
33.92   27.3843   5.23301
33.94   29.4858   5.43008
33.96   31.8379   5.64251
33.98   34.482   5.87214
34   37.4684   6.12114
34.02   40.8585   6.39206
34.04   44.728   6.6879
34.06   49.1715   7.01224
34.08   54.3074   7.36936
34.1   60.2866   7.76445
34.12   67.3029   8.20384
34.14   75.6086   8.69532
34.16   85.5369   9.24862
34.18   97.5349   9.87597
34.2   112.212   10.593
34.22   130.418   11.4201
34.24   153.36   12.3838
34.26   182.798   13.5203
34.28   221.394   14.8793
34.3   273.406   16.535
34.32   346.292   18.6089
34.34   454.468   21.3183
34.36   626.617   25.0323
34.38   915.053   30.2498
34.4   1397.99   37.3896
34.42   2154.49   46.4165
34.44   3151.75   56.1405
34.46   3931.82   62.7042
34.48   3730.93   61.0813
34.5   2780.12   52.7269
34.52   1847.83   42.9864
34.54   1196.16   34.5855
34.56   793.364   28.1667
34.58   554.582   23.5496
34.6   410.071   20.2502
34.62   316.957   17.8033
34.64   252.766   15.8986
34.66   206.224   14.3605
34.68   171.31   13.0885
34.7   144.46   12.0192
34.72   123.392   11.1082
34.74   106.573   10.3234
34.76   92.9434   9.64071
34.78   81.7509   9.04162
34.8   72.4513   8.51184
34.82   64.6434   8.04011
34.84   58.026   7.61748
34.86   52.3702   7.23672
34.88   47.499   6.89195
34.9   43.2744   6.57833
34.92   39.5872   6.29184
34.94   36.3504   6.02913
34.96   33.4936   5.78737
34.98   30.9599   5.56416
35   28.7024   5.35746
35.02   26.6825   5.16551
35.04   24.868   4.98678
35.06   23.2321   4.81997
35.08   31.7051   5.63072
35.1   30.6413   5.53546
35.12   29.7099   5.45068
35.14   28.8976   5.37565
35.16   28.1932   5.30973
35.18   27.5871   5.25234
35.2   27.0711   5.20299
35.22   26.6384   5.16124
35.24   26.2831   5.12671
35.26   26.0004   5.09906
35.28   25.7861   5.078
35.3   25.6368   5.06328
35.32   25.5498   5.05468
35.34   25.5229   5.05202
35.36   25.5543   5.05513
35.38   25.6431   5.0639
35.4   25.7884   5.07823
35.42   25.9899   5.09803
35.44   26.2479   5.12327
35.46   26.5629   5.15392
35.48   26.9359   5.18998
35.5   27.3683   5.23147
35.52   27.8619   5.27844
35.54   28.4191   5.33095
35.56   29.0426   5.38912
35.58   29.7357   5.45304
35.6   30.5023   5.52289
35.62   31.3469   5.59883
35.64   32.2746   5.68107
35.66   33.2913   5.76986
35.68   34.4038   5.86547
35.7   35.6197   5.96823
35.72   36.9479   6.07848
35.74   38.3983   6.19664
35.76   39.9824   6.32316
35.78   41.7131   6.45857
35.8   43.6054   6.60344
35.82   45.6764   6.75843
35.84   47.9457   6.92429
35.86   50.4361   7.10184
35.88   53.1738   7.29204
35.9   56.1892   7.49594
35.92   59.5179   7.71478
35.94   59.4092   7.70774
35.96   63.5973   7.97479
35.98   68.2431   8.26094
36   73.4156   8.56829
36.02   79.1973   8.89928
36.04   85.6873   9.25674
36.06   93.0058   9.64395
36.08   101.299   10.0648
36.1   110.748   10.5237
36.12   121.577   11.0262
36.14   134.066   11.5787
36.16   148.569   12.1889
36.18   165.543   12.8664
36.2   185.577   13.6227
36.22   209.445   14.4722
36.24   238.183   15.4332
36.26   273.192   16.5285
36.28   316.412   17.788
36.3   370.58   19.2505
36.32   439.656   20.968
36.34   529.542   23.0118
36.36   649.476   25.4848
36.38   815.112   28.5502
36.4   1055.85   32.4939
36.42   1430.34   37.8199
36.44   2050.06   45.2776
36.46   3095.1   55.6336
36.48   4781.65   69.1494
36.5   7179.48   84.7318
36.52   9578.78   97.8713
36.54   10000   100
36.56   7957.42   89.2044
36.58   5422.94   73.6406
36.6   3517   59.3043
36.62   2304.39   48.0041
36.64   1580.88   39.7603
36.66   1148.64   33.8916
36.68   876.427   29.6045
36.7   692.622   26.3177
36.72   561.256   23.6908
36.74   463.672   21.5331
36.76   389.186   19.7278
36.78   331.102   18.1962
36.8   284.982   16.8814
36.82   247.782   15.7411
36.84   217.361   14.7432
36.86   192.178   13.8628
36.88   171.104   13.0807
36.9   153.296   12.3813
36.92   138.116   11.7523
36.94   125.074   11.1836
36.96   113.788   10.6671
36.98   103.957   10.1959
37   95.3434   9.76439
37.02   87.7539   9.3677
37.04   81.033   9.00184
37.06   75.0536   8.66335
37.08   69.7107   8.34929
37.1   64.9172   8.05712
37.12   60.6006   7.78464
37.14   56.6997   7.52992
37.16   53.163   7.2913
37.18   49.9465   7.06728
37.2   47.0128   6.85659
37.22   44.3298   6.65806
37.24   41.8697   6.47068
37.26   39.6085   6.29353
37.28   37.5255   6.1258
37.3   35.6023   5.96676
37.32   33.823   5.81576
37.34   32.1738   5.67219
37.36   30.6421   5.53553
37.38   29.2171   5.40529
37.4   27.8892   5.28102
37.42   26.6497   5.16234
37.44   25.491   5.04886
37.46   24.4061   4.94025
37.48   23.389   4.83622
37.5   22.4341   4.73647
37.52   21.5365   4.64074
37.54   20.6917   4.54881
37.56   19.8955   4.46044
37.58   19.1444   4.4
37.6   18.4351   4.4
37.62   17.7644   4.4
37.64   17.1296   4.4
37.66   16.5282   4.4
37.68   15.958   4.4
37.7   15.4167   4.4
37.72   14.9025   4.4
37.74   14.4136   4.4
37.76   13.9483   4.4
37.78   13.5052   4.4
37.8   13.0829   4.4
37.82   12.68   4.4
37.84   12.2955   4.4
37.86   11.9282   4.4
37.88   11.5771   4.4
37.9   11.2413   4.4
37.92   10.9199   4.4
37.94   10.6121   4.4
37.96   10.317   4.4
37.98   10.0342   4.4
38   9.76276   4.4
38.02   0   4.4
38.04   0   4.4
38.06   0   4.4
38.08   0   4.4
38.1   0   4.4
38.12   0   4.4
38.14   0   4.4
38.16   0   4.4
38.18   0   4.4
38.2   0   4.4
38.22   0   4.4
38.24   0   4.4
38.26   0   4.4
38.28   0   4.4
38.3   0   4.4
38.32   0   4.4
38.34   0   4.4
38.36   0   4.4
38.38   0   4.4
38.4   0   4.4
38.42   0   4.4
38.44   0   4.4
38.46   0   4.4
38.48   0   4.4
38.5   0   4.4
38.52   0   4.4
38.54   0   4.4
38.56   0   4.4
38.58   0   4.4
38.6   0   4.4
38.62   0   4.4
38.64   0   4.4
38.66   0   4.4
38.68   0   4.4
38.7   0   4.4
38.72   0   4.4
38.74   0   4.4
38.76   0   4.4
38.78   0   4.4
38.8   0   4.4
38.82   0   4.4
38.84   0   4.4
38.86   0   4.4
38.88   0   4.4
38.9   0   4.4
38.92   0   4.4
38.94   0   4.4
38.96   0   4.4
38.98   0   4.4
39   0   4.4
39.02   0   4.4
39.04   0   4.4
39.06   0   4.4
39.08   0   4.4
39.1   0   4.4
39.12   0   4.4
39.14   0   4.4
39.16   0   4.4
39.18   0   4.4
39.2   0   4.4
39.22   0   4.4
39.24   0   4.4
39.26   0   4.4
39.28   0   4.4
39.3   0   4.4
39.32   0   4.4
39.34   0   4.4
39.36   0   4.4
39.38   0   4.4
39.4   0   4.4
39.42   0   4.4
39.44   0   4.4
39.46   0   4.4
39.48   0   4.4
39.5   0   4.4
39.52   0   4.4
39.54   0   4.4
39.56   0   4.4
39.58   0   4.4
39.6   0   4.4
39.62   0   4.4
39.64   0   4.4
39.66   0   4.4
39.68   0   4.4
39.7   0   4.4
39.72   0   4.4
39.74   0   4.4
39.76   0   4.4
39.78   0   4.4
39.8   0   4.4
39.82   0   4.4
39.84   0   4.4
39.86   0   4.4
39.88   0   4.4
39.9   0   4.4
39.92   0   4.4
39.94   0   4.4
39.96   0   4.4
39.98   0   4.4
40   0   4.4
40.02   0   4.4
40.04   0   4.4
40.06   0   4.4
40.08   0   4.4
40.1   0   4.4
40.12   0   4.4
40.14   0   4.4
40.16   0   4.4
40.18   0   4.4
40.2   0   4.4
40.22   0   4.4
40.24   0   4.4
40.26   0   4.4
40.28   0   4.4
40.3   0   4.4
40.32   0   4.4
40.34   0   4.4
40.36   0   4.4
40.38   0   4.4
40.4   0   4.4
40.42   0   4.4
40.44   0   4.4
40.46   0   4.4
40.48   0   4.4
40.5   0   4.4
40.52   0   4.4
40.54   0   4.4
40.56   0   4.4
40.58   0   4.4
40.6   0   4.4
40.62   0   4.4
40.64   0   4.4
40.66   0   4.4
40.68   0   4.4
40.7   0   4.4
40.72   0   4.4
40.74   0   4.4
40.76   0   4.4
40.78   0   4.4
40.8   0   4.4
40.82   0   4.4
40.84   0   4.4
40.86   0   4.4
40.88   0   4.4
40.9   0   4.4
40.92   0   4.4
40.94   0   4.4
40.96   0   4.4
40.98   0   4.4
41   0   4.4
41.02   0   4.4
41.04   0   4.4
41.06   0   4.4
41.08   0   4.4
41.1   0   4.4
41.12   0   4.4
41.14   0   4.4
41.16   0   4.4
41.18   0   4.4
41.2   0   4.4
41.22   0   4.4
41.24   0   4.4
41.26   0   4.4
41.28   0   4.4
41.3   0   4.4
41.32   0   4.4
41.34   0   4.4
41.36   0   4.4
41.38   0   4.4
41.4   0   4.4
41.42   0   4.4
41.44   0   4.4
41.46   0   4.4
41.48   0   4.4
41.5   0   4.4
41.52   0   4.4
41.54   0   4.4
41.56   0   4.4
41.58   0   4.4
41.6   0   4.4
41.62   0   4.4
41.64   0   4.4
41.66   0   4.4
41.68   0   4.4
41.7   0   4.4
41.72   0   4.4
41.74   0   4.4
41.76   0   4.4
41.78   0   4.4
41.8   0   4.4
41.82   0   4.4
41.84   0   4.4
41.86   0   4.4
41.88   0   4.4
41.9   0   4.4
41.92   0   4.4
41.94   0   4.4
41.96   0   4.4
41.98   0   4.4
42   0   4.4
42.02   0   4.4
42.04   0   4.4
42.06   0   4.4
42.08   0   4.4
42.1   0   4.4
42.12   0   4.4
42.14   0   4.4
42.16   0   4.4
42.18   0   4.4
42.2   0   4.4
42.22   0   4.4
42.24   0   4.4
42.26   0   4.4
42.28   0   4.4
42.3   0   4.4
42.32   0   4.4
42.34   0   4.4
42.36   0   4.4
42.38   0   4.4
42.4   0   4.4
42.42   0   4.4
42.44   0   4.4
42.46   0   4.4
42.48   0   4.4
42.5   0   4.4
42.52   0   4.4
42.54   0   4.4
42.56   0   4.4
42.58   0   4.4
42.6   0   4.4
42.62   0   4.4
42.64   0   4.4
42.66   0   4.4
42.68   0   4.4
42.7   0   4.4
42.72   0   4.4
42.74   0   4.4
42.76   0   4.4
42.78   0   4.4
42.8   0   4.4
42.82   0   4.4
42.84   0   4.4
42.86   0   4.4
42.88   0   4.4
42.9   0   4.4
42.92   0   4.4
42.94   0   4.4
42.96   0   4.4
42.98   0   4.4
43   0   4.4
43.02   0   4.4
43.04   0   4.4
43.06   0   4.4
43.08   0   4.4
43.1   0   4.4
43.12   0   4.4
43.14   0   4.4
43.16   0   4.4
43.18   0   4.4
43.2   0   4.4
43.22   0   4.4
43.24   0   4.4
43.26   0   4.4
43.28   0   4.4
43.3   0   4.4
43.32   0   4.4
43.34   0   4.4
43.36   0   4.4
43.38   0   4.4
43.4   0   4.4
43.42   0   4.4
43.44   0   4.4
43.46   0   4.4
43.48   0   4.4
43.5   0   4.4
43.52   0   4.4
43.54   0   4.4
43.56   0   4.4
43.58   0   4.4
43.6   0   4.4
43.62   0   4.4
43.64   0   4.4
43.66   0   4.4
43.68   0   4.4
43.7   0   4.4
43.72   0   4.4
43.74   0   4.4
43.76   0   4.4
43.78   0   4.4
43.8   0   4.4
43.82   0   4.4
43.84   0   4.4
43.86   0   4.4
43.88   0   4.4
43.9   0   4.4
43.92   0   4.4
43.94   0   4.4
43.96   0   4.4
43.98   0   4.4
44   0   4.4
44.02   0   4.4
44.04   0   4.4
44.06   0   4.4
44.08   0   4.4
44.1   0   4.4
44.12   0   4.4
44.14   0   4.4
44.16   0   4.4
44.18   0   4.4
44.2   0   4.4
44.22   0   4.4
44.24   0   4.4
44.26   0   4.4
44.28   0   4.4
44.3   0   4.4
44.32   0   4.4
44.34   0   4.4
44.36   0   4.4
44.38   0   4.4
44.4   0   4.4
44.42   0   4.4
44.44   0   4.4
44.46   0   4.4
44.48   0   4.4
44.5   0   4.4
44.52   0   4.4
44.54   0   4.4
44.56   0   4.4
44.58   0   4.4
44.6   0   4.4
44.62   0   4.4
44.64   0   4.4
44.66   0   4.4
44.68   0   4.4
44.7   0   4.4
44.72   0   4.4
44.74   0   4.4
44.76   0   4.4
44.78   0   4.4
44.8   0   4.4
44.82   0   4.4
44.84   0   4.4
44.86   0   4.4
44.88   0   4.4
44.9   0   4.4
44.92   0   4.4
44.94   0   4.4
44.96   0   4.4
44.98   0   4.4
45   0   4.4
45.02   0   4.4
45.04   0   4.4
45.06   0   4.4
45.08   0   4.4
45.1   0   4.4
45.12   0   4.4
45.14   0   4.4
45.16   0   4.4
45.18   0   4.4
45.2   0   4.4
45.22   0   4.4
45.24   0   4.4
45.26   0   4.4
45.28   0   4.4
45.3   0   4.4
45.32   0   4.4
45.34   0   4.4
45.36   0   4.4
45.38   0   4.4
45.4   0   4.4
45.42   0   4.4
45.44   0   4.4
45.46   0   4.4
45.48   0   4.4
45.5   0   4.4
45.52   0   4.4
45.54   0   4.4
45.56   0   4.4
45.58   0   4.4
45.6   0   4.4
45.62   0   4.4
45.64   0   4.4
45.66   0   4.4
45.68   0   4.4
45.7   0   4.4
45.72   0   4.4
45.74   0   4.4
45.76   0   4.4
45.78   0   4.4
45.8   0   4.4
45.82   0   4.4
45.84   0   4.4
45.86   0   4.4
45.88   0   4.4
45.9   0   4.4
45.92   0   4.4
45.94   0   4.4
45.96   0   4.4
45.98   0   4.4
46   0   4.4
46.02   0   4.4
46.04   0   4.4
46.06   0   4.4
46.08   0   4.4
46.1   0   4.4
46.12   0   4.4
46.14   0   4.4
46.16   0   4.4
46.18   0   4.4
46.2   0   4.4
46.22   0   4.4
46.24   0   4.4
46.26   0   4.4
46.28   0   4.4
46.3   0   4.4
46.32   1.70587   4.4
46.34   1.75322   4.4
46.36   1.80257   4.4
46.38   1.85403   4.4
46.4   1.90772   4.4
46.42   1.96378   4.4
46.44   2.02234   4.4
46.46   2.08357   4.4
46.48   2.14761   4.4
46.5   2.21465   4.4
46.52   2.28488   4.4
46.54   2.35851   4.4
46.56   2.43574   4.4
46.58   2.51683   4.4
46.6   2.60204   4.4
46.62   2.69165   4.4
46.64   2.78596   4.4
46.66   2.88531   4.4
46.68   2.99007   4.4
46.7   3.10064   4.4
46.72   3.21745   4.4
46.74   3.34099   4.4
46.76   3.47177   4.4
46.78   3.61038   4.4
46.8   3.75745   4.4
46.82   3.91368   4.4
46.84   4.07986   4.4
46.86   4.25684   4.4
46.88   4.44557   4.4
46.9   4.64713   4.4
46.92   4.8627   4.4
46.94   5.0936   4.4
46.96   5.34133   4.4
46.98   5.60756   4.4
47   5.89417   4.4
47.02   6.2033   4.4
47.04   6.53736   4.4
47.06   6.89911   4.4
47.08   7.29169   4.4
47.1   7.71868   4.4
47.12   8.18424   4.4
47.14   8.69314   4.4
47.16   9.25092   4.4
47.18   9.86402   4.4
47.2   10.54   4.4
47.22   11.2877   4.4
47.24   12.1177   4.4
47.26   13.0425   4.4
47.28   14.0768   4.4
47.3   15.2389   4.4
47.32   16.5504   4.4
47.34   18.038   4.4
47.36   19.7347   4.44237
47.38   21.6812   4.6563
47.4   23.9287   4.8917
47.42   26.5425   5.15194
47.44   29.6058   5.44112
47.46   33.2272   5.7643
47.48   37.5496   6.12777
47.5   42.7642   6.53943
47.52   49.1314   7.00938
47.54   57.0122   7.55064
47.56   66.9184   8.18037
47.58   79.5937   8.92153
47.6   96.1551   9.80587
47.62   118.371   10.8798
47.64   149.291   12.2185
47.66   194.741   13.955
47.68   266.344   16.3201
47.7   385.727   19.6399
47.72   586.425   24.2162
47.74   905.407   30.09
47.76   1341.84   36.6311
47.78   1728.56   41.5759
47.8   1712.14   41.378
47.82   1311.61   36.2162
47.84   880.539   29.6739
47.86   570.077   23.8763
47.88   375.876   19.3875
47.9   260.514   16.1405
47.92   191.148   13.8256
47.94   146.916   12.1209
47.96   116.699   10.8027
47.98   94.9262   9.74301
48   78.663   8.86922
48.02   66.1973   8.13617
48.04   56.4428   7.51284
48.06   48.6744   6.9767
48.08   42.3921   6.51092
48.1   37.2428   6.10269
48.12   32.9713   5.74207
48.14   29.3903   5.42128
48.16   26.3593   5.13413
48.18   23.7717   4.87563
48.2   21.5456   4.64173
48.22   19.6169   4.42909
48.24   17.935   4.4
48.26   16.4598   4.4
48.28   15.1588   4.4
48.3   14.0057   4.4
48.32   12.979   4.4
48.34   12.0608   4.4
48.36   11.2366   4.4
48.38   10.4938   4.4
48.4   9.8222   4.4
48.42   9.21292   4.4
48.44   8.65852   4.4
48.46   8.15261   4.4
48.48   7.6897   4.4
48.5   7.26507   4.4
48.52   6.87461   4.4
48.54   6.51476   4.4
48.56   6.1824   4.4
48.58   5.87481   4.4
48.6   5.58959   4.4
48.62   5.32463   4.4
48.64   5.07805   4.4
48.66   4.84818   4.4
48.68   4.63357   4.4
48.7   4.43288   4.4
48.72   4.24494   4.4
48.74   4.0687   4.4
48.76   3.9032   4.4
48.78   3.74758   4.4
48.8   3.60109   4.4
48.82   3.46301   4.4
48.84   3.33271   4.4
48.86   3.20963   4.4
48.88   3.09324   4.4
48.9   2.98307   4.4
48.92   2.87867   4.4
48.94   2.77966   4.4
48.96   2.68566   4.4
48.98   2.59635   4.4
49   2.51142   4.4
49.02   2.43059   4.4
49.04   2.3536   4.4
49.06   2.2802   4.4
49.08   2.21019   4.4
49.1   2.14334   4.4
49.12   2.07949   4.4
49.14   2.01844   4.4
49.16   1.96005   4.4
49.18   1.90415   4.4
49.2   1.8506   4.4
49.22   1.79929   4.4
49.24   1.75007   4.4
49.26   1.70285   4.4
49.28   0   4.4
49.3   0   4.4
49.32   0   4.4
49.34   0   4.4
49.36   0   4.4
49.38   0   4.4
49.4   0   4.4
49.42   0   4.4
49.44   0   4.4
49.46   0   4.4
49.48   0   4.4
49.5   0   4.4
49.52   0   4.4
49.54   0   4.4
49.56   0   4.4
49.58   0   4.4
49.6   0   4.4
49.62   0   4.4
49.64   0   4.4
49.66   0   4.4
49.68   0   4.4
49.7   0   4.4
49.72   0   4.4
49.74   0   4.4
49.76   0   4.4
49.78   0   4.4
49.8   0   4.4
49.82   0   4.4
49.84   0   4.4
49.86   0   4.4
49.88   0   4.4
49.9   0   4.4
49.92   0   4.4
49.94   0   4.4
49.96   0   4.4
49.98   0   4.4
50   0   4.4
50.02   0   4.4
50.04   0   4.4
50.06   0   4.4
50.08   0   4.4
50.1   0   4.4
50.12   0   4.4
50.14   0   4.4
50.16   0   4.4
50.18   0   4.4
50.2   0   4.4
50.22   0   4.4
50.24   0   4.4
50.26   0   4.4
50.28   0   4.4
50.3   0   4.4
50.32   0   4.4
50.34   0   4.4
50.36   0   4.4
50.38   0   4.4
50.4   0   4.4
50.42   0   4.4
50.44   0   4.4
50.46   0   4.4
50.48   0   4.4
50.5   0   4.4
50.52   0   4.4
50.54   0   4.4
50.56   0   4.4
50.58   0   4.4
50.6   0   4.4
50.62   0   4.4
50.64   0   4.4
50.66   0   4.4
50.68   0   4.4
50.7   0   4.4
50.72   0   4.4
50.74   0   4.4
50.76   0   4.4
50.78   0   4.4
50.8   0   4.4
50.82   0   4.4
50.84   0   4.4
50.86   0   4.4
50.88   0   4.4
50.9   0   4.4
50.92   0   4.4
50.94   0   4.4
50.96   0   4.4
50.98   0   4.4
51   0   4.4
51.02   0   4.4
51.04   0   4.4
51.06   0   4.4
51.08   0   4.4
51.1   0   4.4
51.12   0   4.4
51.14   0   4.4
51.16   0   4.4
51.18   0   4.4
51.2   0   4.4
51.22   0   4.4
51.24   0   4.4
51.26   0   4.4
51.28   0   4.4
51.3   0   4.4
51.32   0   4.4
51.34   0   4.4
51.36   0   4.4
51.38   0   4.4
51.4   0   4.4
51.42   0   4.4
51.44   0   4.4
51.46   0   4.4
51.48   0   4.4
51.5   0   4.4
51.52   0   4.4
51.54   0   4.4
51.56   0   4.4
51.58   0   4.4
51.6   0   4.4
51.62   0   4.4
51.64   0   4.4
51.66   0   4.4
51.68   0   4.4
51.7   0   4.4
51.72   0   4.4
51.74   0   4.4
51.76   0   4.4
51.78   0   4.4
51.8   0   4.4
51.82   0   4.4
51.84   0   4.4
51.86   0   4.4
51.88   0   4.4
51.9   0   4.4
51.92   0   4.4
51.94   0   4.4
51.96   0   4.4
51.98   0   4.4
52   0   4.4
52.02   0   4.4
52.04   0   4.4
52.06   0   4.4
52.08   0   4.4
52.1   0   4.4
52.12   0   4.4
52.14   0   4.4
52.16   0   4.4
52.18   0   4.4
52.2   0   4.4
52.22   0   4.4
52.24   0   4.4
52.26   0   4.4
52.28   0   4.4
52.3   0   4.4
52.32   0   4.4
52.34   0   4.4
52.36   0   4.4
52.38   0   4.4
52.4   0   4.4
52.42   0   4.4
52.44   0   4.4
52.46   0   4.4
52.48   0   4.4
52.5   0   4.4
52.52   0   4.4
52.54   0   4.4
52.56   0   4.4
52.58   0   4.4
52.6   0   4.4
52.62   0   4.4
52.64   0   4.4
52.66   0   4.4
52.68   0   4.4
52.7   0   4.4
52.72   0   4.4
52.74   0   4.4
52.76   0   4.4
52.78   0   4.4
52.8   0   4.4
52.82   0   4.4
52.84   0   4.4
52.86   0   4.4
52.88   0   4.4
52.9   0   4.4
52.92   0   4.4
52.94   0   4.4
52.96   0   4.4
52.98   0   4.4
53   0   4.4
53.02   0   4.4
53.04   0   4.4
53.06   0   4.4
53.08   0   4.4
53.1   0   4.4
53.12   0   4.4
53.14   0   4.4
53.16   0   4.4
53.18   0   4.4
53.2   0   4.4
53.22   0   4.4
53.24   0   4.4
53.26   0   4.4
53.28   0   4.4
53.3   0   4.4
53.32   0   4.4
53.34   0   4.4
53.36   0   4.4
53.38   0   4.4
53.4   0   4.4
53.42   0   4.4
53.44   0   4.4
53.46   0   4.4
53.48   0   4.4
53.5   0   4.4
53.52   0   4.4
53.54   0   4.4
53.56   0   4.4
53.58   0   4.4
53.6   0   4.4
53.62   0   4.4
53.64   0   4.4
53.66   0   4.4
53.68   0   4.4
53.7   0   4.4
53.72   0   4.4
53.74   0   4.4
53.76   0   4.4
53.78   0   4.4
53.8   0   4.4
53.82   0   4.4
53.84   0   4.4
53.86   0   4.4
53.88   0   4.4
53.9   0   4.4
53.92   0   4.4
53.94   0   4.4
53.96   0   4.4
53.98   0   4.4
54   0   4.4
54.02   0   4.4
54.04   0   4.4
54.06   0   4.4
54.08   0   4.4
54.1   0   4.4
54.12   0   4.4
54.14   0   4.4
54.16   0   4.4
54.18   0   4.4
54.2   0   4.4
54.22   0   4.4
54.24   0   4.4
54.26   0   4.4
54.28   0   4.4
54.3   0   4.4
54.32   0   4.4
54.34   0   4.4
54.36   0   4.4
54.38   0   4.4
54.4   0   4.4
54.42   0   4.4
54.44   0   4.4
54.46   0   4.4
54.48   0   4.4
54.5   0   4.4
54.52   0   4.4
54.54   0   4.4
54.56   0   4.4
54.58   0   4.4
54.6   0   4.4
54.62   0   4.4
54.64   0   4.4
54.66   0   4.4
54.68   0   4.4
54.7   0   4.4
54.72   0   4.4
54.74   0   4.4
54.76   0   4.4
54.78   0   4.4
54.8   0   4.4
54.82   0   4.4
54.84   0   4.4
54.86   0   4.4
54.88   0   4.4
54.9   0   4.4
54.92   0   4.4
54.94   0   4.4
54.96   0   4.4
54.98   0   4.4
55   0   4.4
55.02   0   4.4
55.04   0   4.4
55.06   0   4.4
55.08   0   4.4
55.1   0   4.4
55.12   0   4.4
55.14   0   4.4
55.16   0   4.4
55.18   0   4.4
55.2   0   4.4
55.22   0   4.4
55.24   0   4.4
55.26   0   4.4
55.28   0   4.4
55.3   0   4.4
55.32   0   4.4
55.34   0   4.4
55.36   0   4.4
55.38   0   4.4
55.4   0   4.4
55.42   0   4.4
55.44   0   4.4
55.46   0   4.4
55.48   0   4.4
55.5   0   4.4
55.52   0   4.4
55.54   0   4.4
55.56   0   4.4
55.58   0   4.4
55.6   0   4.4
55.62   0   4.4
55.64   0   4.4
55.66   0   4.4
55.68   0   4.4
55.7   2.14717   4.4
55.72   2.20689   4.4
55.74   2.26913   4.4
55.76   2.33404   4.4
55.78   2.40178   4.4
55.8   2.47251   4.4
55.82   2.5464   4.4
55.84   2.62366   4.4
55.86   2.70449   4.4
55.88   2.78911   4.4
55.9   2.87775   4.4
55.92   2.9707   4.4
55.94   3.06821   4.4
55.96   3.17061   4.4
55.98   3.27821   4.4
56   3.39138   4.4
56.02   3.51051   4.4
56.04   3.63603   4.4
56.06   3.7684   4.4
56.08   3.90812   4.4
56.1   4.05575   4.4
56.12   4.21191   4.4
56.14   4.37725   4.4
56.16   4.55251   4.4
56.18   4.73851   4.4
56.2   4.93613   4.4
56.22   5.14636   4.4
56.24   5.37031   4.4
56.26   5.60918   4.4
56.28   5.86433   4.4
56.3   6.13727   4.4
56.32   6.4297   4.4
56.34   6.74352   4.4
56.36   7.08085   4.4
56.38   7.4441   4.4
56.4   7.836   4.4
56.42   8.25963   4.4
56.44   8.71851   4.4
56.46   9.21666   4.4
56.48   9.75867   4.4
56.5   10.3498   4.4
56.52   10.9963   4.4
56.54   11.7051   4.4
56.56   12.4846   4.4
56.58   13.3444   4.4
56.6   14.2959   4.4
56.62   15.3527   4.4
56.64   16.5307   4.4
56.66   17.8493   4.4
56.68   19.3315   4.4
56.7   21.0056   4.58318
56.72   22.9059   4.78601
56.74   25.075   5.00749
56.76   27.5657   5.2503
56.78   30.4446   5.51766
56.8   33.796   5.81344
56.82   37.7287   6.14237
56.84   42.3841   6.5103
56.86   47.9487   6.9245
56.88   54.6732   7.39413
56.9   62.8992   7.9309
56.92   73.1023   8.54999
56.94   85.9587   9.27139
56.96   102.455   10.122
56.98   124.082   11.1392
57   153.225   12.3784
57.02   194.058   13.9305
57.04   254.652   15.9578
57.06   351.063   18.7367
57.08   512.589   22.6404
57.1   783.056   27.9831
57.12   1206.85   34.7397
57.14   1765.89   42.0225
57.16   2204.2   46.9489
57.18   2093.08   45.7502
57.2   1560.36   39.5014
57.22   1037.26   32.2066
57.24   671.447   25.9123
57.26   445.298   21.1021
57.28   311.23   17.6417
57.3   230.101   15.1691
57.32   177.836   13.3355
57.34   141.811   11.9084
57.36   115.693   10.7561
57.38   96.1024   9.80319
57.4   81.0373   9.00207
57.42   69.2166   8.31965
57.44   59.7806   7.73179
57.46   52.1341   7.22039
57.48   45.8551   6.77164
57.5   40.6381   6.3748
57.52   36.258   6.02146
57.54   32.5459   5.70491
57.56   29.3733   5.41971
57.58   26.6408   5.16148
57.6   24.2711   4.92657
57.62   22.2029   4.712
57.64   20.3873   4.51523
57.66   18.7849   4.4
57.68   17.3637   4.4
57.7   16.0975   4.4
57.72   14.9646   4.4
57.74   13.9468   4.4
57.76   13.0293   4.4
57.78   12.1992   4.4
57.8   11.4458   4.4
57.82   10.76   4.4
57.84   10.134   4.4
57.86   9.56091   4.4
57.88   9.03504   4.4
57.9   8.55133   4.4
57.92   8.1054   4.4
57.94   7.69341   4.4
57.96   7.31201   4.4
57.98   6.95826   4.4
58   6.62954   4.4
58.02   6.32355   4.4
58.04   6.03824   4.4
58.06   5.77179   4.4
58.08   5.52259   4.4
58.1   5.28917   4.4
58.12   5.07022   4.4
58.14   4.86458   4.4
58.16   4.6712   4.4
58.18   4.48911   4.4
58.2   4.31746   4.4
58.22   4.15546   4.4
58.24   4.0024   4.4
58.26   3.85764   4.4
58.28   3.72059   4.4
58.3   3.59071   4.4
58.32   3.46751   4.4
58.34   3.35055   4.4
58.36   3.23939   4.4
58.38   3.13368   4.4
58.4   3.03305   4.4
58.42   2.93719   4.4
58.44   2.84581   4.4
58.46   2.75862   4.4
58.48   2.67537   4.4
58.5   2.59584   4.4
58.52   2.5198   4.4
58.54   2.44705   4.4
58.56   2.3774   4.4
58.58   2.31069   4.4
58.6   2.24674   4.4
58.62   2.18541   4.4
58.64   0   4.4
58.66   0   4.4
58.68   0   4.4
58.7   0   4.4
58.72   0   4.4
58.74   0   4.4
58.76   0   4.4
58.78   0   4.4
58.8   0   4.4
58.82   0   4.4
58.84   0   4.4
58.86   0   4.4
58.88   0   4.4
58.9   0   4.4
58.92   0   4.4
58.94   0   4.4
58.96   0   4.4
58.98   0   4.4
59   0   4.4
59.02   0   4.4
59.04   0   4.4
59.06   0   4.4
59.08   0   4.4
59.1   0   4.4
59.12   0   4.4
59.14   0   4.4
59.16   0   4.4
59.18   0   4.4
59.2   0   4.4
59.22   0   4.4
59.24   0   4.4
59.26   0   4.4
59.28   0   4.4
59.3   0   4.4
59.32   0   4.4
59.34   0   4.4
59.36   0   4.4
59.38   0   4.4
59.4   0   4.4
59.42   0   4.4
59.44   0   4.4
59.46   0   4.4
59.48   0   4.4
59.5   0   4.4
59.52   0   4.4
59.54   0   4.4
59.56   0   4.4
59.58   0   4.4
59.6   0   4.4
59.62   0   4.4
59.64   0   4.4
59.66   0   4.4
59.68   0   4.4
59.7   0   4.4
59.72   0   4.4
59.74   0   4.4
59.76   0   4.4
59.78   0   4.4
59.8   0   4.4
59.82   0   4.4
59.84   0   4.4
59.86   0   4.4
59.88   0   4.4
59.9   0   4.4
59.92   0   4.4
59.94   0   4.4
59.96   0   4.4
59.98   0   4.4
60   0   4.4
60.02   0   4.4
60.04   0   4.4
60.06   0   4.4
60.08   0   4.4
60.1   0   4.4
60.12   0   4.4
60.14   0   4.4
60.16   0   4.4
60.18   0   4.4
60.2   0   4.4
60.22   0   4.4
60.24   0   4.4
60.26   0   4.4
60.28   0   4.4
60.3   0   4.4
60.32   0   4.4
60.34   0   4.4
60.36   0   4.4
60.38   0   4.4
60.4   0   4.4
60.42   0   4.4
60.44   0   4.4
60.46   0   4.4
60.48   0   4.4
60.5   0   4.4
60.52   0   4.4
60.54   0   4.4
60.56   0   4.4
60.58   0   4.4
60.6   0   4.4
60.62   0   4.4
60.64   0   4.4
60.66   0   4.4
60.68   0   4.4
60.7   0   4.4
60.72   0   4.4
60.74   0   4.4
60.76   0   4.4
60.78   0   4.4
60.8   0   4.4
60.82   0   4.4
60.84   0   4.4
60.86   0   4.4
60.88   0   4.4
60.9   0   4.4
60.92   0   4.4
60.94   0   4.4
60.96   0   4.4
60.98   0   4.4
61   0   4.4
61.02   0   4.4
61.04   0   4.4
61.06   0   4.4
61.08   0   4.4
61.1   0   4.4
61.12   0   4.4
61.14   0   4.4
61.16   0   4.4
61.18   0   4.4
61.2   0   4.4
61.22   0   4.4
61.24   0   4.4
61.26   0   4.4
61.28   0   4.4
61.3   0   4.4
61.32   0   4.4
61.34   0   4.4
61.36   0   4.4
61.38   0   4.4
61.4   0   4.4
61.42   0   4.4
61.44   0   4.4
61.46   0   4.4
61.48   0   4.4
61.5   0   4.4
61.52   0   4.4
61.54   0   4.4
61.56   0   4.4
61.58   0   4.4
61.6   0   4.4
61.62   0   4.4
61.64   0   4.4
61.66   1.90062   4.4
61.68   1.95446   4.4
61.7   2.01062   4.4
61.72   2.06924   4.4
61.74   2.13045   4.4
61.76   2.19442   4.4
61.78   2.26132   4.4
61.8   2.33131   4.4
61.82   2.40461   4.4
61.84   2.48142   4.4
61.86   2.56196   4.4
61.88   2.64649   4.4
61.9   2.73527   4.4
61.92   2.82859   4.4
61.94   2.92677   4.4
61.96   3.03014   4.4
61.98   3.13909   4.4
62   3.25401   4.4
62.02   3.37536   4.4
62.04   3.50362   4.4
62.06   3.63933   4.4
62.08   3.78307   4.4
62.1   3.93549   4.4
62.12   4.0973   4.4
62.14   4.26929   4.4
62.16   4.45233   4.4
62.18   4.64738   4.4
62.2   4.85553   4.4
62.22   5.07797   4.4
62.24   5.31603   4.4
62.26   5.57121   4.4
62.28   5.84519   4.4
62.3   6.13987   4.4
62.32   6.45737   4.4
62.34   6.80011   4.4
62.36   7.17084   4.4
62.38   7.57269   4.4
62.4   8.00922   4.4
62.42   8.48454   4.4
62.44   9.00338   4.4
62.46   9.57121   4.4
62.48   10.1944   4.4
62.5   10.8803   4.4
62.52   11.6377   4.4
62.54   12.4767   4.4
62.56   13.4096   4.4
62.58   14.4509   4.4
62.6   15.6178   4.4
62.62   16.9315   4.4
62.64   18.4175   4.4
62.66   20.1072   4.4841
62.68   22.0393   4.6946
62.7   24.2623   4.92567
62.72   26.8372   5.18046
62.74   29.842   5.46278
62.76   33.3772   5.7773
62.78   37.5742   6.12978
62.8   42.6073   6.52742
62.82   48.7116   6.97937
62.84   56.2099   7.49733
62.86   65.5539   8.09654
62.88   77.3911   8.79722
62.9   92.6749   9.62678
62.92   112.867   10.6239
62.94   140.364   11.8475
62.96   179.502   13.3978
62.98   238.831   15.4542
63   335.125   18.3064
63.02   497.494   22.3046
63.04   765.819   27.6734
63.06   1170.8   34.217
63.08   1653.8   40.667
63.1   1911.67   43.7226
63.12   1664.15   40.7941
63.14   1181.83   34.3778
63.16   773.703   27.8155
63.18   502.408   22.4145
63.2   338.036   18.3857
63.22   240.578   15.5106
63.24   180.616   13.4393
63.26   141.126   11.8796
63.28   113.416   10.6497
63.3   93.0851   9.64806
63.32   77.7055   8.81507
63.34   65.7999   8.11171
63.36   56.4058   7.51038
63.38   48.87   6.99071
63.4   42.7371   6.53736
63.42   37.6818   6.13855
63.44   33.4674   5.7851
63.46   29.9184   5.46977
63.48   26.9024   5.18675
63.5   24.3183   4.93136
63.52   22.0879   4.69977
63.54   20.1495   4.48882
63.56   18.4547   4.4
63.58   16.9643   4.4
63.6   15.6469   4.4
63.62   14.4767   4.4
63.64   13.4327   4.4
63.66   12.4975   4.4
63.68   11.6564   4.4
63.7   10.8972   4.4
63.72   10.2097   4.4
63.74   9.58516   4.4
63.76   9.01612   4.4
63.78   8.49619   4.4
63.8   8.0199   4.4
63.82   7.58251   4.4
63.84   7.1799   4.4
63.86   6.80847   4.4
63.88   6.46511   4.4
63.9   6.14704   4.4
63.92   5.85186   4.4
63.94   5.57741   4.4
63.96   5.32181   4.4
63.98   5.08337   4.4
64   4.86058   4.4
64.02   4.65211   4.4
64.04   4.45676   4.4
64.06   4.27345   4.4
64.08   4.10121   4.4
64.1   3.93917   4.4
64.12   3.78654   4.4
64.14   3.6426   4.4
64.16   3.50672   4.4
64.18   3.37829   4.4
64.2   3.25678   4.4
64.22   3.14171   4.4
64.24   3.03263   4.4
64.26   2.92913   4.4
64.28   2.83084   4.4
64.3   2.73741   4.4
64.32   2.64852   4.4
64.34   2.5639   4.4
64.36   2.48326   4.4
64.38   2.40637   4.4
64.4   2.33299   4.4
64.42   2.26292   4.4
64.44   2.19596   4.4
64.46   2.13192   4.4
64.48   2.07064   4.4
64.5   2.01197   4.4
64.52   1.95575   4.4
64.54   1.90186   4.4
64.56   0   4.4
64.58   0   4.4
64.6   0   4.4
64.62   0   4.4
64.64   0   4.4
64.66   0   4.4
64.68   0   4.4
64.7   0   4.4
64.72   0   4.4
64.74   0   4.4
64.76   0   4.4
64.78   0   4.4
64.8   0   4.4
64.82   0   4.4
64.84   0   4.4
64.86   0   4.4
64.88   0   4.4
64.9   0   4.4
64.92   0   4.4
64.94   0   4.4
64.96   0   4.4
64.98   0   4.4
65   0   4.4
65.02   0   4.4
65.04   0   4.4
65.06   0   4.4
65.08   0   4.4
65.1   0   4.4
65.12   0   4.4
65.14   0   4.4
65.16   0   4.4
65.18   0   4.4
65.2   0   4.4
65.22   0   4.4
65.24   0   4.4
65.26   0   4.4
65.28   0   4.4
65.3   0   4.4
65.32   0   4.4
65.34   0   4.4
65.36   0   4.4
65.38   0   4.4
65.4   0   4.4
65.42   0   4.4
65.44   0   4.4
65.46   0   4.4
65.48   0   4.4
65.5   0   4.4
65.52   0   4.4
65.54   0   4.4
65.56   0   4.4
65.58   0   4.4
65.6   0.241891   4.4
65.62   0.2486   4.4
65.64   0.255592   4.4
65.66   0.262883   4.4
65.68   0.270491   4.4
65.7   0.278433   4.4
65.72   0.286731   4.4
65.74   0.295404   4.4
65.76   0.304478   4.4
65.78   0.313975   4.4
65.8   0.323923   4.4
65.82   0.334352   4.4
65.84   0.345293   4.4
65.86   0.356778   4.4
65.88   0.368847   4.4
65.9   0.381538   4.4
65.92   0.394894   4.4
65.94   0.408965   4.4
65.96   0.4238   4.4
65.98   0.439457   4.4
66   0.455997   4.4
66.02   0.473488   4.4
66.04   0.492004   4.4
66.06   0.511627   4.4
66.08   0.532447   4.4
66.1   0.554563   4.4
66.12   0.578084   4.4
66.14   0.603133   4.4
66.16   0.629845   4.4
66.18   0.658369   4.4
66.2   0.688873   4.4
66.22   0.721545   4.4
66.24   0.756595   4.4
66.26   0.794258   4.4
66.28   0.834802   4.4
66.3   0.878526   4.4
66.32   0.925773   4.4
66.34   0.976929   4.4
66.36   1.03244   4.4
66.38   1.09281   4.4
66.4   1.15862   4.4
66.42   1.23055   4.4
66.44   1.30938   4.4
66.46   1.39602   4.4
66.48   1.49152   4.4
66.5   1.59715   4.4
66.52   1.71437   4.4
66.54   1.84494   4.4
66.56   1.99097   4.4
66.58   2.15499   4.4
66.6   2.34006   4.4
66.62   2.54992   4.4
66.64   2.7892   4.4
66.66   3.06363   4.4
66.68   3.3804   4.4
66.7   3.74864   4.4
66.72   4.18005   4.4
66.74   4.68981   4.4
66.76   5.29793   4.4
66.78   6.03117   4.4
66.8   6.92588   4.4
66.82   8.03249   4.4
66.84   9.42234   4.4
66.86   11.199   4.4
66.88   13.5176   4.4
66.9   16.6231   4.4
66.92   20.9357   4.57556
66.94   27.2545   5.22058
66.96   37.1739   6.09704
66.98   53.6803   7.32669
67   81.4596   9.0255
67.02   127.099   11.2738
67.04   188.522   13.7303
67.06   245.016   15.653
67.08   246.346   15.6954
67.1   191.015   13.8208
67.12   129.248   11.3687
67.14   84.2695   9.17984
67.16   56.0257   7.48503
67.18   39.2516   6.26511
67.2   29.2069   5.40434
67.22   22.8453   4.77968
67.24   18.5329   4.4
67.26   15.4508   4.4
67.28   13.1698   4.4
67.3   11.4408   4.4
67.32   10.1066   4.4
67.34   9.06218   4.4
67.36   8.23563   4.4
67.38   7.57617   4.4
67.4   7.04733   4.4
67.42   6.62237   4.4
67.44   6.28146   4.4
67.46   6.00965   4.4
67.48   5.79557   4.4
67.5   5.63049   4.4
67.52   5.50769   4.4
67.54   5.42196   4.4
67.56   5.36931   4.4
67.58   5.34667   4.4
67.6   5.35177   4.4
67.62   5.38293   4.4
67.64   5.43905   4.4
67.66   5.51947   4.4
67.68   5.62397   4.4
67.7   5.7527   4.4
67.72   5.90619   4.4
67.74   6.08535   4.4
67.76   6.29145   4.4
67.78   6.52617   4.4
67.8   6.79164   4.4
67.82   7.09043   4.4
67.84   7.42568   4.4
67.86   7.80117   4.4
67.88   8.22138   4.4
67.9   8.69167   4.4
67.92   9.21841   4.4
67.94   9.80925   4.4
67.96   10.4733   4.4
67.98   11.2216   4.4
68   12.0673   4.4
68.02   13.0268   4.4
68.04   14.1197   4.4
68.06   15.3705   4.4
68.08   16.8097   4.4
68.1   18.4753   4.4
68.12   20.4159   4.5184
68.14   22.6937   4.76379
68.16   25.3893   5.03878
68.18   28.6092   5.34876
68.2   32.4958   5.70051
68.22   37.2425   6.10266
68.24   43.1175   6.56639
68.26   50.5008   7.10639
68.28   59.9433   7.74231
68.3   72.2714   8.50126
68.32   89.466   9.45865
68.34   112.43   10.6033
68.36   146.079   12.0863
68.38   198.906   14.1034
68.4   286.816   16.9356
68.42   434.749   20.8506
68.44   670.886   25.9015
68.46   997.536   31.5838
68.48   1297.44   36.0201
68.5   1303.42   36.1029
68.52   1008.56   31.7579
68.54   680.009   26.077
68.56   440.584   20.9901
68.58   290.34   17.0394
68.6   201.018   14.1781
68.62   147.427   12.1419
68.64   113.384   10.6482
68.66   90.2133   9.49807
68.68   73.5668   8.57711
68.7   61.1638   7.82073
68.72   51.6804   7.18891
68.74   44.2796   6.65429
68.76   38.4034   6.19705
68.78   33.6682   5.80243
68.8   29.803   5.45921
68.82   26.6124   5.15873
68.84   23.9533   4.89421
68.86   21.7186   4.66032
68.88   19.827   4.45275
68.9   18.2163   4.4
68.92   16.8381   4.4
68.94   15.6544   4.4
68.96   14.635   4.4
68.98   13.7561   4.4
69   12.9982   4.4
69.02   12.3459   4.4
69.04   11.7867   4.4
69.06   11.3106   4.4
69.08   10.9094   4.4
69.1   10.5769   4.4
69.12   10.308   4.4
69.14   10.0994   4.4
69.16   9.94834   4.4
69.18   9.85364   4.4
69.2   9.81497   4.4
69.22   9.83312   4.4
69.24   9.91003   4.4
69.26   10.0489   4.4
69.28   10.2542   4.4
69.3   10.5323   4.4
69.32   10.8914   4.4
69.34   11.3422   4.4
69.36   11.8984   4.4
69.38   12.5777   4.4
69.4   13.4028   4.4
69.42   14.4033   4.4
69.44   15.6177   4.4
69.46   17.097   4.4
69.48   18.9094   4.4
69.5   21.1477   4.59866
69.52   23.94   4.89285
69.54   27.4674   5.24094
69.56   31.9913   5.65609
69.58   37.9008   6.15636
69.6   45.8017   6.76769
69.62   56.7133   7.53082
69.64   72.5356   8.51679
69.66   97.0534   9.85157
69.68   137.521   11.727
69.7   205.86   14.3478
69.72   316.859   17.8005
69.74   477.083   21.8422
69.76   644.896   25.3948
69.78   688.847   26.2459
69.8   558.566   23.634
69.82   384.085   19.5981
69.84   249.94   15.8095
69.86   163.852   12.8005
69.88   112.336   10.5989
69.9   81.6152   9.03411
69.92   62.3588   7.89676
69.94   49.4145   7.02954
69.96   40.1893   6.3395
69.98   32.093   5.66506
70   26.9058   5.18708
70.02   22.8672   4.78196
70.04   19.6647   4.43449
70.06   17.0848   4.4
70.08   14.9772   4.4
70.1   13.2341   4.4
70.12   11.7766   4.4
70.14   10.5459   4.4
70.16   9.49749   4.4
70.18   8.5973   4.4
70.2   7.81874   4.4
70.22   7.14094   4.4
70.24   6.54729   4.4
70.26   6.02446   4.4
70.28   5.56166   4.4
70.3   5.15006   4.4
70.32   4.7824   4.4
70.34   4.45265   4.4
70.36   4.15579   4.4
70.38   3.88759   4.4
70.4   3.64449   4.4
70.42   3.42346   4.4
70.44   3.22191   4.4
70.46   3.03761   4.4
70.48   2.86866   4.4
70.5   2.71341   4.4
70.52   2.57041   4.4
70.54   2.4384   4.4
70.56   2.3163   4.4
70.58   2.20313   4.4
70.6   2.09805   4.4
70.62   2.0003   4.4
70.64   1.90922   4.4
70.66   1.82422   4.4
70.68   1.74476   4.4
70.7   1.67038   4.4
70.72   1.60065   4.4
70.74   1.5352   4.4
70.76   1.47367   4.4
70.78   1.41577   4.4
70.8   1.36122   4.4
70.82   1.30975   4.4
70.84   1.26115   4.4
70.86   1.2152   4.4
70.88   1.17171   4.4
70.9   1.13052   4.4
70.92   1.09146   4.4
70.94   1.05439   4.4
70.96   1.01917   4.4
70.98   0.985693   4.4
71   0.953834   4.4
71.02   0.923495   4.4
71.04   0.89458   4.4
71.06   0.867001   4.4
71.08   0.840677   4.4
71.1   0.815534   4.4
71.12   0.791502   4.4
71.14   0.768516   4.4
71.16   0.746516   4.4
71.18   0.725448   4.4
71.2   0.705258   4.4
71.22   0.79289   4.4
71.24   0.109995   4.4
71.26   0.113128   4.4
71.28   0.116397   4.4
71.3   0.119809   4.4
71.32   0.123374   4.4
71.34   0.1271   4.4
71.36   0.130997   4.4
71.38   0.135076   4.4
71.4   0.139349   4.4
71.42   0.143828   4.4
71.44   0.148526   4.4
71.46   0.153457   4.4
71.48   0.158639   4.4
71.5   0.164087   4.4
71.52   0.16982   4.4
71.54   0.17586   4.4
71.56   0.182227   4.4
71.58   0.188945   4.4
71.6   0.196042   4.4
71.62   0.203547   4.4
71.64   0.21149   4.4
71.66   0.219907   4.4
71.68   0.228836   4.4
71.7   0.23832   4.4
71.72   0.248405   4.4
71.74   0.259144   4.4
71.76   0.270594   4.4
71.78   0.282818   4.4
71.8   0.29589   4.4
71.82   0.309887   4.4
71.84   0.324901   4.4
71.86   0.341032   4.4
71.88   0.358393   4.4
71.9   0.377111   4.4
71.92   0.397334   4.4
71.94   0.419225   4.4
71.96   0.442973   4.4
71.98   0.468794   4.4
72   0.496936   4.4
72.02   0.527685   4.4
72.04   0.561373   4.4
72.06   0.598385   4.4
72.08   0.639172   4.4
72.1   0.684266   4.4
72.12   0.73429   4.4
72.14   0.789991   4.4
72.16   0.852258   4.4
72.18   0.922159   4.4
72.2   1.00099   4.4
72.22   1.09034   4.4
72.24   1.19215   4.4
72.26   1.30883   4.4
72.28   1.44342   4.4
72.3   1.59976   4.4
72.32   1.78275   4.4
72.34   1.99877   4.4
72.36   2.2562   4.4
72.38   2.56621   4.4
72.4   2.94398   4.4
72.42   3.4105   4.4
72.44   3.9954   4.4
72.46   4.74156   4.4
72.48   5.713   4.4
72.5   7.00997   4.4
72.52   8.80279   4.4
72.54   11.412   4.4
72.56   15.477   4.4
72.58   22.2105   4.71281
72.6   33.5624   5.79331
72.62   51.8515   7.2008
72.64   77.7437   8.81724
72.66   103.314   10.1643
72.68   107.182   10.3529
72.7   84.8802   9.21304
72.72   57.7312   7.5981
72.74   37.4297   6.11799
72.76   24.5415   4.95394
72.78   16.8566   4.4
72.8   12.2624   4.4
72.82   9.36479   4.4
72.84   7.40545   4.4
72.86   6.0037   4.4
72.88   4.96172   4.4
72.9   4.16596   4.4
72.92   3.54517   4.4
72.94   3.05206   4.4
72.96   2.65421   4.4
72.98   2.32876   4.4
73   2.05929   4.4
73.02   1.83373   4.4
73.04   1.64309   4.4
73.06   1.48056   4.4
73.08   1.34089   4.4
73.1   1.22001   4.4
73.12   1.11471   4.4
73.14   1.02242   4.4
73.16   0.941104   4.4
73.18   0.869087   4.4
73.2   0.805008   4.4
73.22   0.747744   4.4
73.24   0.696366   4.4
73.26   0.650095   4.4
73.28   0.608277   4.4
73.3   0.57036   4.4
73.32   0.535874   4.4
73.34   0.504419   4.4
73.36   0.475649   4.4
73.38   0.449268   4.4
73.4   0.42502   4.4
73.42   0.40268   4.4
73.44   0.382054   4.4
73.46   0.362971   4.4
73.48   0.345281   4.4
73.5   0.328852   4.4
73.52   0.313567   4.4
73.54   0.299322   4.4
73.56   0.286026   4.4
73.58   0.273595   4.4
73.6   0.261957   4.4
73.62   0.251045   4.4
73.64   0.2408   4.4
73.66   0.231169   4.4
73.68   0.222105   4.4
73.7   0.213563   4.4
73.72   0.205504   4.4
73.74   0.197892   4.4
73.76   0.190695   4.4
73.78   0.183884   4.4
73.8   0.177431   4.4
73.82   0.171311   4.4
73.84   0.165503   4.4
73.86   0.159984   4.4
73.88   0.154737   4.4
73.9   0.149744   4.4
73.92   0.144989   4.4
73.94   0.140457   4.4
73.96   0.136133   4.4
73.98   0.132006   4.4
74   0.128064   4.4
74.02   0.124296   4.4
74.04   0.120692   4.4
74.06   0.117242   4.4
74.08   0.113938   4.4
74.1   0.110771   4.4
74.12   0.107735   4.4
74.14   0.104822   4.4
74.16   0   4.4
74.18   0   4.4
74.2   0   4.4
74.22   0   4.4
74.24   0   4.4
74.26   0   4.4
74.28   0   4.4
74.3   0   4.4
74.32   0   4.4
74.34   0   4.4
74.36   0   4.4
74.38   0   4.4
74.4   0   4.4
74.42   0   4.4
74.44   0   4.4
74.46   0   4.4
74.48   0   4.4
74.5   0   4.4
74.52   0   4.4
74.54   0   4.4
74.56   0   4.4
74.58   0   4.4
74.6   0   4.4
74.62   0   4.4
74.64   0   4.4
74.66   0   4.4
74.68   0   4.4
74.7   0   4.4
74.72   0   4.4
74.74   0   4.4
74.76   0   4.4
74.78   0   4.4
74.8   0   4.4
74.82   0   4.4
74.84   0   4.4
74.86   0   4.4
74.88   0   4.4
74.9   0   4.4
74.92   0   4.4
74.94   0   4.4
74.96   0   4.4
74.98   0   4.4
75   0   4.4
75.02   0   4.4
75.04   0   4.4
75.06   0   4.4
75.08   0   4.4
75.1   0   4.4
75.12   0   4.4
75.14   0   4.4
75.16   0   4.4
75.18   0   4.4
75.2   0   4.4
75.22   0   4.4
75.24   0   4.4
75.26   0   4.4
75.28   0   4.4
75.3   0   4.4
75.32   0   4.4
75.34   0   4.4
75.36   0   4.4
75.38   0   4.4
75.4   0   4.4
75.42   0   4.4
75.44   0   4.4
75.46   0   4.4
75.48   0   4.4
75.5   0   4.4
75.52   0   4.4
75.54   0   4.4
75.56   0   4.4
75.58   0   4.4
75.6   0   4.4
75.62   0   4.4
75.64   0   4.4
75.66   0   4.4
75.68   0   4.4
75.7   0   4.4
75.72   0   4.4
75.74   0   4.4
75.76   0   4.4
75.78   0   4.4
75.8   0   4.4
75.82   0   4.4
75.84   0   4.4
75.86   0   4.4
75.88   0   4.4
75.9   0   4.4
75.92   0   4.4
75.94   0   4.4
75.96   0   4.4
75.98   0   4.4
76   0   4.4
76.02   0   4.4
76.04   0   4.4
76.06   0   4.4
76.08   0   4.4
76.1   0   4.4
76.12   0   4.4
76.14   0   4.4
76.16   0   4.4
76.18   0   4.4
76.2   0.17655   4.4
76.22   0.181554   4.4
76.24   0.186772   4.4
76.26   0.192219   4.4
76.28   0.197908   4.4
76.3   0.203853   4.4
76.32   0.21007   4.4
76.34   0.216575   4.4
76.36   0.223387   4.4
76.38   0.230525   4.4
76.4   0.238011   4.4
76.42   0.245868   4.4
76.44   0.254119   4.4
76.46   0.262793   4.4
76.48   0.271919   4.4
76.5   0.281527   4.4
76.52   0.291654   4.4
76.54   0.302337   4.4
76.56   0.313618   4.4
76.58   0.325541   4.4
76.6   0.338157   4.4
76.62   0.35152   4.4
76.64   0.36569   4.4
76.66   0.380734   4.4
76.68   0.396725   4.4
76.7   0.413744   4.4
76.72   0.431881   4.4
76.74   0.451235   4.4
76.76   0.47192   4.4
76.78   0.494058   4.4
76.8   0.517789   4.4
76.82   0.54327   4.4
76.84   0.570676   4.4
76.86   0.600207   4.4
76.88   0.632088   4.4
76.9   0.666573   4.4
76.92   0.703955   4.4
76.94   0.744566   4.4
76.96   0.788789   4.4
76.98   0.837065   4.4
77   0.889901   4.4
77.02   0.947892   4.4
77.04   1.01173   4.4
77.06   1.08222   4.4
77.08   1.16032   4.4
77.1   1.24717   4.4
77.12   1.34411   4.4
77.14   1.45277   4.4
77.16   1.57511   4.4
77.18   1.71351   4.4
77.2   1.8709   4.4
77.22   2.0509   4.4
77.24   2.25804   4.4
77.26   2.49802   4.4
77.28   2.77813   4.4
77.3   3.10775   4.4
77.32   3.49918   4.4
77.34   3.96872   4.4
77.36   4.53839   4.4
77.38   5.23839   4.4
77.4   6.11106   4.4
77.42   7.21711   4.4
77.44   8.64601   4.4
77.46   10.5351   4.4
77.48   13.1101   4.4
77.5   16.7806   4.4
77.52   22.3553   4.72813
77.54   31.4177   5.60515
77.56   46.703   6.83396
77.58   71.9264   8.48094
77.6   109.853   10.4811
77.62   154.612   12.4343
77.64   177.441   13.3207
77.66   153.363   12.384
77.68   108.522   10.4174
77.7   70.9752   8.42468
77.72   46.1102   6.79045
77.74   31.0666   5.57374
77.76   22.1445   4.70579
77.78   16.6462   4.4
77.8   13.0182   4.4
77.82   10.4689   4.4
77.84   8.59652   4.4
77.86   7.17918   4.4
77.88   6.08139   4.4
77.9   5.21476   4.4
77.92   4.51928   4.4
77.94   3.95306   4.4
77.96   3.48619   4.4
77.98   3.09686   4.4
78   2.76891   4.4
78.02   2.49016   4.4
78.04   2.25128   4.4
78.06   2.04504   4.4
78.08   1.86579   4.4
78.1   1.70902   4.4
78.12   1.57115   4.4
78.14   1.44927   4.4
78.16   1.34099   4.4
78.18   1.24438   4.4
78.2   1.15782   4.4
78.22   1.07996   4.4
78.24   1.00969   4.4
78.26   0.946042   4.4
78.28   0.888218   4.4
78.3   0.835529   4.4
78.32   0.787384   4.4
78.34   0.743277   4.4
78.36   0.70277   4.4
78.38   0.665481   4.4
78.4   0.631079   4.4
78.42   0.599274   4.4
78.44   0.569811   4.4
78.46   0.542466   4.4
78.48   0.517041   4.4
78.5   0.49336   4.4
78.52   0.471268   4.4
78.54   0.450627   4.4
78.56   0.43131   4.4
78.58   0.413209   4.4
78.6   0.396223   4.4
78.62   0.380262   4.4
78.64   0.365246   4.4
78.66   0.351101   4.4
78.68   0.337761   4.4
78.7   0.325168   4.4
78.72   0.313265   4.4
78.74   0.302003   4.4
78.76   0.291338   4.4
78.78   0.281227   4.4
78.8   0.271634   4.4
78.82   0.262522   4.4
78.84   0.253862   4.4
78.86   0.245623   4.4
78.88   0.237778   4.4
78.9   0.230303   4.4
78.92   0.223175   4.4
78.94   0.216372   4.4
78.96   0.209876   4.4
78.98   0.203668   4.4
79   0.197731   4.4
79.02   0.19205   4.4
79.04   0.18661   4.4
79.06   0.181398   4.4
79.08   0.176401   4.4
79.1   0   4.4
79.12   0   4.4
79.14   0   4.4
79.16   0   4.4
79.18   0   4.4
79.2   0   4.4
79.22   0   4.4
79.24   0   4.4
79.26   0   4.4
79.28   0   4.4
79.3   0   4.4
79.32   0   4.4
79.34   0   4.4
79.36   0   4.4
79.38   0   4.4
79.4   0   4.4
79.42   0   4.4
79.44   0   4.4
79.46   0   4.4
79.48   0   4.4
79.5   0   4.4
79.52   0   4.4
79.54   0   4.4
79.56   0   4.4
79.58   0   4.4
79.6   0   4.4
79.62   0   4.4
79.64   0   4.4
79.66   0   4.4
79.68   0   4.4
79.7   0   4.4
79.72   0   4.4
79.74   0   4.4
79.76   0   4.4
79.78   0   4.4
79.8   0   4.4
79.82   0   4.4
79.84   0   4.4
79.86   0   4.4
79.88   0   4.4
79.9   0   4.4
79.92   0   4.4
79.94   0   4.4
79.96   0   4.4
79.98   0   4.4
80   0   4.4
