1.54056
20   0   4.4
20.02   0   4.4
20.04   0   4.4
20.06   0   4.4
20.08   0   4.4
20.1   0   4.4
20.12   0   4.4
20.14   0   4.4
20.16   0   4.4
20.18   0   4.4
20.2   0   4.4
20.22   0   4.4
20.24   0   4.4
20.26   0   4.4
20.28   0   4.4
20.3   0   4.4
20.32   0   4.4
20.34   0   4.4
20.36   0   4.4
20.38   0   4.4
20.4   0   4.4
20.42   0   4.4
20.44   0   4.4
20.46   0   4.4
20.48   0   4.4
20.5   0   4.4
20.52   0   4.4
20.54   0   4.4
20.56   0   4.4
20.58   0   4.4
20.6   0   4.4
20.62   0   4.4
20.64   0   4.4
20.66   0   4.4
20.68   0   4.4
20.7   0   4.4
20.72   0   4.4
20.74   0   4.4
20.76   0   4.4
20.78   0   4.4
20.8   0   4.4
20.82   0   4.4
20.84   0   4.4
20.86   0   4.4
20.88   0   4.4
20.9   0   4.4
20.92   0   4.4
20.94   0   4.4
20.96   0   4.4
20.98   0   4.4
21   0   4.4
21.02   0   4.4
21.04   0   4.4
21.06   0   4.4
21.08   0   4.4
21.1   0   4.4
21.12   0   4.4
21.14   0   4.4
21.16   0   4.4
21.18   0   4.4
21.2   0   4.4
21.22   0   4.4
21.24   0   4.4
21.26   0   4.4
21.28   0   4.4
21.3   0   4.4
21.32   0   4.4
21.34   0   4.4
21.36   0   4.4
21.38   0   4.4
21.4   0   4.4
21.42   0   4.4
21.44   0   4.4
21.46   0   4.4
21.48   0   4.4
21.5   0   4.4
21.52   0   4.4
21.54   0   4.4
21.56   0   4.4
21.58   0   4.4
21.6   0   4.4
21.62   0   4.4
21.64   0   4.4
21.66   0   4.4
21.68   0   4.4
21.7   0   4.4
21.72   0   4.4
21.74   0   4.4
21.76   0   4.4
21.78   0   4.4
21.8   0   4.4
21.82   0   4.4
21.84   0   4.4
21.86   0   4.4
21.88   0   4.4
21.9   0   4.4
21.92   0   4.4
21.94   0   4.4
21.96   0   4.4
21.98   0   4.4
22   0   4.4
22.02   0   4.4
22.04   0   4.4
22.06   0   4.4
22.08   0   4.4
22.1   0   4.4
22.12   0   4.4
22.14   0   4.4
22.16   0   4.4
22.18   0   4.4
22.2   0   4.4
22.22   0   4.4
22.24   0   4.4
22.26   0   4.4
22.28   0   4.4
22.3   0   4.4
22.32   0   4.4
22.34   0   4.4
22.36   0   4.4
22.38   0   4.4
22.4   0   4.4
22.42   0   4.4
22.44   0   4.4
22.46   0   4.4
22.48   0   4.4
22.5   0   4.4
22.52   0   4.4
22.54   0   4.4
22.56   0   4.4
22.58   0   4.4
22.6   0   4.4
22.62   0   4.4
22.64   0   4.4
22.66   0   4.4
22.68   0   4.4
22.7   0   4.4
22.72   0   4.4
22.74   0   4.4
22.76   0   4.4
22.78   0   4.4
22.8   0   4.4
22.82   0   4.4
22.84   0   4.4
22.86   0   4.4
22.88   0   4.4
22.9   0   4.4
22.92   0   4.4
22.94   0   4.4
22.96   0   4.4
22.98   0   4.4
23   0   4.4
23.02   0   4.4
23.04   0   4.4
23.06   0   4.4
23.08   0   4.4
23.1   0   4.4
23.12   0   4.4
23.14   0   4.4
23.16   0   4.4
23.18   0   4.4
23.2   0   4.4
23.22   0   4.4
23.24   0   4.4
23.26   0   4.4
23.28   0   4.4
23.3   0   4.4
23.32   0   4.4
23.34   0   4.4
23.36   0   4.4
23.38   0   4.4
23.4   0   4.4
23.42   0   4.4
23.44   0   4.4
23.46   0   4.4
23.48   0   4.4
23.5   0   4.4
23.52   0   4.4
23.54   0   4.4
23.56   0   4.4
23.58   0   4.4
23.6   0   4.4
23.62   0   4.4
23.64   0   4.4
23.66   0   4.4
23.68   0   4.4
23.7   0   4.4
23.72   0   4.4
23.74   0   4.4
23.76   0   4.4
23.78   0   4.4
23.8   0   4.4
23.82   0   4.4
23.84   0   4.4
23.86   0   4.4
23.88   0   4.4
23.9   9.79027   4.4
23.92   10.0646   4.4
23.94   10.3505   4.4
23.96   10.6489   4.4
23.98   10.9603   4.4
24   11.2856   4.4
24.02   11.6255   4.4
24.04   11.9811   4.4
24.06   12.3532   4.4
24.08   12.7429   4.4
24.1   13.1513   4.4
24.12   13.5797   4.4
24.14   14.0293   4.4
24.16   14.5017   4.4
24.18   14.9983   4.4
24.2   15.5208   4.4
24.22   16.0711   4.4
24.24   16.6511   4.4
24.26   17.2631   4.4
24.28   17.9095   4.4
24.3   18.5928   4.4
24.32   19.316   4.4
24.34   20.0822   4.48131
24.36   20.8948   4.57108
24.38   21.7577   4.66451
24.4   22.6751   4.76184
24.42   23.6518   4.86331
24.44   24.6929   4.96919
24.46   25.8042   5.07978
24.48   26.9921   5.1954
24.5   28.264   5.31639
24.52   29.6277   5.44314
24.54   31.0925   5.57607
24.56   32.6685   5.71564
24.58   34.3673   5.86236
24.6   36.2018   6.0168
24.62   38.1871   6.17957
24.64   40.34   6.35138
24.66   42.6798   6.53298
24.68   45.229   6.72525
24.7   48.013   6.92914
24.72   51.0617   7.14575
24.74   54.4096   7.37628
24.76   58.097   7.62214
24.78   62.1714   7.88488
24.8   66.6887   8.16631
24.82   71.7152   8.46849
24.84   77.3304   8.79377
24.86   83.6294   9.14491
24.88   90.7275   9.5251
24.9   98.7652   9.93807
24.92   107.915   10.3882
24.94   118.392   10.8808
24.96   130.462   11.422
24.98   144.466   12.0194
25   160.834   12.682
25.02   180.128   13.4212
25.04   203.081   14.2507
25.06   230.672   15.1879
25.08   264.221   16.2549
25.1   305.554   17.4801
25.12   357.234   18.9006
25.14   422.956   20.5659
25.16   508.2   22.5433
25.18   621.468   24.9293
25.2   776.96   27.874
25.22   1000.96   31.638
25.24   1345.75   36.6845
25.26   1912.17   43.7283
25.28   2868.24   53.556
25.3   4427.98   66.5431
25.32   6706.04   81.8904
25.34   9178.34   95.8037
25.36   10000   100
25.38   8238.74   90.7675
25.4   5699.33   75.4939
25.42   3706.74   60.883
25.44   2418.27   49.1759
25.46   1645.47   40.5644
25.48   1185.64   34.4332
25.5   898.908   29.9818
25.52   707.224   26.5937
25.54   571.21   23.9
25.56   470.661   21.6947
25.58   394.186   19.8541
25.6   334.726   18.2955
25.62   287.632   16.9597
25.64   249.731   15.8029
25.66   218.797   14.7918
25.68   193.233   13.9008
25.7   171.873   13.11
25.72   153.848   12.4035
25.74   138.502   11.7687
25.76   125.333   11.1952
25.78   113.948   10.6746
25.8   104.041   10.2
25.82   95.3671   9.76561
25.84   87.731   9.36648
25.86   80.9739   8.99855
25.88   74.9661   8.6583
25.9   69.6013   8.34274
25.92   64.791   8.04928
25.94   60.4615   7.7757
25.96   56.551   7.52004
25.98   53.0072   7.2806
26   49.7857   7.0559
26.02   46.8487   6.84461
26.04   44.1637   6.64558
26.06   41.7027   6.45776
26.08   39.4415   6.28025
26.1   37.3591   6.11221
26.12   35.4372   5.95291
26.14   33.6596   5.80169
26.16   32.0123   5.65794
26.18   30.483   5.52114
26.2   29.0605   5.39078
26.22   27.7352   5.26643
26.24   26.4985   5.14767
26.26   25.3426   5.03414
26.28   24.2606   4.92551
26.3   23.2465   4.82146
26.32   22.2945   4.72171
26.34   21.3998   4.62599
26.36   20.5579   4.53408
26.38   19.7646   4.44574
26.4   19.0164   4.4
26.42   18.3098   4.4
26.44   17.6419   4.4
26.46   17.0098   4.4
26.48   16.4111   4.4
26.5   15.8434   4.4
26.52   15.3047   4.4
26.54   14.7929   4.4
26.56   14.3064   4.4
26.58   13.8435   4.4
26.6   13.4027   4.4
26.62   12.9826   4.4
26.64   12.5819   4.4
26.66   12.1995   4.4
26.68   11.8343   4.4
26.7   11.4852   4.4
26.72   11.1513   4.4
26.74   10.8318   4.4
26.76   10.5258   4.4
26.78   10.2326   4.4
26.8   9.95145   4.4
26.82   0   4.4
26.84   0   4.4
26.86   0   4.4
26.88   0   4.4
26.9   0   4.4
26.92   0   4.4
26.94   0   4.4
26.96   0   4.4
26.98   0   4.4
27   0   4.4
27.02   0   4.4
27.04   0   4.4
27.06   0   4.4
27.08   0   4.4
27.1   0   4.4
27.12   0   4.4
27.14   0   4.4
27.16   0   4.4
27.18   0   4.4
27.2   0   4.4
27.22   0   4.4
27.24   0   4.4
27.26   0   4.4
27.28   0   4.4
27.3   0   4.4
27.32   0   4.4
27.34   0   4.4
27.36   0   4.4
27.38   0   4.4
27.4   0   4.4
27.42   0   4.4
27.44   0   4.4
27.46   0   4.4
27.48   0   4.4
27.5   0   4.4
27.52   0   4.4
27.54   0   4.4
27.56   0   4.4
27.58   0   4.4
27.6   0   4.4
27.62   0   4.4
27.64   0   4.4
27.66   0   4.4
27.68   0   4.4
27.7   0   4.4
27.72   0   4.4
27.74   0   4.4
27.76   0   4.4
27.78   0   4.4
27.8   0   4.4
27.82   0   4.4
27.84   0   4.4
27.86   0   4.4
27.88   0   4.4
27.9   0   4.4
27.92   0.669279   4.4
27.94   0.688236   4.4
27.96   0.70801   4.4
27.98   0.728649   4.4
28   0.750202   4.4
28.02   0.772726   4.4
28.04   0.796279   4.4
28.06   0.820926   4.4
28.08   0.846733   4.4
28.1   0.873777   4.4
28.12   0.902137   4.4
28.14   0.931899   4.4
28.16   0.963157   4.4
28.18   0.996014   4.4
28.2   1.03058   4.4
28.22   1.06698   4.4
28.24   1.10534   4.4
28.26   1.1458   4.4
28.28   1.18852   4.4
28.3   1.23368   4.4
28.32   1.28146   4.4
28.34   1.33207   4.4
28.36   1.38573   4.4
28.38   1.4427   4.4
28.4   1.50325   4.4
28.42   1.56769   4.4
28.44   1.63636   4.4
28.46   1.70964   4.4
28.48   1.78795   4.4
28.5   1.87176   4.4
28.52   1.9616   4.4
28.54   2.05805   4.4
28.56   2.16179   4.4
28.58   2.27356   4.4
28.6   2.39422   4.4
28.62   2.52473   4.4
28.64   2.66619   4.4
28.66   2.81985   4.4
28.68   2.98718   4.4
28.7   3.16981   4.4
28.72   3.36969   4.4
28.74   3.58904   4.4
28.76   3.83048   4.4
28.78   4.09706   4.4
28.8   4.39239   4.4
28.82   4.72075   4.4
28.84   5.08723   4.4
28.86   5.49795   4.4
28.88   5.9603   4.4
28.9   6.48327   4.4
28.92   7.07789   4.4
28.94   7.75782   4.4
28.96   8.54007   4.4
28.98   9.44615   4.4
29   10.5034   4.4
29.02   11.7473   4.4
29.04   13.2239   4.4
29.06   14.9946   4.4
29.08   17.142   4.4
29.1   19.7795   4.44742
29.12   23.066   4.80271
29.14   27.229   5.21814
29.16   32.6035   5.70994
29.18   39.7029   6.30102
29.2   49.3684   7.02626
29.22   63.1217   7.94492
29.24   83.9617   9.16306
29.26   117.774   10.8524
29.28   174.784   13.2206
29.3   269.025   16.402
29.32   411.379   20.2825
29.34   581.538   24.1151
29.36   673.26   25.9472
29.38   587.012   24.2283
29.4   417.211   20.4257
29.42   273.193   16.5286
29.44   177.382   13.3185
29.46   119.313   10.923
29.48   84.8854   9.21333
29.5   63.7107   7.9819
29.52   49.7711   7.05486
29.54   39.9931   6.32401
29.56   32.8203   5.7289
29.58   27.3952   5.23404
29.6   23.1961   4.81623
29.62   19.8831   4.45905
29.64   17.2257   4.4
29.66   15.0632   4.4
29.68   13.2808   4.4
29.7   11.795   4.4
29.72   10.5438   4.4
29.74   9.48062   4.4
29.76   8.56972   4.4
29.78   7.7835   4.4
29.8   7.10029   4.4
29.82   6.50291   4.4
29.84   5.97762   4.4
29.86   5.5133   4.4
29.88   5.1009   4.4
29.9   4.73297   4.4
29.92   4.40336   4.4
29.94   4.10695   4.4
29.96   3.83942   4.4
29.98   3.59715   4.4
30   3.37707   4.4
30.02   3.17654   4.4
30.04   2.99333   4.4
30.06   2.8255   4.4
30.08   2.67138   4.4
30.1   2.52951   4.4
30.12   2.39864   4.4
30.14   2.27765   4.4
30.16   2.16558   4.4
30.18   2.06158   4.4
30.2   1.96488   4.4
30.22   1.87482   4.4
30.24   1.79081   4.4
30.26   1.71231   4.4
30.28   1.63886   4.4
30.3   1.57003   4.4
30.32   1.50545   4.4
30.34   1.44477   4.4
30.36   1.38768   4.4
30.38   1.3339   4.4
30.4   1.28319   4.4
30.42   1.23532   4.4
30.44   1.19007   4.4
30.46   1.14726   4.4
30.48   1.10672   4.4
30.5   1.06829   4.4
30.52   1.03183   4.4
30.54   0.997201   4.4
30.56   0.964286   4.4
30.58   0.932973   4.4
30.6   0.90316   4.4
30.62   0.874752   4.4
30.64   0.847664   4.4
30.66   0.821814   4.4
30.68   0.797128   4.4
30.7   0.773537   4.4
30.72   0.750978   4.4
30.74   0.729391   4.4
30.76   0.708722   4.4
30.78   0.688918   4.4
30.8   0.669933   4.4
30.82   0   4.4
30.84   0   4.4
30.86   0   4.4
30.88   0   4.4
30.9   0   4.4
30.92   0   4.4
30.94   0   4.4
30.96   0   4.4
30.98   0   4.4
31   0   4.4
31.02   0   4.4
31.04   0   4.4
31.06   0   4.4
31.08   0   4.4
31.1   0   4.4
31.12   0   4.4
31.14   0   4.4
31.16   0   4.4
31.18   0   4.4
31.2   0   4.4
31.22   0   4.4
31.24   0   4.4
31.26   0   4.4
31.28   0   4.4
31.3   0   4.4
31.32   0   4.4
31.34   0   4.4
31.36   0   4.4
31.38   0   4.4
31.4   0   4.4
31.42   0   4.4
31.44   0   4.4
31.46   0   4.4
31.48   0   4.4
31.5   0   4.4
31.52   0   4.4
31.54   0   4.4
31.56   0   4.4
31.58   0   4.4
31.6   0   4.4
31.62   0   4.4
31.64   0   4.4
31.66   0   4.4
31.68   0   4.4
31.7   0   4.4
31.72   0   4.4
31.74   0   4.4
31.76   0   4.4
31.78   0   4.4
31.8   0   4.4
31.82   0   4.4
31.84   0   4.4
31.86   0   4.4
31.88   0   4.4
31.9   0   4.4
31.92   0   4.4
31.94   0   4.4
31.96   0   4.4
31.98   0   4.4
32   0   4.4
32.02   0   4.4
32.04   0   4.4
32.06   0   4.4
32.08   0   4.4
32.1   0   4.4
32.12   0   4.4
32.14   0   4.4
32.16   0   4.4
32.18   0   4.4
32.2   0   4.4
32.22   0   4.4
32.24   0   4.4
32.26   0   4.4
32.28   0   4.4
32.3   0   4.4
32.32   0   4.4
32.34   0   4.4
32.36   0   4.4
32.38   0   4.4
32.4   0   4.4
32.42   0   4.4
32.44   0   4.4
32.46   0   4.4
32.48   0   4.4
32.5   0   4.4
32.52   0   4.4
32.54   0   4.4
32.56   0   4.4
32.58   0   4.4
32.6   0   4.4
32.62   0   4.4
32.64   0   4.4
32.66   0   4.4
32.68   0   4.4
32.7   0   4.4
32.72   0   4.4
32.74   0   4.4
32.76   0   4.4
32.78   0   4.4
32.8   0   4.4
32.82   0   4.4
32.84   0   4.4
32.86   0   4.4
32.88   0   4.4
32.9   0   4.4
32.92   0   4.4
32.94   0   4.4
32.96   0   4.4
32.98   0   4.4
33   0   4.4
33.02   0   4.4
33.04   0   4.4
33.06   0   4.4
33.08   0   4.4
33.1   0   4.4
33.12   0   4.4
33.14   0   4.4
33.16   0   4.4
33.18   0   4.4
33.2   0   4.4
33.22   0   4.4
33.24   0   4.4
33.26   0   4.4
33.28   0   4.4
33.3   0   4.4
33.32   0   4.4
33.34   0   4.4
33.36   0   4.4
33.38   0   4.4
33.4   0   4.4
33.42   0   4.4
33.44   0   4.4
33.46   0   4.4
33.48   0   4.4
33.5   0   4.4
33.52   0   4.4
33.54   0   4.4
33.56   0   4.4
33.58   0   4.4
33.6   0   4.4
33.62   0   4.4
33.64   0   4.4
33.66   0   4.4
33.68   0   4.4
33.7   0   4.4
33.72   0   4.4
33.74   0   4.4
33.76   0   4.4
33.78   0   4.4
33.8   0   4.4
33.82   0   4.4
33.84   0   4.4
33.86   0   4.4
33.88   0   4.4
33.9   0   4.4
33.92   0   4.4
33.94   0   4.4
33.96   0   4.4
33.98   0   4.4
34   0   4.4
34.02   0   4.4
34.04   0   4.4
34.06   0   4.4
34.08   0   4.4
34.1   0   4.4
34.12   0   4.4
34.14   0   4.4
34.16   0   4.4
34.18   0   4.4
34.2   0   4.4
34.22   0   4.4
34.24   0   4.4
34.26   0   4.4
34.28   0   4.4
34.3   0   4.4
34.32   0   4.4
34.34   0   4.4
34.36   0   4.4
34.38   0   4.4
34.4   0   4.4
34.42   0   4.4
34.44   0   4.4
34.46   0   4.4
34.48   0   4.4
34.5   0   4.4
34.52   0   4.4
34.54   0   4.4
34.56   0   4.4
34.58   0   4.4
34.6   0   4.4
34.62   0   4.4
34.64   0   4.4
34.66   0   4.4
34.68   0   4.4
34.7   0   4.4
34.72   0   4.4
34.74   0   4.4
34.76   0   4.4
34.78   0   4.4
34.8   0   4.4
34.82   0   4.4
34.84   0   4.4
34.86   0   4.4
34.88   0   4.4
34.9   0   4.4
34.92   0   4.4
34.94   0   4.4
34.96   0   4.4
34.98   0   4.4
35   0   4.4
35.02   0   4.4
35.04   0   4.4
35.06   0   4.4
35.08   0   4.4
35.1   0   4.4
35.12   0   4.4
35.14   0   4.4
35.16   0   4.4
35.18   0   4.4
35.2   0   4.4
35.22   0   4.4
35.24   0   4.4
35.26   0   4.4
35.28   0   4.4
35.3   0   4.4
35.32   0   4.4
35.34   0   4.4
35.36   0   4.4
35.38   0   4.4
35.4   0   4.4
35.42   0   4.4
35.44   0   4.4
35.46   0   4.4
35.48   0   4.4
35.5   0   4.4
35.52   0   4.4
35.54   0   4.4
35.56   0   4.4
35.58   0   4.4
35.6   0   4.4
35.62   0   4.4
35.64   0   4.4
35.66   0   4.4
35.68   0   4.4
35.7   0   4.4
35.72   0   4.4
35.74   0   4.4
35.76   0   4.4
35.78   0   4.4
35.8   0   4.4
35.82   0   4.4
35.84   0   4.4
35.86   0   4.4
35.88   0   4.4
35.9   0   4.4
35.92   0   4.4
35.94   0   4.4
35.96   0   4.4
35.98   0   4.4
36   0   4.4
36.02   0   4.4
36.04   0   4.4
36.06   0   4.4
36.08   0   4.4
36.1   0   4.4
36.12   0   4.4
36.14   0   4.4
36.16   0   4.4
36.18   0   4.4
36.2   0   4.4
36.22   0   4.4
36.24   0   4.4
36.26   0   4.4
36.28   0   4.4
36.3   0   4.4
36.32   0   4.4
36.34   0   4.4
36.36   0   4.4
36.38   0   4.4
36.4   0   4.4
36.42   0   4.4
36.44   0   4.4
36.46   0   4.4
36.48   0   4.4
36.5   0   4.4
36.52   0   4.4
36.54   0   4.4
36.56   0   4.4
36.58   0   4.4
36.6   0   4.4
36.62   0   4.4
36.64   0   4.4
36.66   0   4.4
36.68   0   4.4
36.7   0   4.4
36.72   0   4.4
36.74   0   4.4
36.76   0   4.4
36.78   0   4.4
36.8   0   4.4
36.82   0   4.4
36.84   0   4.4
36.86   0   4.4
36.88   0   4.4
36.9   0   4.4
36.92   0   4.4
36.94   0   4.4
36.96   0   4.4
36.98   0   4.4
37   0   4.4
37.02   0   4.4
37.04   0   4.4
37.06   0   4.4
37.08   0   4.4
37.1   0   4.4
37.12   0   4.4
37.14   0   4.4
37.16   0   4.4
37.18   0   4.4
37.2   0   4.4
37.22   0   4.4
37.24   0   4.4
37.26   0   4.4
37.28   0   4.4
37.3   0   4.4
37.32   0   4.4
37.34   0   4.4
37.36   0   4.4
37.38   0   4.4
37.4   0   4.4
37.42   0   4.4
37.44   0   4.4
37.46   0   4.4
37.48   0   4.4
37.5   0   4.4
37.52   0   4.4
37.54   0   4.4
37.56   0   4.4
37.58   0   4.4
37.6   0   4.4
37.62   0   4.4
37.64   0   4.4
37.66   0   4.4
37.68   0   4.4
37.7   0   4.4
37.72   0   4.4
37.74   0   4.4
37.76   0   4.4
37.78   0   4.4
37.8   0   4.4
37.82   0   4.4
37.84   0   4.4
37.86   0   4.4
37.88   0   4.4
37.9   0   4.4
37.92   0   4.4
37.94   0   4.4
37.96   0   4.4
37.98   0   4.4
38   0   4.4
38.02   0   4.4
38.04   0   4.4
38.06   0   4.4
38.08   0   4.4
38.1   0   4.4
38.12   0   4.4
38.14   0   4.4
38.16   0   4.4
38.18   0   4.4
38.2   0   4.4
38.22   0   4.4
38.24   0   4.4
38.26   0   4.4
38.28   0   4.4
38.3   0   4.4
38.32   0   4.4
38.34   0   4.4
38.36   0   4.4
38.38   0   4.4
38.4   0   4.4
38.42   0   4.4
38.44   0   4.4
38.46   0   4.4
38.48   0   4.4
38.5   0   4.4
38.52   0   4.4
38.54   0   4.4
38.56   0   4.4
38.58   0   4.4
38.6   0   4.4
38.62   0   4.4
38.64   0   4.4
38.66   0   4.4
38.68   0   4.4
38.7   0   4.4
38.72   0   4.4
38.74   0   4.4
38.76   0   4.4
38.78   0   4.4
38.8   0   4.4
38.82   0   4.4
38.84   0   4.4
38.86   0   4.4
38.88   0   4.4
38.9   0   4.4
38.92   0   4.4
38.94   0   4.4
38.96   0   4.4
38.98   0   4.4
39   0   4.4
39.02   0   4.4
39.04   0   4.4
39.06   0   4.4
39.08   0   4.4
39.1   0   4.4
39.12   0   4.4
39.14   0   4.4
39.16   0   4.4
39.18   0   4.4
39.2   0   4.4
39.22   0   4.4
39.24   0   4.4
39.26   0   4.4
39.28   0   4.4
39.3   0   4.4
39.32   0   4.4
39.34   0   4.4
39.36   0   4.4
39.38   0   4.4
39.4   0   4.4
39.42   0   4.4
39.44   0   4.4
39.46   0   4.4
39.48   0   4.4
39.5   0   4.4
39.52   0   4.4
39.54   0   4.4
39.56   0   4.4
39.58   0   4.4
39.6   0   4.4
39.62   0   4.4
39.64   0   4.4
39.66   0   4.4
39.68   0   4.4
39.7   0   4.4
39.72   0   4.4
39.74   0   4.4
39.76   0   4.4
39.78   0   4.4
39.8   0   4.4
39.82   0   4.4
39.84   0   4.4
39.86   0   4.4
39.88   0   4.4
39.9   0   4.4
39.92   0   4.4
39.94   0   4.4
39.96   0   4.4
39.98   0   4.4
40   0   4.4
40.02   0   4.4
40.04   0   4.4
40.06   0   4.4
40.08   0   4.4
40.1   0   4.4
40.12   0   4.4
40.14   0   4.4
40.16   0   4.4
40.18   0   4.4
40.2   0   4.4
40.22   0   4.4
40.24   0   4.4
40.26   0   4.4
40.28   0   4.4
40.3   0   4.4
40.32   0   4.4
40.34   0   4.4
40.36   0   4.4
40.38   0   4.4
40.4   0   4.4
40.42   0   4.4
40.44   0   4.4
40.46   0   4.4
40.48   0   4.4
40.5   0   4.4
40.52   0   4.4
40.54   0   4.4
40.56   7.16342   4.4
40.58   7.36591   4.4
40.6   7.5771   4.4
40.62   7.7975   4.4
40.64   8.02766   4.4
40.66   8.26815   4.4
40.68   8.51961   4.4
40.7   8.78272   4.4
40.72   9.05819   4.4
40.74   9.34683   4.4
40.76   9.64947   4.4
40.78   9.96705   4.4
40.8   10.3006   4.4
40.82   10.6511   4.4
40.84   11.0198   4.4
40.86   11.408   4.4
40.88   11.817   4.4
40.9   12.2485   4.4
40.92   12.7039   4.4
40.94   13.1853   4.4
40.96   13.6945   4.4
40.98   14.2338   4.4
41   14.8055   4.4
41.02   15.4123   4.4
41.04   16.0573   4.4
41.06   16.7435   4.4
41.08   17.4746   4.4
41.1   18.2546   4.4
41.12   19.0879   4.4
41.14   19.9796   4.46986
41.16   20.9352   4.5755
41.18   21.961   4.68626
41.2   23.0639   4.80249
41.22   24.2519   4.92462
41.24   25.534   5.05312
41.26   26.9204   5.18848
41.28   28.4226   5.33128
41.3   30.0539   5.48215
41.32   31.8296   5.64177
41.34   33.767   5.81094
41.36   35.8866   5.99054
41.38   38.2117   6.18156
41.4   40.7697   6.38512
41.42   43.5929   6.60249
41.44   46.7189   6.83512
41.46   50.1926   7.08467
41.48   54.0673   7.35305
41.5   58.4071   7.64246
41.52   63.2892   7.95545
41.54   68.8074   8.29502
41.56   75.0768   8.66469
41.58   82.2393   9.06859
41.6   90.4722   9.51169
41.62   99.9985   9.99993
41.64   111.102   10.5405
41.66   124.149   11.1422
41.68   139.615   11.8159
41.7   158.134   12.5751
41.72   180.553   13.437
41.74   208.036   14.4234
41.76   242.205   15.5629
41.78   285.376   16.8931
41.8   340.946   18.4647
41.82   414.08   20.349
41.84   513.144   22.6527
41.86   653.035   25.5546
41.88   862.869   29.3746
41.9   1200.25   34.6446
41.92   1767.74   42.0445
41.94   2712.35   52.0803
41.96   4166.27   64.5466
41.98   5995.82   77.4327
42   7206.36   84.8903
42.02   6540.05   80.8706
42.04   4748.21   68.9073
42.06   3128.91   55.9367
42.08   2027.53   45.0281
42.1   1354.19   36.7993
42.12   955.286   30.9077
42.14   711.952   26.6824
42.16   553.409   23.5246
42.18   443.102   21.05
42.2   362.624   19.0427
42.22   301.991   17.3779
42.24   255.204   15.9751
42.26   218.386   14.7779
42.28   188.922   13.7449
42.3   164.992   12.8449
42.32   145.304   12.0542
42.34   128.917   11.3542
42.36   115.137   10.7302
42.38   103.443   10.1707
42.4   93.4351   9.66618
42.42   84.806   9.20902
42.44   77.3147   8.79288
42.46   70.7702   8.4125
42.48   65.02   8.0635
42.5   59.941   7.74216
42.52   55.4329   7.44533
42.54   51.4136   7.17033
42.56   47.815   6.91484
42.58   44.5805   6.67686
42.6   41.6628   6.45467
42.62   39.0217   6.24674
42.64   36.6236   6.05175
42.66   34.4396   5.86853
42.68   32.4449   5.69604
42.7   30.6183   5.53338
42.72   28.9416   5.37974
42.74   27.3986   5.23437
42.76   25.9757   5.09664
42.78   24.6607   4.96595
42.8   23.4429   4.84179
42.82   22.3131   4.72367
42.84   21.2629   4.61117
42.86   20.2851   4.50389
42.88   19.3731   4.40149
42.9   18.5212   4.4
42.92   17.7242   4.4
42.94   16.9776   4.4
42.96   16.2771   4.4
42.98   15.6191   4.4
43   15.0001   4.4
43.02   14.4172   4.4
43.04   13.8676   4.4
43.06   13.3488   4.4
43.08   12.8585   4.4
43.1   12.3948   4.4
43.12   11.9557   4.4
43.14   11.5395   4.4
43.16   11.1446   4.4
43.18   10.7697   4.4
43.2   10.4133   4.4
43.22   10.0744   4.4
43.24   9.75172   4.4
43.26   9.44429   4.4
43.28   9.15116   4.4
43.3   8.87147   4.4
43.32   8.6044   4.4
43.34   8.34921   4.4
43.36   8.1052   4.4
43.38   7.87173   4.4
43.4   7.64819   4.4
43.42   7.43404   4.4
43.44   7.22876   4.4
43.46   7.03186   4.4
43.48   0   4.4
43.5   0   4.4
43.52   0   4.4
43.54   0   4.4
43.56   0   4.4
43.58   0   4.4
43.6   0   4.4
43.62   0   4.4
43.64   0   4.4
43.66   0   4.4
43.68   0   4.4
43.7   0   4.4
43.72   0   4.4
43.74   0   4.4
43.76   0   4.4
43.78   0   4.4
43.8   0   4.4
43.82   0   4.4
43.84   0   4.4
43.86   0   4.4
43.88   0   4.4
43.9   0   4.4
43.92   0   4.4
43.94   0   4.4
43.96   0   4.4
43.98   0   4.4
44   0   4.4
44.02   0   4.4
44.04   0   4.4
44.06   0   4.4
44.08   0   4.4
44.1   0   4.4
44.12   0   4.4
44.14   0   4.4
44.16   0   4.4
44.18   0   4.4
44.2   0   4.4
44.22   0   4.4
44.24   0   4.4
44.26   0   4.4
44.28   0   4.4
44.3   0   4.4
44.32   0   4.4
44.34   0   4.4
44.36   0   4.4
44.38   0   4.4
44.4   0   4.4
44.42   0   4.4
44.44   0   4.4
44.46   0   4.4
44.48   0   4.4
44.5   0   4.4
44.52   0   4.4
44.54   0   4.4
44.56   0   4.4
44.58   0   4.4
44.6   0   4.4
44.62   0   4.4
44.64   0   4.4
44.66   0   4.4
44.68   0   4.4
44.7   0   4.4
44.72   0   4.4
44.74   0   4.4
44.76   0   4.4
44.78   0   4.4
44.8   0   4.4
44.82   0   4.4
44.84   0   4.4
44.86   0   4.4
44.88   0   4.4
44.9   0   4.4
44.92   0   4.4
44.94   0   4.4
44.96   0   4.4
44.98   0   4.4
45   0   4.4
45.02   0   4.4
45.04   0   4.4
45.06   0   4.4
45.08   0   4.4
45.1   0   4.4
45.12   0   4.4
45.14   0   4.4
45.16   0   4.4
45.18   0   4.4
45.2   0   4.4
45.22   0   4.4
45.24   0   4.4
45.26   0   4.4
45.28   0   4.4
45.3   0   4.4
45.32   0   4.4
45.34   0   4.4
45.36   0   4.4
45.38   0   4.4
45.4   0   4.4
45.42   0   4.4
45.44   0   4.4
45.46   0   4.4
45.48   0   4.4
45.5   0   4.4
45.52   0   4.4
45.54   0   4.4
45.56   0   4.4
45.58   0   4.4
45.6   0   4.4
45.62   0   4.4
45.64   0   4.4
45.66   0   4.4
45.68   0   4.4
45.7   0   4.4
45.72   0   4.4
45.74   0   4.4
45.76   0   4.4
45.78   0   4.4
45.8   0   4.4
45.82   0   4.4
45.84   0   4.4
45.86   0   4.4
45.88   0   4.4
45.9   0   4.4
45.92   0   4.4
45.94   0   4.4
45.96   0   4.4
45.98   0   4.4
46   0   4.4
46.02   0   4.4
46.04   0   4.4
46.06   0   4.4
46.08   0   4.4
46.1   0   4.4
46.12   0   4.4
46.14   0   4.4
46.16   0   4.4
46.18   0   4.4
46.2   0   4.4
46.22   0   4.4
46.24   0   4.4
46.26   0   4.4
46.28   0   4.4
46.3   0   4.4
46.32   0   4.4
46.34   0   4.4
46.36   0   4.4
46.38   0   4.4
46.4   0   4.4
46.42   0   4.4
46.44   0   4.4
46.46   0   4.4
46.48   0   4.4
46.5   0   4.4
46.52   0   4.4
46.54   0   4.4
46.56   0   4.4
46.58   0   4.4
46.6   0   4.4
46.62   0   4.4
46.64   0   4.4
46.66   0   4.4
46.68   0   4.4
46.7   0   4.4
46.72   0   4.4
46.74   0   4.4
46.76   0   4.4
46.78   0   4.4
46.8   0   4.4
46.82   0   4.4
46.84   0   4.4
46.86   0   4.4
46.88   0   4.4
46.9   0   4.4
46.92   0   4.4
46.94   0   4.4
46.96   0   4.4
46.98   0   4.4
47   0   4.4
47.02   0   4.4
47.04   0   4.4
47.06   0   4.4
47.08   0   4.4
47.1   0   4.4
47.12   0   4.4
47.14   0   4.4
47.16   0   4.4
47.18   0   4.4
47.2   0   4.4
47.22   0   4.4
47.24   0   4.4
47.26   0   4.4
47.28   0   4.4
47.3   0   4.4
47.32   0   4.4
47.34   0   4.4
47.36   0   4.4
47.38   0   4.4
47.4   0   4.4
47.42   0   4.4
47.44   0   4.4
47.46   0   4.4
47.48   0   4.4
47.5   0   4.4
47.52   0   4.4
47.54   0   4.4
47.56   0   4.4
47.58   0   4.4
47.6   0   4.4
47.62   0   4.4
47.64   0   4.4
47.66   0   4.4
47.68   0   4.4
47.7   0   4.4
47.72   0   4.4
47.74   0   4.4
47.76   0   4.4
47.78   0   4.4
47.8   0   4.4
47.82   0   4.4
47.84   0   4.4
47.86   0   4.4
47.88   0   4.4
47.9   0   4.4
47.92   0   4.4
47.94   0   4.4
47.96   0   4.4
47.98   0   4.4
48   0   4.4
48.02   0   4.4
48.04   0   4.4
48.06   0   4.4
48.08   0   4.4
48.1   0   4.4
48.12   0   4.4
48.14   0   4.4
48.16   0   4.4
48.18   0   4.4
48.2   0   4.4
48.22   0   4.4
48.24   0   4.4
48.26   4.67053   4.4
48.28   4.80273   4.4
48.3   4.94062   4.4
48.32   5.08453   4.4
48.34   5.23482   4.4
48.36   5.39187   4.4
48.38   5.55609   4.4
48.4   5.72793   4.4
48.42   5.90786   4.4
48.44   6.0964   4.4
48.46   6.2941   4.4
48.48   6.50157   4.4
48.5   6.71947   4.4
48.52   6.9485   4.4
48.54   7.18943   4.4
48.56   7.44311   4.4
48.58   7.71045   4.4
48.6   7.99245   4.4
48.62   8.29018   4.4
48.64   8.60486   4.4
48.66   8.93779   4.4
48.68   9.29041   4.4
48.7   9.66429   4.4
48.72   10.0612   4.4
48.74   10.483   4.4
48.76   10.9319   4.4
48.78   11.4103   4.4
48.8   11.9207   4.4
48.82   12.4661   4.4
48.84   13.0497   4.4
48.86   13.6753   4.4
48.88   14.3469   4.4
48.9   15.0691   4.4
48.92   15.8472   4.4
48.94   16.6871   4.4
48.96   17.5955   4.4
48.98   18.5799   4.4
49   19.6492   4.43275
49.02   20.8134   4.56217
49.04   22.084   4.69936
49.06   23.4743   4.84503
49.08   24.9999   4.99999
49.1   26.6788   5.16516
49.12   28.5323   5.34156
49.14   30.5853   5.5304
49.16   32.8674   5.73301
49.18   35.414   5.95096
49.2   38.2673   6.18606
49.22   41.4786   6.44039
49.24   45.1101   6.7164
49.26   49.238   7.01698
49.28   53.9566   7.34551
49.3   59.3836   7.70607
49.32   65.6674   8.10354
49.34   72.997   8.54383
49.36   81.6161   9.03416
49.38   91.8433   9.58349
49.4   104.101   10.203
49.42   118.957   10.9067
49.44   137.191   11.7129
49.46   159.895   12.6449
49.48   188.627   13.7342
49.5   225.683   15.0227
49.52   274.568   16.5701
49.54   341.003   18.4663
49.56   435.281   20.8634
49.58   577.631   24.034
49.6   807.881   28.4232
49.62   1195.83   34.5808
49.64   1838.78   42.8811
49.66   2816.62   53.0718
49.68   4007.68   63.3062
49.7   4701.83   68.5699
49.72   4156.12   64.468
49.74   2974.88   54.5425
49.76   1951.92   44.1806
49.78   1266.35   35.5858
49.8   849.655   29.1488
49.82   602.709   24.5501
49.84   451.272   21.2432
49.86   351.934   18.7599
49.88   282.448   16.8062
49.9   231.57   15.2174
49.92   193.139   13.8975
49.94   163.425   12.7838
49.96   140.002   11.8323
49.98   121.23   11.0104
50   105.963   10.2939
50.02   93.3883   9.66376
50.04   82.9113   9.10556
50.06   74.093   8.60773
50.08   66.6029   8.16106
50.1   60.1884   7.75812
50.12   54.6538   7.39282
50.14   49.8458   7.06016
50.16   45.6432   6.75598
50.18   41.9488   6.47679
50.2   38.684   6.21965
50.22   35.7849   5.98205
50.24   33.1991   5.76186
50.26   30.883   5.55725
50.28   28.8006   5.36662
50.3   26.9214   5.18858
50.32   25.22   5.02195
50.34   23.6745   4.86565
50.36   22.2667   4.71876
50.38   20.9806   4.58045
50.4   19.8026   4.45001
50.42   18.7209   4.4
50.44   17.7254   4.4
50.46   16.8071   4.4
50.48   15.9583   4.4
50.5   15.1721   4.4
50.52   14.4425   4.4
50.54   13.7643   4.4
50.56   13.1327   4.4
50.58   12.5435   4.4
50.6   11.9931   4.4
50.62   11.6567   4.4
50.64   11.1792   4.4
50.66   10.7316   4.4
50.68   10.3117   4.4
50.7   9.91716   4.4
50.72   9.54619   4.4
50.74   9.19699   4.4
50.76   8.86796   4.4
50.78   8.55767   4.4
50.8   8.26482   4.4
50.82   7.98822   4.4
50.84   7.72678   4.4
50.86   7.47952   4.4
50.88   7.24554   4.4
50.9   7.02402   4.4
50.92   6.81421   4.4
50.94   6.61543   4.4
50.96   6.42706   4.4
50.98   6.24851   4.4
51   6.07928   4.4
51.02   5.91889   4.4
51.04   5.76691   4.4
51.06   5.62295   4.4
51.08   5.48666   4.4
51.1   5.35773   4.4
51.12   5.23586   4.4
51.14   5.12082   4.4
51.16   0.451645   4.4
51.18   0.472043   4.4
51.2   0.493853   4.4
51.22   0.517209   4.4
51.24   0.542259   4.4
51.26   0.569172   4.4
51.28   0.598136   4.4
51.3   0.629366   4.4
51.32   0.663103   4.4
51.34   0.699623   4.4
51.36   0.739241   4.4
51.38   0.782314   4.4
51.4   0.829258   4.4
51.42   0.880549   4.4
51.44   0.93674   4.4
51.46   0.998473   4.4
51.48   1.0665   4.4
51.5   1.14171   4.4
51.52   1.22513   4.4
51.54   1.31802   4.4
51.56   1.42185   4.4
51.58   1.5384   4.4
51.6   1.66984   4.4
51.62   1.8188   4.4
51.64   1.98852   4.4
51.66   2.18303   4.4
51.68   2.40736   4.4
51.7   2.66791   4.4
51.72   2.97286   4.4
51.74   3.3328   4.4
51.76   3.76167   4.4
51.78   4.27808   4.4
51.8   4.90725   4.4
51.82   5.68408   4.4
51.84   6.65782   4.4
51.86   7.89972   4.4
51.88   9.51606   4.4
51.9   11.6732   4.4
51.92   14.6534   4.4
51.94   18.987   4.4
51.96   25.7322   5.07269
51.98   36.8986   6.07442
52   55.7266   7.46503
52.02   86.0932   9.27864
52.04   129.198   11.3665
52.06   172.12   13.1194
52.08   179.265   13.389
52.1   142.391   11.9328
52.12   96.9662   9.84714
52.14   62.8793   7.92965
52.16   41.2101   6.41951
52.18   28.2842   5.31829
52.2   20.56   4.53431
52.22   15.6929   4.4
52.24   12.4047   4.4
52.26   10.0537   4.4
52.28   8.30689   4.4
52.3   6.97326   4.4
52.32   5.93314   4.4
52.34   5.10714   4.4
52.36   4.44083   4.4
52.38   3.89588   4.4
52.4   3.44472   4.4
52.42   3.06713   4.4
52.44   2.74805   4.4
52.46   2.47603   4.4
52.48   2.24231   4.4
52.5   2.04005   4.4
52.52   1.86386   4.4
52.54   1.70948   4.4
52.56   1.57344   4.4
52.58   1.45297   4.4
52.6   1.34579   4.4
52.62   1.25001   4.4
52.64   1.16408   4.4
52.66   1.0867   4.4
52.68   1.01677   4.4
52.7   0.95336   4.4
52.72   0.895693   4.4
52.74   0.843096   4.4
52.76   0.794991   4.4
52.78   0.750883   4.4
52.8   0.71034   4.4
52.82   0.67299   4.4
52.84   0.638507   4.4
52.86   0.606604   4.4
52.88   0.57703   4.4
52.9   0.549565   4.4
52.92   0.524014   4.4
52.94   0.500202   4.4
52.96   0.477975   4.4
52.98   0.457196   4.4
53   0.437742   4.4
53.02   0.419502   4.4
53.04   0.402378   4.4
53.06   0.386281   4.4
53.08   0.37113   4.4
53.1   0.356853   4.4
53.12   0.343383   4.4
53.14   0.330661   4.4
53.16   0.318633   4.4
53.18   0.307249   4.4
53.2   0.296464   4.4
53.22   0.286237   4.4
53.24   0.276529   4.4
53.26   0.267307   4.4
53.28   0.258539   4.4
53.3   0.250194   4.4
53.32   0.242247   4.4
53.34   0.234673   4.4
53.36   0.227448   4.4
53.38   0.220552   4.4
53.4   0.213964   4.4
53.42   0.207667   4.4
53.44   0.201644   4.4
53.46   0.195879   4.4
53.48   0.190358   4.4
53.5   0.185066   4.4
53.52   0.179993   4.4
53.54   0.175125   4.4
53.56   0   4.4
53.58   0   4.4
53.6   0   4.4
53.62   0   4.4
53.64   0   4.4
53.66   0   4.4
53.68   0   4.4
53.7   0   4.4
53.72   0   4.4
53.74   0   4.4
53.76   0   4.4
53.78   0   4.4
53.8   0   4.4
53.82   0   4.4
53.84   0   4.4
53.86   0   4.4
53.88   0   4.4
53.9   0   4.4
53.92   0   4.4
53.94   0   4.4
53.96   0   4.4
53.98   0   4.4
54   0   4.4
54.02   0   4.4
54.04   0   4.4
54.06   0   4.4
54.08   0   4.4
54.1   0   4.4
54.12   0   4.4
54.14   0   4.4
54.16   0   4.4
54.18   0   4.4
54.2   0   4.4
54.22   0   4.4
54.24   0   4.4
54.26   0   4.4
54.28   0   4.4
54.3   0   4.4
54.32   0   4.4
54.34   0   4.4
54.36   0   4.4
54.38   0   4.4
54.4   0   4.4
54.42   0   4.4
54.44   0   4.4
54.46   0   4.4
54.48   0   4.4
54.5   0   4.4
54.52   0   4.4
54.54   0   4.4
54.56   0   4.4
54.58   0   4.4
54.6   0   4.4
54.62   0   4.4
54.64   0   4.4
54.66   0   4.4
54.68   0   4.4
54.7   0   4.4
54.72   0   4.4
54.74   0   4.4
54.76   0   4.4
54.78   0   4.4
54.8   0   4.4
54.82   0   4.4
54.84   0   4.4
54.86   0   4.4
54.88   0   4.4
54.9   0   4.4
54.92   0   4.4
54.94   0   4.4
54.96   0   4.4
54.98   0   4.4
55   0   4.4
55.02   0   4.4
55.04   0   4.4
55.06   0   4.4
55.08   0   4.4
55.1   0   4.4
55.12   0   4.4
55.14   0   4.4
55.16   0   4.4
55.18   0   4.4
55.2   0   4.4
55.22   0   4.4
55.24   0   4.4
55.26   0   4.4
55.28   0   4.4
55.3   0   4.4
55.32   0   4.4
55.34   0   4.4
55.36   0   4.4
55.38   0   4.4
55.4   0   4.4
55.42   0   4.4
55.44   0   4.4
55.46   0   4.4
55.48   0   4.4
55.5   0   4.4
55.52   0   4.4
55.54   0   4.4
55.56   0   4.4
55.58   0   4.4
55.6   0   4.4
55.62   0   4.4
55.64   0   4.4
55.66   0   4.4
55.68   0   4.4
55.7   0   4.4
55.72   0   4.4
55.74   0   4.4
55.76   0   4.4
55.78   0   4.4
55.8   0   4.4
55.82   0   4.4
55.84   0   4.4
55.86   0   4.4
55.88   0   4.4
55.9   0   4.4
55.92   0   4.4
55.94   0   4.4
55.96   0   4.4
55.98   0   4.4
56   0   4.4
56.02   0   4.4
56.04   0   4.4
56.06   0   4.4
56.08   0   4.4
56.1   0   4.4
56.12   0   4.4
56.14   0   4.4
56.16   0   4.4
56.18   0   4.4
56.2   0   4.4
56.22   0   4.4
56.24   0   4.4
56.26   0   4.4
56.28   0   4.4
56.3   0   4.4
56.32   0   4.4
56.34   0   4.4
56.36   0   4.4
56.38   0   4.4
56.4   0   4.4
56.42   0   4.4
56.44   0   4.4
56.46   0   4.4
56.48   0   4.4
56.5   0   4.4
56.52   0   4.4
56.54   0   4.4
56.56   0   4.4
56.58   0   4.4
56.6   0   4.4
56.62   0   4.4
56.64   0   4.4
56.66   0   4.4
56.68   0   4.4
56.7   0   4.4
56.72   0   4.4
56.74   0   4.4
56.76   0   4.4
56.78   0   4.4
56.8   0   4.4
56.82   0   4.4
56.84   0   4.4
56.86   0   4.4
56.88   0   4.4
56.9   0   4.4
56.92   0   4.4
56.94   0   4.4
56.96   0   4.4
56.98   0   4.4
57   0   4.4
57.02   0   4.4
57.04   0   4.4
57.06   0   4.4
57.08   0   4.4
57.1   0   4.4
57.12   0   4.4
57.14   0   4.4
57.16   0   4.4
57.18   0   4.4
57.2   0   4.4
57.22   0   4.4
57.24   0   4.4
57.26   0   4.4
57.28   0   4.4
57.3   0   4.4
57.32   0   4.4
57.34   0   4.4
57.36   0   4.4
57.38   0   4.4
57.4   0   4.4
57.42   0   4.4
57.44   0   4.4
57.46   0   4.4
57.48   0   4.4
57.5   0   4.4
57.52   0   4.4
57.54   0   4.4
57.56   0   4.4
57.58   0   4.4
57.6   0   4.4
57.62   0   4.4
57.64   0   4.4
57.66   0   4.4
57.68   0   4.4
57.7   0   4.4
57.72   0   4.4
57.74   0   4.4
57.76   0   4.4
57.78   0   4.4
57.8   0   4.4
57.82   0   4.4
57.84   0   4.4
57.86   0   4.4
57.88   0   4.4
57.9   0   4.4
57.92   0   4.4
57.94   0   4.4
57.96   0   4.4
57.98   0   4.4
58   0   4.4
58.02   0   4.4
58.04   0   4.4
58.06   0   4.4
58.08   0   4.4
58.1   0   4.4
58.12   0   4.4
58.14   0   4.4
58.16   0   4.4
58.18   0   4.4
58.2   0   4.4
58.22   0   4.4
58.24   0   4.4
58.26   0   4.4
58.28   0   4.4
58.3   0   4.4
58.32   0   4.4
58.34   0   4.4
58.36   0   4.4
58.38   0   4.4
58.4   0   4.4
58.42   0   4.4
58.44   0   4.4
58.46   0   4.4
58.48   0   4.4
58.5   0   4.4
58.52   0   4.4
58.54   0   4.4
58.56   0   4.4
58.58   0   4.4
58.6   0   4.4
58.62   0   4.4
58.64   0   4.4
58.66   0   4.4
58.68   0   4.4
58.7   0   4.4
58.72   0   4.4
58.74   0   4.4
58.76   0   4.4
58.78   0   4.4
58.8   0   4.4
58.82   0   4.4
58.84   0   4.4
58.86   0   4.4
58.88   0   4.4
58.9   0   4.4
58.92   0   4.4
58.94   0   4.4
58.96   0   4.4
58.98   0   4.4
59   0   4.4
59.02   0   4.4
59.04   0   4.4
59.06   0   4.4
59.08   0   4.4
59.1   0   4.4
59.12   0   4.4
59.14   0   4.4
59.16   0   4.4
59.18   0   4.4
59.2   0   4.4
59.22   0   4.4
59.24   0   4.4
59.26   0   4.4
59.28   0   4.4
59.3   0   4.4
59.32   0   4.4
59.34   0   4.4
59.36   0   4.4
59.38   0   4.4
59.4   0   4.4
59.42   0   4.4
59.44   1.12075   4.4
59.46   1.15189   4.4
59.48   1.18434   4.4
59.5   1.21818   4.4
59.52   1.2535   4.4
59.54   1.29037   4.4
59.56   1.32889   4.4
59.58   1.36916   4.4
59.6   1.41129   4.4
59.62   1.45539   4.4
59.64   1.50159   4.4
59.66   1.55003   4.4
59.68   1.60084   4.4
59.7   1.6542   4.4
59.72   1.71026   4.4
59.74   1.76923   4.4
59.76   1.83129   4.4
59.78   1.89668   4.4
59.8   1.96562   4.4
59.82   2.0384   4.4
59.84   2.11529   4.4
59.86   2.19661   4.4
59.88   2.28271   4.4
59.9   2.37397   4.4
59.92   2.4708   4.4
59.94   2.57368   4.4
59.96   2.68311   4.4
59.98   2.79967   4.4
60   2.92398   4.4
60.02   3.05676   4.4
60.04   3.19877   4.4
60.06   3.3509   4.4
60.08   3.51414   4.4
60.1   3.68959   4.4
60.12   3.87849   4.4
60.14   4.08226   4.4
60.16   4.30249   4.4
60.18   4.54101   4.4
60.2   4.79989   4.4
60.22   5.08152   4.4
60.24   5.38863   4.4
60.26   5.7244   4.4
60.28   6.09247   4.4
60.3   6.49714   4.4
60.32   6.94341   4.4
60.34   7.43715   4.4
60.36   7.98534   4.4
60.38   8.59626   4.4
60.4   9.27981   4.4
60.42   10.048   4.4
60.44   10.9152   4.4
60.46   11.8992   4.4
60.48   13.0219   4.4
60.5   14.3105   4.4
60.52   15.7991   4.4
60.54   17.531   4.4
60.56   19.562   4.42289
60.58   21.9644   4.68662
60.6   24.8338   4.98336
60.62   28.2982   5.3196
60.64   32.5319   5.70367
60.66   37.7771   6.14631
60.68   44.3777   6.66166
60.7   52.8343   7.26872
60.72   63.9006   7.99379
60.74   78.7756   8.87556
60.76   99.5421   9.97708
60.78   130.2   11.4105
60.8   178.721   13.3687
60.82   259.813   16.1187
60.84   395.912   19.8975
60.86   610.853   24.7154
60.88   900.226   30.0038
60.9   1143.33   33.8132
60.92   1110.58   33.3254
60.94   839.846   28.9801
60.96   561.135   23.6883
60.98   363.216   19.0582
61   240.109   15.4954
61.02   167.059   12.9251
61.04   123.011   11.091
61.06   94.7911   9.73607
61.08   75.4321   8.68517
61.1   61.4428   7.83855
61.12   50.9729   7.13953
61.14   42.9357   6.55253
61.16   36.6385   6.05298
61.18   31.618   5.62299
61.2   27.5541   5.2492
61.22   24.2203   4.92141
61.24   21.4528   4.63171
61.26   19.131   4.4
61.28   17.1647   4.4
61.3   15.4851   4.4
61.32   14.0395   4.4
61.34   12.7864   4.4
61.36   11.6932   4.4
61.38   10.734   4.4
61.4   9.88777   4.4
61.42   9.13752   4.4
61.44   8.46929   4.4
61.46   7.87158   4.4
61.48   7.33484   4.4
61.5   6.85106   4.4
61.52   6.4135   4.4
61.54   6.01649   4.4
61.56   5.65516   4.4
61.58   5.32537   4.4
61.6   5.02356   4.4
61.62   4.74667   4.4
61.64   4.49201   4.4
61.66   4.25729   4.4
61.68   4.04047   4.4
61.7   3.83978   4.4
61.72   3.65366   4.4
61.74   3.48074   4.4
61.76   3.31979   4.4
61.78   3.16975   4.4
61.8   3.02964   4.4
61.82   2.89861   4.4
61.84   2.77589   4.4
61.86   2.6608   4.4
61.88   2.55271   4.4
61.9   2.45107   4.4
61.92   2.35538   4.4
61.94   2.26518   4.4
61.96   2.18007   4.4
61.98   2.09965   4.4
62   2.02361   4.4
62.02   1.95161   4.4
62.04   1.88339   4.4
62.06   1.81869   4.4
62.08   1.75726   4.4
62.1   1.69889   4.4
62.12   1.64337   4.4
62.14   1.59054   4.4
62.16   1.54021   4.4
62.18   1.49223   4.4
62.2   1.44645   4.4
62.22   1.40275   4.4
62.24   1.361   4.4
62.26   1.32109   4.4
62.28   1.2829   4.4
62.3   1.24635   4.4
62.32   1.21134   4.4
62.34   1.17778   4.4
62.36   1.14559   4.4
62.38   1.11471   4.4
62.4   0   4.4
62.42   0   4.4
62.44   0   4.4
62.46   0   4.4
62.48   0   4.4
62.5   0   4.4
62.52   0   4.4
62.54   0   4.4
62.56   0   4.4
62.58   0   4.4
62.6   0   4.4
62.62   0   4.4
62.64   0   4.4
62.66   0   4.4
62.68   0   4.4
62.7   0   4.4
62.72   0   4.4
62.74   0   4.4
62.76   0   4.4
62.78   0   4.4
62.8   0   4.4
62.82   0   4.4
62.84   0   4.4
62.86   0   4.4
62.88   0   4.4
62.9   0   4.4
62.92   0   4.4
62.94   0   4.4
62.96   0   4.4
62.98   0   4.4
63   0   4.4
63.02   0   4.4
63.04   0   4.4
63.06   0   4.4
63.08   0   4.4
63.1   0   4.4
63.12   0   4.4
63.14   0   4.4
63.16   0   4.4
63.18   0   4.4
63.2   0   4.4
63.22   0   4.4
63.24   0   4.4
63.26   0   4.4
63.28   0   4.4
63.3   0   4.4
63.32   0   4.4
63.34   0   4.4
63.36   0   4.4
63.38   0   4.4
63.4   0   4.4
63.42   0   4.4
63.44   0   4.4
63.46   0   4.4
63.48   0   4.4
63.5   0   4.4
63.52   0   4.4
63.54   0   4.4
63.56   0   4.4
63.58   0   4.4
63.6   0   4.4
63.62   0   4.4
63.64   0   4.4
63.66   0   4.4
63.68   0   4.4
63.7   0   4.4
63.72   0   4.4
63.74   0   4.4
63.76   0   4.4
63.78   0   4.4
63.8   0   4.4
63.82   0   4.4
63.84   0   4.4
63.86   0   4.4
63.88   0   4.4
63.9   0   4.4
63.92   0   4.4
63.94   0   4.4
63.96   0   4.4
63.98   0   4.4
64   0   4.4
64.02   0   4.4
64.04   0   4.4
64.06   0   4.4
64.08   0   4.4
64.1   0   4.4
64.12   0   4.4
64.14   0   4.4
64.16   0   4.4
64.18   0   4.4
64.2   0   4.4
64.22   0   4.4
64.24   0   4.4
64.26   0   4.4
64.28   0   4.4
64.3   0   4.4
64.32   0   4.4
64.34   0   4.4
64.36   0   4.4
64.38   0   4.4
64.4   0   4.4
64.42   0   4.4
64.44   0   4.4
64.46   0   4.4
64.48   0   4.4
64.5   0   4.4
64.52   0   4.4
64.54   0   4.4
64.56   0   4.4
64.58   0   4.4
64.6   0   4.4
64.62   0   4.4
64.64   0   4.4
64.66   0   4.4
64.68   0   4.4
64.7   0   4.4
64.72   0   4.4
64.74   0   4.4
64.76   0   4.4
64.78   0   4.4
64.8   0   4.4
64.82   0   4.4
64.84   0   4.4
64.86   0   4.4
64.88   0   4.4
64.9   0   4.4
64.92   0   4.4
64.94   0   4.4
64.96   0   4.4
64.98   0   4.4
65   0   4.4
65.02   0   4.4
65.04   0   4.4
65.06   0   4.4
65.08   0   4.4
65.1   0   4.4
65.12   0   4.4
65.14   0   4.4
65.16   0   4.4
65.18   0   4.4
65.2   0   4.4
65.22   0   4.4
65.24   0   4.4
65.26   0   4.4
65.28   0   4.4
65.3   0   4.4
65.32   0   4.4
65.34   0   4.4
65.36   0   4.4
65.38   0   4.4
65.4   0   4.4
65.42   0   4.4
65.44   0   4.4
65.46   0   4.4
65.48   0   4.4
65.5   0   4.4
65.52   0   4.4
65.54   0   4.4
65.56   0   4.4
65.58   0   4.4
65.6   1.83015   4.4
65.62   1.88152   4.4
65.64   1.93509   4.4
65.66   1.99098   4.4
65.68   2.04933   4.4
65.7   2.11028   4.4
65.72   2.17398   4.4
65.74   2.24061   4.4
65.76   2.31036   4.4
65.78   2.38341   4.4
65.8   2.45997   4.4
65.82   2.54029   4.4
65.84   2.6246   4.4
65.86   2.71317   4.4
65.88   2.80631   4.4
65.9   2.90432   4.4
65.92   3.00755   4.4
65.94   3.11638   4.4
65.96   3.23122   4.4
65.98   3.35253   4.4
66   3.48079   4.4
66.02   3.61655   4.4
66.04   3.76041   4.4
66.06   3.91301   4.4
66.08   4.07508   4.4
66.1   4.24743   4.4
66.12   4.43094   4.4
66.14   4.62659   4.4
66.16   4.83547   4.4
66.18   5.05881   4.4
66.2   5.29798   4.4
66.22   5.55448   4.4
66.24   5.83006   4.4
66.26   6.12664   4.4
66.28   6.4464   4.4
66.3   6.79182   4.4
66.32   7.16573   4.4
66.34   7.57133   4.4
66.36   8.01231   4.4
66.38   8.49289   4.4
66.4   9.01795   4.4
66.42   9.59315   4.4
66.44   10.225   4.4
66.46   10.9214   4.4
66.48   11.6911   4.4
66.5   12.5449   4.4
66.52   13.4955   4.4
66.54   14.5581   4.4
66.56   15.7507   4.4
66.58   17.0956   4.4
66.6   18.6197   4.4
66.62   20.356   4.51176
66.64   22.3457   4.72712
66.66   24.6403   4.9639
66.68   27.3051   5.22543
66.7   30.4235   5.51575
66.72   34.1039   5.83985
66.74   38.4884   6.2039
66.76   43.767   6.61566
66.78   50.197   7.08499
66.8   58.1345   7.6246
66.82   68.0816   8.25116
66.84   80.7646   8.98691
66.86   97.2663   9.86237
66.88   119.28   10.9215
66.9   149.674   12.2341
66.92   193.833   13.9224
66.94   262.492   16.2016
66.96   376.08   19.3928
66.98   567.636   23.8251
67   876.937   29.6131
67.02   1317.24   36.2938
67.04   1759.53   41.9467
67.06   1840.38   42.8996
67.08   1466.6   38.2963
67.1   1000.09   31.6241
67.12   648.661   25.4688
67.14   424.924   20.6137
67.16   291.404   17.0706
67.18   211.653   14.5483
67.2   161.45   12.7063
67.22   127.566   11.2945
67.24   103.357   10.1665
67.26   85.3769   9.23996
67.28   71.6548   8.46492
67.3   60.9557   7.80741
67.32   52.4613   7.24302
67.34   45.6105   6.75356
67.36   40.0086   6.32523
67.38   35.3716   5.9474
67.4   31.4914   5.61172
67.42   28.2128   5.31157
67.44   25.4182   5.04164
67.46   23.0172   4.79763
67.48   20.9396   4.57599
67.5   19.1301   4.4
67.52   17.5445   4.4
67.54   16.1476   4.4
67.56   14.9106   4.4
67.58   14.0537   4.4
67.6   13.0772   4.4
67.62   12.2021   4.4
67.64   11.4151   4.4
67.66   10.705   4.4
67.68   10.0622   4.4
67.7   9.47877   4.4
67.72   8.94775   4.4
67.74   8.46327   4.4
67.76   8.02027   4.4
67.78   7.61434   4.4
67.8   7.24168   4.4
67.82   6.89898   4.4
67.84   6.58334   4.4
67.86   6.29221   4.4
67.88   6.02337   4.4
67.9   5.77486   4.4
67.92   5.54494   4.4
67.94   5.33209   4.4
67.96   5.13496   4.4
67.98   4.95233   4.4
68   4.78317   4.4
68.02   4.62652   4.4
68.04   4.48156   4.4
68.06   4.34756   4.4
68.08   4.22388   4.4
68.1   4.10996   4.4
68.12   4.00531   4.4
68.14   3.90952   4.4
68.16   3.82224   4.4
68.18   3.74319   4.4
68.2   3.67214   4.4
68.22   3.60894   4.4
68.24   3.55347   4.4
68.26   3.5057   4.4
68.28   3.46564   4.4
68.3   3.43341   4.4
68.32   3.40914   4.4
68.34   3.39311   4.4
68.36   3.38562   4.4
68.38   3.38713   4.4
68.4   3.39817   4.4
68.42   3.41943   4.4
68.44   3.45175   4.4
68.46   3.49615   4.4
68.48   3.55387   4.4
68.5   3.62643   4.4
68.52   3.71566   4.4
68.54   2.07592   4.4
68.56   2.25175   4.4
68.58   2.45081   4.4
68.6   2.67736   4.4
68.62   2.93667   4.4
68.64   3.23534   4.4
68.66   3.58171   4.4
68.68   3.98643   4.4
68.7   4.46327   4.4
68.72   5.03029   4.4
68.74   5.71149   4.4
68.76   6.53933   4.4
68.78   7.55853   4.4
68.8   8.83188   4.4
68.82   10.4498   4.4
68.84   12.5461   4.4
68.86   15.3278   4.4
68.88   19.1393   4.4
68.9   24.6146   4.96131
68.92   33.0129   5.74569
68.94   46.7737   6.83913
68.96   70.0015   8.36669
68.98   108.017   10.3931
69   163.99   12.8059
69.02   226.19   15.0396
69.04   249.862   15.807
69.06   208.355   14.4345
69.08   144.926   12.0385
69.1   94.3731   9.71458
69.12   61.493   7.84175
69.14   41.7321   6.46004
69.16   29.9862   5.47597
69.18   22.685   4.76288
69.2   17.8205   4.4
69.22   14.3773   4.4
69.24   11.836   4.4
69.26   9.9056   4.4
69.28   8.40612   4.4
69.3   7.21951   4.4
69.32   6.26522   4.4
69.34   5.48684   4.4
69.36   4.84397   4.4
69.38   4.3071   4.4
69.4   3.85426   4.4
69.42   3.46889   4.4
69.44   3.13829   4.4
69.46   2.8526   4.4
69.48   2.60406   4.4
69.5   2.38652   4.4
69.52   2.19506   4.4
69.54   2.02568   4.4
69.56   1.87511   4.4
69.58   1.74069   4.4
69.6   1.62018   4.4
69.62   1.51174   4.4
69.64   1.41381   4.4
69.66   1.32508   4.4
69.68   1.24443   4.4
69.7   1.17091   4.4
69.72   1.10371   4.4
69.74   1.04212   4.4
69.76   0.985542   4.4
69.78   0.933441   4.4
69.8   0.88536   4.4
69.82   0.840895   4.4
69.84   0.799693   4.4
69.86   0.761444   4.4
69.88   0.725871   4.4
69.9   0.692732   4.4
69.92   0.661809   4.4
69.94   0.632909   4.4
69.96   0.60586   4.4
69.98   0.580507   4.4
70   0.556711   4.4
70.02   0.534348   4.4
70.04   0.513305   4.4
70.06   0.493479   4.4
70.08   0.47478   4.4
70.1   0.457123   4.4
70.12   0.440432   4.4
70.14   0.424639   4.4
70.16   0.409679   4.4
70.18   0.395496   4.4
70.2   0.382036   4.4
70.22   0.369252   4.4
70.24   0.357098   4.4
70.26   0.345534   4.4
70.28   0.334523   4.4
70.3   0.32403   4.4
70.32   0.314022   4.4
70.34   0.304471   4.4
70.36   0.295348   4.4
70.38   0.28663   4.4
70.4   0.278292   4.4
70.42   0.270312   4.4
70.44   0.26267   4.4
70.46   0.255348   4.4
70.48   0.248328   4.4
70.5   0   4.4
70.52   0   4.4
70.54   0   4.4
70.56   0   4.4
70.58   0   4.4
70.6   0   4.4
70.62   0   4.4
70.64   0   4.4
70.66   0   4.4
70.68   0   4.4
70.7   0   4.4
70.72   0   4.4
70.74   0   4.4
70.76   0   4.4
70.78   0   4.4
70.8   0   4.4
70.82   0   4.4
70.84   0   4.4
70.86   0   4.4
70.88   0   4.4
70.9   0   4.4
70.92   0   4.4
70.94   0   4.4
70.96   0   4.4
70.98   0   4.4
71   0   4.4
71.02   0   4.4
71.04   0   4.4
71.06   0   4.4
71.08   0   4.4
71.1   0   4.4
71.12   0   4.4
71.14   0   4.4
71.16   0   4.4
71.18   0   4.4
71.2   0   4.4
71.22   0   4.4
71.24   0   4.4
71.26   0   4.4
71.28   0   4.4
71.3   0   4.4
71.32   0   4.4
71.34   0   4.4
71.36   0   4.4
71.38   0   4.4
71.4   0   4.4
71.42   0   4.4
71.44   0   4.4
71.46   0   4.4
71.48   0   4.4
71.5   0   4.4
71.52   0   4.4
71.54   0   4.4
71.56   0   4.4
71.58   0   4.4
71.6   0   4.4
71.62   0   4.4
71.64   0   4.4
71.66   0   4.4
71.68   0   4.4
71.7   0   4.4
71.72   0   4.4
71.74   0   4.4
71.76   0   4.4
71.78   0   4.4
71.8   0   4.4
71.82   0   4.4
71.84   0   4.4
71.86   0   4.4
71.88   0   4.4
71.9   0   4.4
71.92   0   4.4
71.94   0   4.4
71.96   0   4.4
71.98   0   4.4
72   0   4.4
72.02   0   4.4
72.04   0   4.4
72.06   0   4.4
72.08   0   4.4
72.1   0   4.4
72.12   0   4.4
72.14   0   4.4
72.16   0   4.4
72.18   0   4.4
72.2   0   4.4
72.22   0   4.4
72.24   0   4.4
72.26   0   4.4
72.28   0   4.4
72.3   0   4.4
72.32   0   4.4
72.34   0   4.4
72.36   0   4.4
72.38   0   4.4
72.4   0   4.4
72.42   0   4.4
72.44   0   4.4
72.46   0   4.4
72.48   0   4.4
72.5   0   4.4
72.52   0   4.4
72.54   0   4.4
72.56   0   4.4
72.58   0   4.4
72.6   0   4.4
72.62   0   4.4
72.64   0   4.4
72.66   0   4.4
72.68   0   4.4
72.7   0   4.4
72.72   0   4.4
72.74   0   4.4
72.76   0   4.4
72.78   0   4.4
72.8   0   4.4
72.82   0   4.4
72.84   0   4.4
72.86   0   4.4
72.88   0   4.4
72.9   0   4.4
72.92   0   4.4
72.94   0   4.4
72.96   0   4.4
72.98   0   4.4
73   0   4.4
73.02   0   4.4
73.04   0   4.4
73.06   0   4.4
73.08   0   4.4
73.1   0   4.4
73.12   0   4.4
73.14   0   4.4
73.16   0   4.4
73.18   0   4.4
73.2   0   4.4
73.22   0   4.4
73.24   0   4.4
73.26   0   4.4
73.28   0   4.4
73.3   0   4.4
73.32   0   4.4
73.34   0   4.4
73.36   0   4.4
73.38   0   4.4
73.4   0   4.4
73.42   0   4.4
73.44   0   4.4
73.46   0   4.4
73.48   0   4.4
73.5   0   4.4
73.52   0   4.4
73.54   0   4.4
73.56   0   4.4
73.58   0   4.4
73.6   0   4.4
73.62   0   4.4
73.64   0   4.4
73.66   0   4.4
73.68   0   4.4
73.7   0   4.4
73.72   0   4.4
73.74   0   4.4
73.76   0   4.4
73.78   0   4.4
73.8   0   4.4
73.82   0   4.4
73.84   0   4.4
73.86   0   4.4
73.88   0   4.4
73.9   0   4.4
73.92   0   4.4
73.94   0   4.4
73.96   0   4.4
73.98   0   4.4
74   0   4.4
74.02   0   4.4
74.04   0   4.4
74.06   0   4.4
74.08   0   4.4
74.1   0   4.4
74.12   0   4.4
74.14   0   4.4
74.16   0   4.4
74.18   0   4.4
74.2   0   4.4
74.22   0   4.4
74.24   0   4.4
74.26   0   4.4
74.28   0   4.4
74.3   0   4.4
74.32   0   4.4
74.34   0   4.4
74.36   0   4.4
74.38   0   4.4
74.4   0   4.4
74.42   0   4.4
74.44   0   4.4
74.46   0   4.4
74.48   0   4.4
74.5   0   4.4
74.52   0   4.4
74.54   0   4.4
74.56   0   4.4
74.58   0   4.4
74.6   0   4.4
74.62   0   4.4
74.64   0   4.4
74.66   0   4.4
74.68   0   4.4
74.7   0   4.4
74.72   0   4.4
74.74   0   4.4
74.76   0   4.4
74.78   0   4.4
74.8   0   4.4
74.82   0   4.4
74.84   0   4.4
74.86   0   4.4
74.88   0   4.4
74.9   0   4.4
74.92   0   4.4
74.94   0   4.4
74.96   0   4.4
74.98   0   4.4
75   0   4.4
75.02   0   4.4
75.04   0   4.4
75.06   0   4.4
75.08   0   4.4
75.1   0   4.4
75.12   0   4.4
75.14   0   4.4
75.16   0   4.4
75.18   0   4.4
75.2   0   4.4
75.22   0   4.4
75.24   0   4.4
75.26   0   4.4
75.28   0   4.4
75.3   2.31414   4.4
75.32   2.37956   4.4
75.34   2.4478   4.4
75.36   2.51902   4.4
75.38   2.59339   4.4
75.4   2.6711   4.4
75.42   2.75236   4.4
75.44   2.83738   4.4
75.46   2.92639   4.4
75.48   3.01966   4.4
75.5   3.11746   4.4
75.52   3.22009   4.4
75.54   3.32786   4.4
75.56   3.44114   4.4
75.58   3.56029   4.4
75.6   3.68574   4.4
75.62   3.81793   4.4
75.64   3.95736   4.4
75.66   4.10456   4.4
75.68   4.26013   4.4
75.7   4.4247   4.4
75.72   4.59899   4.4
75.74   4.78378   4.4
75.76   4.97991   4.4
75.78   5.18836   4.4
75.8   5.41015   4.4
75.82   5.64647   4.4
75.84   5.89859   4.4
75.86   6.16797   4.4
75.88   6.45621   4.4
75.9   6.76511   4.4
75.92   7.0967   4.4
75.94   7.45324   4.4
75.96   7.83731   4.4
75.98   8.2518   4.4
76   8.70001   4.4
76.02   9.18569   4.4
76.04   9.71313   4.4
76.06   10.2873   4.4
76.08   10.9137   4.4
76.1   11.5991   4.4
76.12   12.351   4.4
76.14   13.1782   4.4
76.16   14.0912   4.4
76.18   15.1022   4.4
76.2   16.2258   4.4
76.22   17.4791   4.4
76.24   18.8829   4.4
76.26   20.4623   4.52353
76.28   22.2476   4.71673
76.3   24.276   4.92707
76.32   26.5937   5.1569
76.34   29.2579   5.40906
76.36   32.3411   5.68692
76.38   35.9351   5.99459
76.4   40.1586   6.33708
76.42   45.1662   6.72058
76.44   51.1628   7.15282
76.46   58.424   7.64356
76.48   67.3268   8.20529
76.5   78.3981   8.85427
76.52   92.39   9.61197
76.54   110.406   10.5074
76.56   134.125   11.5812
76.58   166.27   12.8946
76.6   211.698   14.5498
76.62   279.91   16.7305
76.64   389.689   19.7405
76.66   574.401   23.9667
76.68   881.661   29.6928
76.7   1353.72   36.7929
76.72   1944.82   44.1001
76.74   2328.69   48.2565
76.76   2104.46   45.8744
76.78   1524.32   39.0425
76.8   1003.74   31.6819
76.82   650.53   25.5055
76.84   434.797   20.8518
76.86   306.989   17.5211
76.88   228.962   15.1315
76.9   178.069   13.3443
76.92   142.63   11.9428
76.94   116.759   10.8055
76.96   97.2593   9.86201
76.98   82.2078   9.06685
77   70.3603   8.3881
77.02   60.8767   7.80235
77.04   53.1729   7.29198
77.06   46.8333   6.84349
77.08   41.556   6.4464
77.1   37.1177   6.09243
77.12   33.3505   5.77499
77.14   30.1263   5.48874
77.16   27.3459   5.22933
77.18   24.9319   4.99319
77.2   22.8228   4.77732
77.22   20.9695   4.57925
77.24   19.3325   4.4
77.26   17.8793   4.4
77.28   16.5836   4.4
77.3   15.4235   4.4
77.32   14.3807   4.4
77.34   13.44   4.4
77.36   12.5884   4.4
77.38   11.8151   4.4
77.4   11.1108   4.4
77.42   10.4676   4.4
77.44   9.87856   4.4
77.46   9.33779   4.4
77.48   8.84018   4.4
77.5   8.38125   4.4
77.52   7.95711   4.4
77.54   7.56433   4.4
77.56   7.19989   4.4
77.58   6.86114   4.4
77.6   6.54572   4.4
77.62   6.25154   4.4
77.64   5.97674   4.4
77.66   5.71965   4.4
77.68   5.47878   4.4
77.7   5.25279   4.4
77.72   5.0405   4.4
77.74   4.84081   4.4
77.76   4.65275   4.4
77.78   4.47542   4.4
77.8   4.30804   4.4
77.82   4.14987   4.4
77.84   4.00025   4.4
77.86   3.85857   4.4
77.88   3.72428   4.4
77.9   3.59688   4.4
77.92   3.4759   4.4
77.94   3.36092   4.4
77.96   3.25155   4.4
77.98   3.14743   4.4
78   3.04823   4.4
78.02   2.95364   4.4
78.04   2.86339   4.4
78.06   2.77721   4.4
78.08   2.69486   4.4
78.1   2.61612   4.4
78.12   2.54078   4.4
78.14   2.46864   4.4
78.16   2.39953   4.4
78.18   2.33329   4.4
78.2   2.26975   4.4
78.22   0   4.4
78.24   0   4.4
78.26   0   4.4
78.28   0   4.4
78.3   0   4.4
78.32   0   4.4
78.34   0   4.4
78.36   0   4.4
78.38   0   4.4
78.4   0   4.4
78.42   0   4.4
78.44   0   4.4
78.46   0   4.4
78.48   0   4.4
78.5   0   4.4
78.52   0   4.4
78.54   0   4.4
78.56   0   4.4
78.58   0   4.4
78.6   0   4.4
78.62   0   4.4
78.64   0   4.4
78.66   0   4.4
78.68   0   4.4
78.7   0   4.4
78.72   0   4.4
78.74   0   4.4
78.76   0   4.4
78.78   0   4.4
78.8   0   4.4
78.82   0   4.4
78.84   0   4.4
78.86   0   4.4
78.88   0   4.4
78.9   0   4.4
78.92   0   4.4
78.94   0   4.4
78.96   0   4.4
78.98   0   4.4
79   0   4.4
79.02   0   4.4
79.04   0   4.4
79.06   0   4.4
79.08   0   4.4
79.1   0   4.4
79.12   0   4.4
79.14   0   4.4
79.16   0   4.4
79.18   0   4.4
79.2   0   4.4
79.22   0   4.4
79.24   0   4.4
79.26   0   4.4
79.28   0   4.4
79.3   0   4.4
79.32   0   4.4
79.34   0   4.4
79.36   0   4.4
79.38   0   4.4
79.4   0   4.4
79.42   0   4.4
79.44   0   4.4
79.46   0   4.4
79.48   0   4.4
79.5   0   4.4
79.52   0   4.4
79.54   0   4.4
79.56   0   4.4
79.58   0   4.4
79.6   0   4.4
79.62   0   4.4
79.64   0   4.4
79.66   0   4.4
79.68   0   4.4
79.7   0   4.4
79.72   0   4.4
79.74   0   4.4
79.76   0   4.4
79.78   0   4.4
79.8   0   4.4
79.82   0   4.4
79.84   0   4.4
79.86   0   4.4
79.88   0   4.4
79.9   0   4.4
79.92   0   4.4
79.94   0   4.4
79.96   0   4.4
79.98   0   4.4
80   0   4.4
