3_001/1	
θ/2θ, °	Intensity, cps
20	2138.37084960938
20.0200004577637	1796.36437988281
20.0400009155273	1583.47741699219
20.0599994659424	1768.37561035156
20.0799999237061	1736.72766113281
20.1000003814697	1934.53454589844
20.1200008392334	1783.330078125
20.1399993896484	1975.60217285156
20.1599998474121	1606.88989257813
20.1800003051758	1874.45349121094
20.2000007629395	1750.01428222656
20.2199993133545	1961.58935546875
20.2399997711182	1863.28955078125
20.2600002288818	1738.21081542969
20.2800006866455	1908.06274414063
20.2999992370605	1886.42492675781
20.3199996948242	1798.98461914063
20.3400001525879	1785.44128417969
20.3600006103516	1930.32922363281
20.3799991607666	1743.08776855469
20.3999996185303	1925.57458496094
20.4200000762939	1818.42687988281
20.4400005340576	1666.26672363281
20.4599990844727	1912.65954589844
20.4799995422363	1950.68444824219
20.5	1492.87927246094
20.5200004577637	1686.66906738281
20.5400009155273	1618.81555175781
20.5599994659424	1641.83190917969
20.5799999237061	1703.33825683594
20.6000003814697	1875.90148925781
20.6200008392334	1621.0537109375
20.6399993896484	1886.58715820313
20.6599998474121	1894.16906738281
20.6800003051758	1952.9580078125
20.7000007629395	1776.33813476563
20.7199993133545	2031.19165039063
20.7399997711182	1795.23828125
20.7600002288818	1810.43334960938
20.7800006866455	1746.66174316406
20.7999992370605	1919.58618164063
20.8199996948242	1786.65466308594
20.8400001525879	1687.57592773438
20.8600006103516	1692.22595214844
20.8799991607666	1977.53820800781
20.8999996185303	1872.83544921875
20.9200000762939	1762.75048828125
20.9400005340576	2028.21862792969
20.9599990844727	1816.98388671875
20.9799995422363	1910.9609375
21	1913.07958984375
21.0200004577637	2147.73657226563
21.0400009155273	1736.77514648438
21.0599994659424	2150.23510742188
21.0799999237061	1699.23754882813
21.1000003814697	1904.93737792969
21.1200008392334	1644.29541015625
21.1399993896484	1600.28747558594
21.1599998474121	1749.43322753906
21.1800003051758	1954.64233398438
21.2000007629395	1843.74267578125
21.2199993133545	1802.82312011719
21.2399997711182	1766.17736816406
21.2600002288818	1796.25402832031
21.2800006866455	1941.51403808594
21.2999992370605	1631.78552246094
21.3199996948242	1808.76770019531
21.3400001525879	2002.8662109375
21.3600006103516	1869.72229003906
21.3799991607666	1768.38989257813
21.3999996185303	1811.89489746094
21.4200000762939	1730.92346191406
21.4400005340576	1717.02978515625
21.4599990844727	2142.091796875
21.4799995422363	1855.19812011719
21.5	1938.60925292969
21.5200004577637	1687.06225585938
21.5400009155273	1625.28527832031
21.5599994659424	1794.54772949219
21.5799999237061	1989.09692382813
21.6000003814697	1886.57568359375
21.6200008392334	2003.37426757813
21.6399993896484	1914.77233886719
21.6599998474121	1923.77893066406
21.6800003051758	1863.24584960938
21.7000007629395	1766.7431640625
21.7199993133545	1664.25964355469
21.7399997711182	1905.69274902344
21.7600002288818	1827.8427734375
21.7800006866455	1706.40783691406
21.7999992370605	1770.455078125
21.8199996948242	2017.08923339844
21.8400001525879	1812.10412597656
21.8600006103516	2091
21.8799991607666	1566.71215820313
21.8999996185303	1688.75756835938
21.9200000762939	1682.71142578125
21.9400005340576	1775.52124023438
21.9599990844727	1752.03881835938
21.9799995422363	1820.05773925781
22	1697.12438964844
22.0200004577637	1648.65344238281
22.0400009155273	1629.98950195313
22.0599994659424	1661.03051757813
22.0799999237061	1797.12890625
22.1000003814697	1807.83728027344
22.1200008392334	1810.57348632813
22.1399993896484	1847.55822753906
22.1599998474121	1466.0068359375
22.1800003051758	1750.88012695313
22.2000007629395	1650.08605957031
22.2199993133545	1634.38305664063
22.2399997711182	1593.91772460938
22.2600002288818	1631.091796875
22.2800006866455	1737.85729980469
22.2999992370605	1747.43737792969
22.3199996948242	1511.18127441406
22.3400001525879	1502.01843261719
22.3600006103516	1593.6357421875
22.3799991607666	1557.39807128906
22.3999996185303	1697.31079101563
22.4200000762939	1404.09265136719
22.4400005340576	1577.396484375
22.4599990844727	1711.41137695313
22.4799995422363	1602.53015136719
22.5	1467.7275390625
22.5200004577637	1626.66259765625
22.5400009155273	1765.14929199219
22.5599994659424	1639.16418457031
22.5799999237061	1655.78784179688
22.6000003814697	1604.50354003906
22.6200008392334	1627.51611328125
22.6399993896484	1704.49169921875
22.6599998474121	1586.70947265625
22.6800003051758	1562.10717773438
22.7000007629395	1673.42895507813
22.7199993133545	1708.4091796875
22.7399997711182	1664.65124511719
22.7600002288818	1669.14709472656
22.7800006866455	1326.87280273438
22.7999992370605	1734.11157226563
22.8199996948242	1510.00219726563
22.8400001525879	1691.47729492188
22.8600006103516	1509.63415527344
22.8799991607666	1456.60754394531
22.8999996185303	1519.6171875
22.9200000762939	1305.44946289063
22.9400005340576	1723.54614257813
22.9599990844727	1398.73681640625
22.9799995422363	1659.33740234375
23	1801.40930175781
23.0200004577637	1935.62170410156
23.0400009155273	1829.4736328125
23.0599994659424	1833.56896972656
23.0799999237061	1827.95446777344
23.1000003814697	1754.51452636719
23.1200008392334	1643.8125
23.1399993896484	1806.6162109375
23.1599998474121	1592.85729980469
23.1800003051758	1474.26928710938
23.2000007629395	1337.3125
23.2199993133545	1485.37866210938
23.2399997711182	1572.76586914063
23.2600002288818	1401.28381347656
23.2800006866455	1465.66296386719
23.2999992370605	1570.61572265625
23.3199996948242	1668.69592285156
23.3400001525879	1581.62036132813
23.3600006103516	1571.56726074219
23.3799991607666	1529.71630859375
23.3999996185303	1536.10131835938
23.4200000762939	1233.20129394531
23.4400005340576	1338.25463867188
23.4599990844727	1379.05810546875
23.4799995422363	1510.5380859375
23.5	1409.79235839844
23.5200004577637	1434.77978515625
23.5400009155273	1312.38037109375
23.5599994659424	1358.3779296875
23.5799999237061	1358.22412109375
23.6000003814697	1170.55517578125
23.6200008392334	1411.36499023438
23.6399993896484	1318.5576171875
23.6599998474121	1319.02087402344
23.6800003051758	1386.55017089844
23.7000007629395	1262.10961914063
23.7199993133545	1329.54077148438
23.7399997711182	1408.56848144531
23.7600002288818	1179.65979003906
23.7800006866455	1367.91064453125
23.7999992370605	1398.66516113281
23.8199996948242	1422.576171875
23.8400001525879	1138.8134765625
23.8600006103516	1288.74914550781
23.8799991607666	1060.54821777344
23.8999996185303	1286.45910644531
23.9200000762939	1410.59594726563
23.9400005340576	1482.27233886719
23.9599990844727	1297.6455078125
23.9799995422363	1079.65112304688
24	1273.23840332031
24.0200004577637	1310.28039550781
24.0400009155273	1196.06311035156
24.0599994659424	1102.99291992188
24.0799999237061	1240.09252929688
24.1000003814697	1255.56127929688
24.1200008392334	1163.07385253906
24.1399993896484	1264.11999511719
24.1599998474121	1314.98803710938
24.1800003051758	1062.15319824219
24.2000007629395	1310.25073242188
24.2199993133545	1302.15686035156
24.2399997711182	1055.57348632813
24.2600002288818	1277.71630859375
24.2800006866455	1046.58728027344
24.2999992370605	1204.21020507813
24.3199996948242	1208.78857421875
24.3400001525879	1241.55639648438
24.3600006103516	1306.97302246094
24.3799991607666	1187.55114746094
24.3999996185303	1130.29235839844
24.4200000762939	1087.94323730469
24.4400005340576	862.350158691406
24.4599990844727	907.785766601563
24.4799995422363	1115.47192382813
24.5	1174.09582519531
24.5200004577637	878.463134765625
24.5400009155273	1126.69482421875
24.5599994659424	1256.97619628906
24.5799999237061	1029.08203125
24.6000003814697	1132.83557128906
24.6200008392334	989.317443847656
24.6399993896484	1040.27001953125
24.6599998474121	1216.5634765625
24.6800003051758	1105.27770996094
24.7000007629395	1069.38330078125
24.7199993133545	1039.97436523438
24.7399997711182	1197.35925292969
24.7600002288818	1088.47302246094
24.7800006866455	958.256103515625
24.7999992370605	1229.78369140625
24.8199996948242	1066.51831054688
24.8400001525879	1079.96606445313
24.8600006103516	1121.88110351563
24.8799991607666	1042.44482421875
24.8999996185303	1091.3291015625
24.9200000762939	948.375549316406
24.9400005340576	1096.34545898438
24.9599990844727	945.965698242188
24.9799995422363	1069.18005371094
25	957.703430175781
25.0200004577637	992.572448730469
25.0400009155273	1376.1025390625
25.0599994659424	1126.31994628906
25.0799999237061	1124.07641601563
25.1000003814697	1368.39868164063
25.1200008392334	1165.28479003906
25.1399993896484	1445.95910644531
25.1599998474121	1831.48193359375
25.1800003051758	3197.22778320313
25.2000007629395	5060.47607421875
25.2199993133545	6635.50146484375
25.2399997711182	7738.6708984375
25.2600002288818	9437.703125
25.2800006866455	9658.1708984375
25.2999992370605	7568.40966796875
25.3199996948242	5372.3876953125
25.3400001525879	4942.63134765625
25.3600006103516	3664.83032226563
25.3799991607666	2079.42700195313
25.3999996185303	1354.88366699219
25.4200000762939	1165.78601074219
25.4400005340576	1283.70568847656
25.4599990844727	1234.18225097656
25.4799995422363	985.206787109375
25.5	928.019897460938
25.5200004577637	807.708740234375
25.5400009155273	1045.49462890625
25.5599994659424	961.916198730469
25.5799999237061	772.947082519531
25.6000003814697	715.272888183594
25.6200008392334	753.448791503906
25.6399993896484	859.948852539063
25.6599998474121	982.737609863281
25.6800003051758	937.989013671875
25.7000007629395	948.998901367188
25.7199993133545	766.043395996094
25.7399997711182	735.448364257813
25.7600002288818	832.964904785156
25.7800006866455	821.956909179688
25.7999992370605	716.854858398438
25.8199996948242	575.841796875
25.8400001525879	735.523803710938
25.8600006103516	876.84375
25.8799991607666	767.695739746094
25.8999996185303	774.136901855469
25.9200000762939	775.571105957031
25.9400005340576	691.165588378906
25.9599990844727	591.8037109375
25.9799995422363	675.798767089844
26	601.077209472656
26.0200004577637	642.413879394531
26.0400009155273	888.30517578125
26.0599994659424	837.034729003906
26.0799999237061	757.527709960938
26.1000003814697	760.002685546875
26.1200008392334	707.442443847656
26.1399993896484	704.16796875
26.1599998474121	790.77294921875
26.1800003051758	501.339782714844
26.2000007629395	711.553894042969
26.2199993133545	651.683776855469
26.2399997711182	768.201416015625
26.2600002288818	755.266540527344
26.2800006866455	734.879272460938
26.2999992370605	759.610717773438
26.3199996948242	841.295349121094
26.3400001525879	648.750427246094
26.3600006103516	621.25341796875
26.3799991607666	599.3515625
26.3999996185303	912.477844238281
26.4200000762939	834.257080078125
26.4400005340576	619.456481933594
26.4599990844727	707.8408203125
26.4799995422363	694.436645507813
26.5	623.895751953125
26.5200004577637	614.928649902344
26.5400009155273	641.280456542969
26.5599994659424	642.9755859375
26.5799999237061	706.704223632813
26.6000003814697	724.792114257813
26.6200008392334	691.634887695313
26.6399993896484	748.934753417969
26.6599998474121	529.583251953125
26.6800003051758	595.923278808594
26.7000007629395	375.712951660156
26.7199993133545	602.954223632813
26.7399997711182	766.196044921875
26.7600002288818	598.517578125
26.7800006866455	628.003112792969
26.7999992370605	565.869384765625
26.8199996948242	620.201965332031
26.8400001525879	534.94921875
26.8600006103516	515.393798828125
26.8799991607666	601.674072265625
26.8999996185303	659.47314453125
26.9200000762939	634.756530761719
26.9400005340576	439.041961669922
26.9599990844727	663.409729003906
26.9799995422363	621.845581054688
27	530.614013671875
27.0200004577637	640.233825683594
27.0400009155273	627.18603515625
27.0599994659424	542.888671875
27.0799999237061	757.4130859375
27.1000003814697	622.869934082031
27.1200008392334	532.773010253906
27.1399993896484	765.112426757813
27.1599998474121	705.521057128906
27.1800003051758	473.997711181641
27.2000007629395	445.937561035156
27.2199993133545	537.374572753906
27.2399997711182	496.636810302734
27.2600002288818	406.694976806641
27.2800006866455	631.026672363281
27.2999992370605	641.651733398438
27.3199996948242	616.600891113281
27.3400001525879	636.436950683594
27.3600006103516	577.434753417969
27.3799991607666	618.688781738281
27.3999996185303	481.799560546875
27.4200000762939	590.519287109375
27.4400005340576	681.452514648438
27.4599990844727	766.904418945313
27.4799995422363	867.655944824219
27.5	974.339904785156
27.5200004577637	1147.87622070313
27.5400009155273	1456.02368164063
27.5599994659424	1659.833984375
27.5799999237061	1507.16491699219
27.6000003814697	1602.03247070313
27.6200008392334	1228.51184082031
27.6399993896484	940.296508789063
27.6599998474121	852.076843261719
27.6800003051758	757.5556640625
27.7000007629395	747.800415039063
27.7199993133545	626.12841796875
27.7399997711182	500.842071533203
27.7600002288818	493.78173828125
27.7800006866455	515.215576171875
27.7999992370605	717.827941894531
27.8199996948242	439.240966796875
27.8400001525879	624.915100097656
27.8600006103516	453.350463867188
27.8799991607666	510.960144042969
27.8999996185303	477.697204589844
27.9200000762939	534.6396484375
27.9400005340576	394.254455566406
27.9599990844727	441.669403076172
27.9799995422363	530.602172851563
28	404.069793701172
28.0200004577637	414.678253173828
28.0400009155273	513.371459960938
28.0599994659424	615.865112304688
28.0799999237061	737.175659179688
28.1000003814697	418.430389404297
28.1200008392334	533.368896484375
28.1399993896484	369.148742675781
28.1599998474121	453.921966552734
28.1800003051758	412.265594482422
28.2000007629395	477.2470703125
28.2199993133545	441.566864013672
28.2399997711182	393.494873046875
28.2600002288818	381.593963623047
28.2800006866455	353.538116455078
28.2999992370605	567.927185058594
28.3199996948242	509.35791015625
28.3400001525879	478.055480957031
28.3600006103516	583.636962890625
28.3799991607666	397.896484375
28.3999996185303	385.695770263672
28.4200000762939	413.613952636719
28.4400005340576	417.800231933594
28.4599990844727	448.062652587891
28.4799995422363	479.948425292969
28.5	371.835327148438
28.5200004577637	503.080963134766
28.5400009155273	478.964385986328
28.5599994659424	469.3076171875
28.5799999237061	557.226684570313
28.6000003814697	445.366729736328
28.6200008392334	538.801513671875
28.6399993896484	381.606750488281
28.6599998474121	350.854858398438
28.6800003051758	437.570892333984
28.7000007629395	340.086486816406
28.7199993133545	458.040069580078
28.7399997711182	285.635192871094
28.7600002288818	457.62939453125
28.7800006866455	445.280700683594
28.7999992370605	390.871490478516
28.8199996948242	448.579711914063
28.8400001525879	377.365142822266
28.8600006103516	302.667205810547
28.8799991607666	281.414154052734
28.8999996185303	362.904815673828
28.9200000762939	528.896545410156
28.9400005340576	526.392944335938
28.9599990844727	292.606140136719
28.9799995422363	426.8701171875
29	426.974029541016
29.0200004577637	436.066040039063
29.0400009155273	396.651092529297
29.0599994659424	507.336669921875
29.0799999237061	459.965118408203
29.1000003814697	600.79248046875
29.1200008392334	382.375946044922
29.1399993896484	584.896667480469
29.1599998474121	534.025817871094
29.1800003051758	716.208374023438
29.2000007629395	1056.60168457031
29.2199993133545	1062.0126953125
29.2399997711182	1307.54187011719
29.2600002288818	1178.77001953125
29.2800006866455	1080.54382324219
29.2999992370605	865.808715820313
29.3199996948242	854.195251464844
29.3400001525879	735.36865234375
29.3600006103516	659.962707519531
29.3799991607666	421.350463867188
29.3999996185303	316.551330566406
29.4200000762939	253.9970703125
29.4400005340576	449.067932128906
29.4599990844727	394.513153076172
29.4799995422363	212.705947875977
29.5	364.373687744141
29.5200004577637	386.631530761719
29.5400009155273	332.612030029297
29.5599994659424	357.701354980469
29.5799999237061	268.259033203125
29.6000003814697	335.747406005859
29.6200008392334	364.752410888672
29.6399993896484	207.822219848633
29.6599998474121	417.06396484375
29.6800003051758	364.462280273438
29.7000007629395	243.710220336914
29.7199993133545	261.700042724609
29.7399997711182	346.171264648438
29.7600002288818	316.148468017578
29.7800006866455	385.459350585938
29.7999992370605	237.254058837891
29.8199996948242	229.688766479492
29.8400001525879	392.651550292969
29.8600006103516	296.76708984375
29.8799991607666	365.960205078125
29.8999996185303	381.607757568359
29.9200000762939	294.692596435547
29.9400005340576	322.587646484375
29.9599990844727	300.497253417969
29.9799995422363	331.701263427734
30	321.230224609375
30.0200004577637	277.878448486328
30.0400009155273	361.404022216797
30.0599994659424	324.097106933594
30.0799999237061	246.132431030273
30.1000003814697	189.581024169922
30.1200008392334	328.665649414063
30.1399993896484	349.807556152344
30.1599998474121	315.106109619141
30.1800003051758	195.331680297852
30.2000007629395	221.779907226563
30.2199993133545	170.067733764648
30.2399997711182	226.866790771484
30.2600002288818	314.337707519531
30.2800006866455	286.0166015625
30.2999992370605	176.825775146484
30.3199996948242	262.252655029297
30.3400001525879	322.923919677734
30.3600006103516	327.330841064453
30.3799991607666	349.012756347656
30.3999996185303	297.415588378906
30.4200000762939	390.652618408203
30.4400005340576	295.941864013672
30.4599990844727	398.053771972656
30.4799995422363	328.282104492188
30.5	228.941116333008
30.5200004577637	382.642028808594
30.5400009155273	384.800903320313
30.5599994659424	291.864562988281
30.5799999237061	167.851364135742
30.6000003814697	180.690719604492
30.6200008392334	236.159133911133
30.6399993896484	152.770095825195
30.6599998474121	245.51921081543
30.6800003051758	305.041839599609
30.7000007629395	226.806182861328
30.7199993133545	205.464233398438
30.7399997711182	230.603607177734
30.7600002288818	361.335723876953
30.7800006866455	193.670745849609
30.7999992370605	323.701599121094
30.8199996948242	416.810028076172
30.8400001525879	239.624816894531
30.8600006103516	276.326629638672
30.8799991607666	322.389038085938
30.8999996185303	187.762710571289
30.9200000762939	239.098693847656
30.9400005340576	181.383392333984
30.9599990844727	241.678817749023
30.9799995422363	229.170333862305
31	289.638366699219
31.0200004577637	204.022476196289
31.0400009155273	191.134826660156
31.0599994659424	215.076019287109
31.0799999237061	174.871109008789
31.1000003814697	305.095764160156
31.1200008392334	155.733139038086
31.1399993896484	233.170349121094
31.1599998474121	236.025573730469
31.1800003051758	240.863616943359
31.2000007629395	132.750701904297
31.2199993133545	191.292449951172
31.2399997711182	159.705764770508
31.2600002288818	185.327285766602
31.2800006866455	274.405639648438
31.2999992370605	117.545600891113
31.3199996948242	222.419662475586
31.3400001525879	278.459442138672
31.3600006103516	228.498489379883
31.3799991607666	204.521835327148
31.3999996185303	109.436470031738
31.4200000762939	209.669357299805
31.4400005340576	181.087753295898
31.4599990844727	82.1497802734375
31.4799995422363	226.00666809082
31.5	183.672546386719
31.5200004577637	302.151519775391
31.5400009155273	186.497940063477
31.5599994659424	348.844360351563
31.5799999237061	349.651275634766
31.6000003814697	280.993438720703
31.6200008392334	250.602645874023
31.6399993896484	260.991180419922
31.6599998474121	387.367767333984
31.6800003051758	435.342864990234
31.7000007629395	598.147644042969
31.7199993133545	708.2392578125
31.7399997711182	944.819030761719
31.7600002288818	740.734069824219
31.7800006866455	962.507202148438
31.7999992370605	833.584716796875
31.8199996948242	572.562133789063
31.8400001525879	581.164428710938
31.8600006103516	523.319152832031
31.8799991607666	288.652252197266
31.8999996185303	275.117645263672
31.9200000762939	346.231781005859
31.9400005340576	257.623840332031
31.9599990844727	143.191864013672
31.9799995422363	268.948608398438
32	214.403793334961
32.0200004577637	337.186370849609
32.0400009155273	138.935791015625
32.060001373291	227.498123168945
32.0800018310547	138.766311645508
32.0999984741211	173.569442749023
32.1199989318848	207.435180664063
32.1399993896484	185.773040771484
32.1599998474121	220.441024780273
32.1800003051758	179.984024047852
32.2000007629395	92.2608871459961
32.2200012207031	173.179046630859
32.2400016784668	280.248046875
32.2599983215332	181.258697509766
32.2799987792969	182.532699584961
32.2999992370605	138.287994384766
32.3199996948242	161.999893188477
32.3400001525879	185.962249755859
32.3600006103516	122.378173828125
32.3800010681152	179.330688476563
32.4000015258789	276.327270507813
32.4199981689453	114.255271911621
32.439998626709	226.993362426758
32.4599990844727	130.175430297852
32.4799995422363	222.295196533203
32.5	164.4619140625
32.5200004577637	199.767990112305
32.5400009155273	252.634918212891
32.560001373291	139.095687866211
32.5800018310547	239.813949584961
32.5999984741211	229.883270263672
32.6199989318848	148.210983276367
32.6399993896484	82.2068939208984
32.6599998474121	161.850387573242
32.6800003051758	236.662170410156
32.7000007629395	166.144515991211
32.7200012207031	244.676483154297
32.7400016784668	227.881164550781
32.7599983215332	170.301528930664
32.7799987792969	159.551864624023
32.7999992370605	175.416717529297
32.8199996948242	267.583984375
32.8400001525879	228.851974487305
32.8600006103516	158.506195068359
32.8800010681152	143.431747436523
32.9000015258789	202.382675170898
32.9199981689453	201.564834594727
32.939998626709	189.908660888672
32.9599990844727	180.776443481445
32.9799995422363	126.159301757813
33	161.940490722656
33.0200004577637	129.811828613281
33.0400009155273	295.177673339844
33.060001373291	159.996002197266
33.0800018310547	182.570190429688
33.0999984741211	195.71223449707
33.1199989318848	192.873077392578
33.1399993896484	57.6363563537598
33.1599998474121	134.068466186523
33.1800003051758	240.506210327148
33.2000007629395	186.970840454102
33.2200012207031	171.642822265625
33.2400016784668	183.463394165039
33.2599983215332	192.517272949219
33.2799987792969	124.925979614258
33.2999992370605	135.214859008789
33.3199996948242	127.89234161377
33.3400001525879	143.491333007813
33.3600006103516	130.954025268555
33.3800010681152	125.956596374512
33.4000015258789	160.950942993164
33.4199981689453	198.173370361328
33.439998626709	213.949737548828
33.4599990844727	180.820556640625
33.4799995422363	256.867401123047
33.5	259.182708740234
33.5200004577637	213.663330078125
33.5400009155273	135.961029052734
33.560001373291	56.6993255615234
33.5800018310547	176.074554443359
33.5999984741211	189.433746337891
33.6199989318848	195.94873046875
33.6399993896484	214.227096557617
33.6599998474121	164.752639770508
33.6800003051758	198.466796875
33.7000007629395	142.70295715332
33.7200012207031	206.596160888672
33.7400016784668	214.472076416016
33.7599983215332	111.5146484375
33.7799987792969	170.394134521484
33.7999992370605	273.274719238281
33.8199996948242	120.236457824707
33.8400001525879	143.796432495117
33.8600006103516	175.565841674805
33.8800010681152	171.855987548828
33.9000015258789	0
33.9199981689453	155.799133300781
33.939998626709	195.474044799805
33.9599990844727	188.829635620117
33.9799995422363	303.511901855469
34	195.687561035156
34.0200004577637	83.2663345336914
34.0400009155273	135.556457519531
34.060001373291	134.503677368164
34.0800018310547	101.382484436035
34.0999984741211	169.29443359375
34.1199989318848	286.483306884766
34.1399993896484	192.157562255859
34.1599998474121	141.261596679688
34.1800003051758	183.819305419922
34.2000007629395	184.696273803711
34.2200012207031	135.607711791992
34.2400016784668	244.032852172852
34.2599983215332	247.933776855469
34.2799987792969	282.884460449219
34.2999992370605	204.55012512207
34.3199996948242	164.993606567383
34.3400001525879	226.991775512695
34.3600006103516	282.990783691406
34.3800010681152	524.789306640625
34.4000015258789	332.049896240234
34.4199981689453	415.336456298828
34.439998626709	416.969024658203
34.4599990844727	410.138092041016
34.4799995422363	408.399505615234
34.5	227.639587402344
34.5200004577637	226.23046875
34.5400009155273	255.882690429688
34.560001373291	155.243728637695
34.5800018310547	156.934631347656
34.5999984741211	181.812103271484
34.6199989318848	152.847122192383
34.6399993896484	185.99267578125
34.6599998474121	117.195724487305
34.6800003051758	244.621078491211
34.7000007629395	100.449432373047
34.7200012207031	138.416870117188
34.7400016784668	167.494171142578
34.7599983215332	156.728775024414
34.7799987792969	243.1298828125
34.7999992370605	221.672775268555
34.8199996948242	254.545944213867
34.8400001525879	137.554275512695
34.8600006103516	115.235961914063
34.8800010681152	46.0830841064453
34.9000015258789	125.710121154785
34.9199981689453	159.717208862305
34.939998626709	251.971740722656
34.9599990844727	125.050445556641
34.9799995422363	235.163238525391
35	81.5788955688477
35.0200004577637	145.166580200195
35.0400009155273	163.642395019531
35.060001373291	89.9850692749023
35.0800018310547	229.164459228516
35.0999984741211	60.3835487365723
35.1199989318848	144.671813964844
35.1399993896484	56.7075653076172
35.1599998474121	96.8473587036133
35.1800003051758	120.99927520752
35.2000007629395	127.5234375
35.2200012207031	201.586059570313
35.2400016784668	127.755928039551
35.2599983215332	111.150894165039
35.2799987792969	79.8519744873047
35.2999992370605	152.641067504883
35.3199996948242	208.14680480957
35.3400001525879	192.976806640625
35.3600006103516	189.239486694336
35.3800010681152	199.482238769531
35.4000015258789	199.728088378906
35.4199981689453	108.559135437012
35.439998626709	68.1716995239258
35.4599990844727	81.1517486572266
35.4799995422363	102.483955383301
35.5	196.117385864258
35.5200004577637	113.932174682617
35.5400009155273	133.346145629883
35.560001373291	69.4923553466797
35.5800018310547	74.7095336914063
35.5999984741211	216.898880004883
35.6199989318848	93.0077972412109
35.6399993896484	115.938163757324
35.6599998474121	114.114265441895
35.6800003051758	89.2090835571289
35.7000007629395	91.8398056030273
35.7200012207031	92.0868377685547
35.7400016784668	118.252960205078
35.7599983215332	93.7094039916992
35.7799987792969	141.038848876953
35.7999992370605	187.13671875
35.8199996948242	162.785446166992
35.8400001525879	241.314392089844
35.8600006103516	120.775718688965
35.8800010681152	98.5634765625
35.9000015258789	175.192443847656
35.9199981689453	257.236999511719
35.939998626709	123.143463134766
35.9599990844727	126.118583679199
35.9799995422363	111.102508544922
36	234.69189453125
36.0200004577637	139.476928710938
36.0400009155273	109.502166748047
36.060001373291	241.403015136719
36.0800018310547	235.410308837891
36.0999984741211	173.707611083984
36.1199989318848	221.751251220703
36.1399993896484	238.72200012207
36.1599998474121	368.867218017578
36.1800003051758	736.453063964844
36.2000007629395	1011.80645751953
36.2200012207031	1317.71447753906
36.2400016784668	948.733093261719
36.2599983215332	898.787658691406
36.2799987792969	1011.376953125
36.2999992370605	691.701477050781
36.3199996948242	643.434631347656
36.3400001525879	569.913024902344
36.3600006103516	467.407012939453
36.3800010681152	363.110961914063
36.4000015258789	203.747055053711
36.4199981689453	201.484924316406
36.439998626709	147.062942504883
36.4599990844727	214.8515625
36.4799995422363	245.261535644531
36.5	146.99365234375
36.5200004577637	124.207611083984
36.5400009155273	104.919288635254
36.560001373291	156.038146972656
36.5800018310547	156.96809387207
36.5999984741211	196.957229614258
36.6199989318848	74.5795593261719
36.6399993896484	128.951812744141
36.6599998474121	167.741928100586
36.6800003051758	64.7379150390625
36.7000007629395	141.314529418945
36.7200012207031	155.279663085938
36.7400016784668	312.086181640625
36.7599983215332	120.070304870605
36.7799987792969	13.404447555542
36.7999992370605	212.592361450195
36.8199996948242	42.435920715332
36.8400001525879	143.490631103516
36.8600006103516	111.287971496582
36.8800010681152	94.062126159668
36.9000015258789	110.156074523926
36.9199981689453	73.9962387084961
36.939998626709	91.6531829833984
36.9599990844727	122.781387329102
36.9799995422363	30.9883346557617
37	186.390060424805
37.0200004577637	119.923667907715
37.0400009155273	18.5916614532471
37.060001373291	124.846267700195
37.0800018310547	148.396377563477
37.0999984741211	186.452255249023
37.1199989318848	125.169464111328
37.1399993896484	112.624412536621
37.1599998474121	163.265640258789
37.1800003051758	58.3763313293457
37.2000007629395	82.6542129516602
37.2200012207031	120.726470947266
37.2400016784668	169.820816040039
37.2599983215332	142.251647949219
37.2799987792969	143.140991210938
37.2999992370605	224.984893798828
37.3199996948242	168.785171508789
37.3400001525879	90.5666885375977
37.3600006103516	18.5964221954346
37.3800010681152	142.340698242188
37.4000015258789	51.5342292785645
37.4199981689453	162.711441040039
37.439998626709	124.841941833496
37.4599990844727	124.388557434082
37.4799995422363	116.69344329834
37.5	173.147033691406
37.5200004577637	126.33113861084
37.5400009155273	161.706909179688
37.560001373291	307.720092773438
37.5800018310547	216.460983276367
37.5999984741211	184.451263427734
37.6199989318848	128.034790039063
37.6399993896484	184.636383056641
37.6599998474121	68.2625732421875
37.6800003051758	91.5839767456055
37.7000007629395	86.2240142822266
37.7200012207031	57.7793006896973
37.7400016784668	72.6424331665039
37.7599983215332	162.312835693359
37.7799987792969	184.188217163086
37.7999992370605	77.2479858398438
37.8199996948242	68.2064361572266
37.8400001525879	94.1635818481445
37.8600006103516	107.56795501709
37.8800010681152	179.047134399414
37.9000015258789	124.199523925781
37.9199981689453	124.67699432373
37.939998626709	60.3620414733887
37.9599990844727	130.453079223633
37.9799995422363	196.7841796875
38	141.094543457031
38.0200004577637	127.220207214355
38.0400009155273	123.615570068359
38.060001373291	143.637710571289
38.0800018310547	129.86833190918
38.0999984741211	180.269790649414
38.1199989318848	121.459594726563
38.1399993896484	239.245681762695
38.1599998474121	177.501434326172
38.1800003051758	133.123962402344
38.2000007629395	242.357818603516
38.2200012207031	267.329528808594
38.2400016784668	380.921478271484
38.2599983215332	297.170745849609
38.2799987792969	249.727981567383
38.2999992370605	174.022216796875
38.3199996948242	238.773300170898
38.3400001525879	316.460632324219
38.3600006103516	264.669677734375
38.3800010681152	275.194519042969
38.4000015258789	199.494110107422
38.4199981689453	168.27131652832
38.439998626709	160.483352661133
38.4599990844727	138.903045654297
38.4799995422363	94.8892211914063
38.5	100.320190429688
38.5200004577637	176.884979248047
38.5400009155273	180.916290283203
38.560001373291	241.361740112305
38.5800018310547	148.120971679688
38.5999984741211	98.0588302612305
38.6199989318848	174.184707641602
38.6399993896484	171.780838012695
38.6599998474121	97.3967590332031
38.6800003051758	91.5860366821289
38.7000007629395	127.937316894531
38.7200012207031	104.025840759277
38.7400016784668	148.467315673828
38.7599983215332	169.44807434082
38.7799987792969	137.462371826172
38.7999992370605	49.1693458557129
38.8199996948242	123.028167724609
38.8400001525879	93.5934143066406
38.8600006103516	97.3037338256836
38.8800010681152	89.7205505371094
38.9000015258789	108.35863494873
38.9199981689453	72.9124298095703
38.939998626709	81.3898391723633
38.9599990844727	188.883331298828
38.9799995422363	164.499969482422
39	193.538879394531
39.0200004577637	148.778228759766
39.0400009155273	211.386276245117
39.060001373291	210.835815429688
39.0800018310547	32.7770881652832
39.0999984741211	124.312683105469
39.1199989318848	308.586761474609
39.1399993896484	62.826042175293
39.1599998474121	175.83918762207
39.1800003051758	83.4233856201172
39.2000007629395	141.328491210938
39.2200012207031	222.380523681641
39.2400016784668	162.241806030273
39.2599983215332	195.804641723633
39.2799987792969	99.137092590332
39.2999992370605	91.725341796875
39.3199996948242	56.2177963256836
39.3400001525879	101.07820892334
39.3600006103516	31.5465354919434
39.3800010681152	148.958938598633
39.4000015258789	155.200698852539
39.4199981689453	126.011199951172
39.439998626709	26.1546669006348
39.4599990844727	131.063323974609
39.4799995422363	210.781326293945
39.5	175.214797973633
39.5200004577637	24.1178531646729
39.5400009155273	201.864807128906
39.560001373291	161.325241088867
39.5800018310547	155.771621704102
39.5999984741211	111.307922363281
39.6199989318848	244.279281616211
39.6399993896484	155.183837890625
39.6599998474121	106.60961151123
39.6800003051758	139.498168945313
39.7000007629395	134.619567871094
39.7200012207031	114.389015197754
39.7400016784668	294.138214111328
39.7599983215332	106.053421020508
39.7799987792969	128.183746337891
39.7999992370605	84.6227874755859
39.8199996948242	113.190612792969
39.8400001525879	0.018586777150631
39.8600006103516	69.3741989135742
39.8800010681152	56.8366889953613
39.9000015258789	75.6400604248047
39.9199981689453	180.746063232422
39.939998626709	154.994171142578
39.9599990844727	58.2712669372559
39.9799995422363	188.816101074219
40	106.869491577148
40.0200004577637	51.5294914245605
40.0400009155273	40.2361640930176
40.060001373291	186.940689086914
40.0800018310547	193.707992553711
40.0999984741211	250.544509887695
40.1199989318848	275.700134277344
40.1399993896484	135.98127746582
40.1599998474121	98.849739074707
40.1800003051758	201.172027587891
40.2000007629395	114.019035339355
40.2200012207031	204.584686279297
40.2400016784668	256.694885253906
40.2599983215332	246.312103271484
40.2799987792969	376.890472412109
40.2999992370605	306.20458984375
40.3199996948242	512.374267578125
40.3400001525879	550.310302734375
40.3600006103516	624.390258789063
40.3800010681152	830.564208984375
40.4000015258789	1037.23852539063
40.4199981689453	1147.77490234375
40.439998626709	1166.96667480469
40.4599990844727	947.477600097656
40.4799995422363	954.571655273438
40.5	842.414123535156
40.5200004577637	686.55859375
40.5400009155273	752.824890136719
40.560001373291	676.332214355469
40.5800018310547	488.926605224609
40.5999984741211	314.434387207031
40.6199989318848	249.816024780273
40.6399993896484	191.413528442383
40.6599998474121	280.980560302734
40.6800003051758	196.998321533203
40.7000007629395	203.74201965332
40.7200012207031	216.696166992188
40.7400016784668	172.852645874023
40.7599983215332	199.727523803711
40.7799987792969	199.518173217773
40.7999992370605	199.149261474609
40.8199996948242	236.061706542969
40.8400001525879	234.106414794922
40.8600006103516	146.881378173828
40.8800010681152	278.110778808594
40.9000015258789	193.269073486328
40.9199981689453	71.1933670043945
40.939998626709	130.115219116211
40.9599990844727	156.343276977539
40.9799995422363	171.232864379883
41	79.2009658813477
41.0200004577637	203.206390380859
41.0400009155273	187.981170654297
41.060001373291	95.3606033325195
41.0800018310547	259.84033203125
41.0999984741211	214.925277709961
41.1199989318848	84.5478439331055
41.1399993896484	198.052642822266
41.1599998474121	59.0264511108398
41.1800003051758	100.665069580078
41.2000007629395	238.062210083008
41.2200012207031	219.511871337891
41.2400016784668	111.664176940918
41.2599983215332	154.067779541016
41.2799987792969	213.784484863281
41.2999992370605	162.588638305664
41.3199996948242	218.977172851563
41.3400001525879	162.012405395508
41.3600006103516	161.011688232422
41.3800010681152	108.421417236328
41.4000015258789	181.277694702148
41.4199981689453	236.374465942383
41.439998626709	26.0222091674805
41.4599990844727	183.378051757813
41.4799995422363	178.424026489258
41.5	197.325469970703
41.5200004577637	199.112930297852
41.5400009155273	279.765380859375
41.560001373291	373.481384277344
41.5800018310547	473.904357910156
41.5999984741211	532.431518554688
41.6199989318848	497.428802490234
41.6399993896484	708.658996582031
41.6599998474121	739.038208007813
41.6800003051758	854.936950683594
41.7000007629395	875.970642089844
41.7200012207031	1305.24182128906
41.7400016784668	2353.70556640625
41.7599983215332	4344.6064453125
41.7799987792969	8888.0390625
41.7999992370605	9704.640625
41.8199996948242	6668.10546875
41.8400001525879	5211.90625
41.8600006103516	4460.0478515625
41.8800010681152	5038.53466796875
41.9000015258789	5761.5732421875
41.9199981689453	4281.45849609375
41.939998626709	3078.14916992188
41.9599990844727	2719.3876953125
41.9799995422363	1253.48571777344
42	783.656677246094
42.0200004577637	570.870849609375
42.0400009155273	463.527160644531
42.060001373291	345.252075195313
42.0800018310547	366.242401123047
42.0999984741211	364.727935791016
42.1199989318848	198.799209594727
42.1399993896484	359.209686279297
42.1599998474121	239.23518371582
42.1800003051758	277.427276611328
42.2000007629395	207.784591674805
42.2200012207031	233.280059814453
42.2400016784668	188.079528808594
42.2599983215332	258.617584228516
42.2799987792969	157.440765380859
42.2999992370605	155.114364624023
42.3199996948242	93.0817184448242
42.3400001525879	109.670333862305
42.3600006103516	142.427459716797
42.3800010681152	68.3811111450195
42.4000015258789	63.0373840332031
42.4199981689453	112.969665527344
42.439998626709	125.030380249023
42.4599990844727	133.915817260742
42.4799995422363	119.916442871094
42.5	139.009216308594
42.5200004577637	70.7221374511719
42.5400009155273	307.825500488281
42.560001373291	132.305679321289
42.5800018310547	249.217803955078
42.5999984741211	99.7101898193359
42.6199989318848	218.566162109375
42.6399993896484	250.005676269531
42.6599998474121	161.175537109375
42.6800003051758	86.0725708007813
42.7000007629395	216.372955322266
42.7200012207031	136.688110351563
42.7400016784668	152.568756103516
42.7599983215332	176.335922241211
42.7799987792969	42.9199523925781
42.7999992370605	136.63786315918
42.8199996948242	103.325439453125
42.8400001525879	131.665512084961
42.8600006103516	88.1734313964844
42.8800010681152	120.046287536621
42.9000015258789	227.573974609375
42.9199981689453	112.121505737305
42.939998626709	108.984580993652
42.9599990844727	125.712181091309
42.9799995422363	127.64315032959
43	132.551498413086
43.0200004577637	104.361488342285
43.0400009155273	110.669593811035
43.060001373291	208.104461669922
43.0800018310547	212.280853271484
43.0999984741211	117.247047424316
43.1199989318848	256.476348876953
43.1399993896484	229.5830078125
43.1599998474121	227.646896362305
43.1800003051758	130.884429931641
43.2000007629395	176.949508666992
43.2200012207031	190.739898681641
43.2400016784668	135.263000488281
43.2599983215332	182.172088623047
43.2799987792969	340.419677734375
43.2999992370605	204.212249755859
43.3199996948242	377.877136230469
43.3400001525879	279.896270751953
43.3600006103516	336.060302734375
43.3800010681152	288.873626708984
43.4000015258789	255.779602050781
43.4199981689453	130.735931396484
43.439998626709	166.722625732422
43.4599990844727	316.68603515625
43.4799995422363	133.878692626953
43.5	115.936813354492
43.5200004577637	61.9501495361328
43.5400009155273	265.033172607422
43.560001373291	162.089111328125
43.5800018310547	140.845779418945
43.5999984741211	162.283493041992
43.6199989318848	108.432579040527
43.6399993896484	147.02848815918
43.6599998474121	274.030517578125
43.6800003051758	154.483978271484
43.7000007629395	88.0494079589844
43.7200012207031	187.093490600586
43.7400016784668	34.6927642822266
43.7599983215332	64.181510925293
43.7799987792969	93.5943908691406
43.7999992370605	197.22314453125
43.8199996948242	64.8333206176758
43.8400001525879	319.282318115234
43.8600006103516	126.010780334473
43.8800010681152	209.535614013672
43.9000015258789	205.309829711914
43.9199981689453	76.7397003173828
43.939998626709	176.930099487305
43.9599990844727	128.021224975586
43.9799995422363	106.975517272949
44	101.192527770996
44.0200004577637	217.898864746094
44.0400009155273	67.3804931640625
44.060001373291	99.1363677978516
44.0800018310547	100.928146362305
44.0999984741211	134.149658203125
44.1199989318848	97.855224609375
44.1399993896484	104.001182556152
44.1599998474121	141.908920288086
44.1800003051758	264.363861083984
44.2000007629395	234.07405090332
44.2200012207031	173.972045898438
44.2400016784668	169.402038574219
44.2599983215332	159.430725097656
44.2799987792969	131.657806396484
44.2999992370605	147.906768798828
44.3199996948242	128.781311035156
44.3400001525879	109.189338684082
44.3600006103516	132.700149536133
44.3800010681152	263.21630859375
44.4000015258789	92.9287490844727
44.4199981689453	208.437255859375
44.439998626709	159.238586425781
44.4599990844727	168.453536987305
44.4799995422363	171.657745361328
44.5	233.400238037109
44.5200004577637	168.267013549805
44.5400009155273	99.9288864135742
44.560001373291	173.187103271484
44.5800018310547	164.458389282227
44.5999984741211	147.825592041016
44.6199989318848	65.478515625
44.6399993896484	119.033355712891
44.6599998474121	137.248352050781
44.6800003051758	157.643417358398
44.7000007629395	112.958892822266
44.7200012207031	129.482009887695
44.7400016784668	58.2182998657227
44.7599983215332	140.200637817383
44.7799987792969	189.543182373047
44.7999992370605	122.276626586914
44.8199996948242	140.184707641602
44.8400001525879	112.739730834961
44.8600006103516	177.681991577148
44.8800010681152	175.1953125
44.9000015258789	101.500183105469
44.9199981689453	85.7729415893555
44.939998626709	142.940658569336
44.9599990844727	177.338363647461
44.9799995422363	146.7099609375
45	89.3785705566406
45.0200004577637	121.989234924316
45.0400009155273	84.4100646972656
45.060001373291	86.9523849487305
45.0800018310547	109.277763366699
45.0999984741211	116.832107543945
45.1199989318848	262.155975341797
45.1399993896484	159.618072509766
45.1599998474121	154.423828125
45.1800003051758	232.439071655273
45.2000007629395	202.459564208984
45.2200012207031	27.933219909668
45.2400016784668	97.9795837402344
45.2599983215332	132.684600830078
45.2799987792969	93.0242538452148
45.2999992370605	71.8458709716797
45.3199996948242	115.347236633301
45.3400001525879	106.913696289063
45.3600006103516	135.076126098633
45.3800010681152	101.804862976074
45.4000015258789	148.937164306641
45.4199981689453	90.0376281738281
45.439998626709	146.989562988281
45.4599990844727	98.5194549560547
45.4799995422363	99.0836944580078
45.5	164.100036621094
45.5200004577637	119.629249572754
45.5400009155273	210.795959472656
45.560001373291	13.3196506500244
45.5800018310547	190.838333129883
45.5999984741211	135.358306884766
45.6199989318848	106.940132141113
45.6399993896484	219.191696166992
45.6599998474121	156.50749206543
45.6800003051758	106.195785522461
45.7000007629395	178.03759765625
45.7200012207031	196.715270996094
45.7400016784668	62.2898216247559
45.7599983215332	96.2859725952148
45.7799987792969	152.713851928711
45.7999992370605	185.968811035156
45.8199996948242	160.726501464844
45.8400001525879	227.148513793945
45.8600006103516	230.809661865234
45.8800010681152	62.2787971496582
45.9000015258789	220.750885009766
45.9199981689453	161.666580200195
45.939998626709	57.9629707336426
45.9599990844727	140.018341064453
45.9799995422363	119.605575561523
46	178.078582763672
46.0200004577637	97.7204666137695
46.0400009155273	80.7795639038086
46.060001373291	143.085815429688
46.0800018310547	72.6734085083008
46.0999984741211	128.804702758789
46.1199989318848	148.456283569336
46.1399993896484	234.897994995117
46.1599998474121	83.2749328613281
46.1800003051758	225.603485107422
46.2000007629395	99.9985198974609
46.2200012207031	184.977081298828
46.2400016784668	165.01252746582
46.2599983215332	102.421691894531
46.2799987792969	213.128936767578
46.2999992370605	10.5017347335815
46.3199996948242	119.813041687012
46.3400001525879	62.2065277099609
46.3600006103516	182.13200378418
46.3800010681152	159.680404663086
46.4000015258789	92.5723266601563
46.4199981689453	102.55054473877
46.439998626709	227.487213134766
46.4599990844727	205.478775024414
46.4799995422363	81.5499725341797
46.5	117.856231689453
46.5200004577637	183.883163452148
46.5400009155273	30.1081371307373
46.560001373291	80.2529067993164
46.5800018310547	172.741683959961
46.5999984741211	120.128860473633
46.6199989318848	183.017913818359
46.6399993896484	165.304077148438
46.6599998474121	132.392593383789
46.6800003051758	90.3779373168945
46.7000007629395	125.088706970215
46.7200012207031	99.7765197753906
46.7400016784668	158.202743530273
46.7599983215332	141.265502929688
46.7799987792969	110.39835357666
46.7999992370605	10.6544733047485
46.8199996948242	97.3142166137695
46.8400001525879	150.885299682617
46.8600006103516	210.551422119141
46.8800010681152	198.359222412109
46.9000015258789	138.249862670898
46.9199981689453	144.069610595703
46.939998626709	233.576049804688
46.9599990844727	151.586410522461
46.9799995422363	139.593170166016
47	204.607727050781
47.0200004577637	255.83056640625
47.0400009155273	265.275421142578
47.060001373291	210.765289306641
47.0800018310547	206.14860534668
47.0999984741211	213.100891113281
47.1199989318848	170.019622802734
47.1399993896484	94.911003112793
47.1599998474121	150.837280273438
47.1800003051758	161.086761474609
47.2000007629395	71.4956817626953
47.2200012207031	198.539581298828
47.2400016784668	124.426788330078
47.2599983215332	139.108245849609
47.2799987792969	180.682067871094
47.2999992370605	142.00666809082
47.3199996948242	129.257568359375
47.3400001525879	132.264999389648
47.3600006103516	70.4469680786133
47.3800010681152	202.742965698242
47.4000015258789	170.152786254883
47.4199981689453	149.430206298828
47.439998626709	159.605865478516
47.4599990844727	128.45100402832
47.4799995422363	280.903778076172
47.5	333.978912353516
47.5200004577637	279.755706787109
47.5400009155273	280.1376953125
47.560001373291	173.276657104492
47.5800018310547	199.496719360352
47.5999984741211	253.176879882813
47.6199989318848	340.205444335938
47.6399993896484	140.590682983398
47.6599998474121	188.967391967773
47.6800003051758	176.184234619141
47.7000007629395	145.163467407227
47.7200012207031	160.521667480469
47.7400016784668	186.160522460938
47.7599983215332	67.4326934814453
47.7799987792969	191.710708618164
47.7999992370605	95.3701095581055
47.8199996948242	174.860107421875
47.8400001525879	164.531051635742
47.8600006103516	120.87190246582
47.8800010681152	94.1012344360352
47.9000015258789	81.2091598510742
47.9199981689453	121.650680541992
47.939998626709	169.261306762695
47.9599990844727	142.734436035156
47.9799995422363	95.4906997680664
48	262.051910400391
48.0200004577637	53.2346038818359
48.0400009155273	113.227882385254
48.060001373291	131.975891113281
48.0800018310547	199.363327026367
48.0999984741211	177.199813842773
48.1199989318848	150.332992553711
48.1399993896484	243.684280395508
48.1599998474121	199.753601074219
48.1800003051758	129.059783935547
48.2000007629395	171.698776245117
48.2200012207031	119.819526672363
48.2400016784668	178.145568847656
48.2599983215332	45.581729888916
48.2799987792969	132.837142944336
48.2999992370605	135.674682617188
48.3199996948242	172.309448242188
48.3400001525879	96.3392715454102
48.3600006103516	98.1714859008789
48.3800010681152	134.093200683594
48.4000015258789	84.3965301513672
48.4199981689453	191.275894165039
48.439998626709	132.114364624023
48.4599990844727	212.418441772461
48.4799995422363	158.087799072266
48.5	11.0667352676392
48.5200004577637	124.309059143066
48.5400009155273	200.822128295898
48.560001373291	75.8955001831055
48.5800018310547	153.924530029297
48.5999984741211	138.370193481445
48.6199989318848	129.817321777344
48.6399993896484	81.1743316650391
48.6599998474121	170.764038085938
48.6800003051758	105.608047485352
48.7000007629395	82.3233947753906
48.7200012207031	145.021514892578
48.7400016784668	231.82861328125
48.7599983215332	180.142181396484
48.7799987792969	149.621871948242
48.7999992370605	74.7333908081055
48.8199996948242	126.594291687012
48.8400001525879	247.743377685547
48.8600006103516	163.493743896484
48.8800010681152	141.557800292969
48.9000015258789	54.8628349304199
48.9199981689453	73.4022903442383
48.939998626709	105.826438903809
48.9599990844727	170.314895629883
48.9799995422363	168.236572265625
49	169.054260253906
49.0200004577637	284.316558837891
49.0400009155273	98.5653839111328
49.060001373291	58.1200904846191
49.0800018310547	186.079513549805
49.0999984741211	143.29426574707
49.1199989318848	211.39567565918
49.1399993896484	171.995697021484
49.1599998474121	189.342163085938
49.1800003051758	256.929656982422
49.2000007629395	320.581359863281
49.2200012207031	250.250396728516
49.2400016784668	381.061279296875
49.2599983215332	464.092407226563
49.2799987792969	475.935150146484
49.2999992370605	523.318969726563
49.3199996948242	556.500793457031
49.3400001525879	685.757751464844
49.3600006103516	801.788146972656
49.3800010681152	1171.99340820313
49.4000015258789	1666.37353515625
49.4199981689453	3569.58618164063
49.439998626709	6495.94677734375
49.4599990844727	6979.7548828125
49.4799995422363	5042.6884765625
49.5	3488.30444335938
49.5200004577637	2705.92041015625
49.5400009155273	2656.29272460938
49.560001373291	3120.91186523438
49.5800018310547	4414.07421875
49.5999984741211	3864.87744140625
49.6199989318848	2638.98876953125
49.6399993896484	2011.03186035156
49.6599998474121	1399.63989257813
49.6800003051758	1045.22766113281
49.7000007629395	645.966369628906
49.7200012207031	541.4716796875
49.7400016784668	429.824127197266
49.7599983215332	427.636413574219
49.7799987792969	306.670593261719
49.7999992370605	493.549255371094
49.8199996948242	264.453826904297
49.8400001525879	267.667541503906
49.8600006103516	207.453491210938
49.8800010681152	238.632537841797
49.9000015258789	261.872833251953
49.9199981689453	173.195526123047
49.939998626709	176.131774902344
49.9599990844727	134.810043334961
49.9799995422363	115.462303161621
50	239.629486083984
50.0200004577637	174.509719848633
50.0400009155273	220.195083618164
50.060001373291	252.228622436523
50.0800018310547	168.752166748047
50.0999984741211	166.996185302734
50.1199989318848	328.044097900391
50.1399993896484	200.407333374023
50.1599998474121	126.88939666748
50.1800003051758	140.798431396484
50.2000007629395	73.9142227172852
50.2200012207031	112.429222106934
50.2400016784668	133.437484741211
50.2599983215332	101.645637512207
50.2799987792969	247.385177612305
50.2999992370605	129.629745483398
50.3199996948242	45.5589828491211
50.3400001525879	201.559799194336
50.3600006103516	124.008903503418
50.3800010681152	225.08430480957
50.4000015258789	142.995620727539
50.4199981689453	246.106796264648
50.439998626709	127.507041931152
50.4599990844727	141.481811523438
50.4799995422363	90.7118225097656
50.5	178.891387939453
50.5200004577637	123.231254577637
50.5400009155273	74.2573394775391
50.560001373291	185.23974609375
50.5800018310547	190.803833007813
50.5999984741211	148.760192871094
50.6199989318848	136.301086425781
50.6399993896484	215.589706420898
50.6599998474121	109.144577026367
50.6800003051758	109.910987854004
50.7000007629395	66.5368118286133
50.7200012207031	200.922714233398
50.7400016784668	208.419937133789
50.7599983215332	131.28108215332
50.7799987792969	180.731460571289
50.7999992370605	195.175415039063
50.8199996948242	211.165618896484
50.8400001525879	272.677703857422
50.8600006103516	264.019287109375
50.8800010681152	115.037078857422
50.9000015258789	94.9851989746094
50.9199981689453	82.6259994506836
50.939998626709	133.497283935547
50.9599990844727	186.048385620117
50.9799995422363	71.6011199951172
51	84.999137878418
51.0200004577637	165.761032104492
51.0400009155273	216.213760375977
51.060001373291	195.968978881836
51.0800018310547	161.864776611328
51.0999984741211	163.521667480469
51.1199989318848	179.259796142578
51.1399993896484	156.791152954102
51.1599998474121	132.562347412109
51.1800003051758	174.040771484375
51.2000007629395	190.167266845703
51.2200012207031	182.339324951172
51.2400016784668	184.333969116211
51.2599983215332	167.194473266602
51.2799987792969	256.4453125
51.2999992370605	31.9396553039551
51.3199996948242	179.503036499023
51.3400001525879	135.595275878906
51.3600006103516	94.3535385131836
51.3800010681152	105.277687072754
51.4000015258789	186.873886108398
51.4199981689453	176.770812988281
51.439998626709	141.914657592773
51.4599990844727	121.776908874512
51.4799995422363	64.9985580444336
51.5	35.6275978088379
51.5200004577637	172.07453918457
51.5400009155273	59.3107109069824
51.560001373291	169.900817871094
51.5800018310547	97.4644241333008
51.5999984741211	132.995681762695
51.6199989318848	120.882530212402
51.6399993896484	83.6028442382813
51.6599998474121	195.113739013672
51.6800003051758	190.369598388672
51.7000007629395	128.652160644531
51.7200012207031	205.983459472656
51.7400016784668	194.263961791992
51.7599983215332	336.846923828125
51.7799987792969	422.305938720703
51.7999992370605	554.698181152344
51.8199996948242	769.806213378906
51.8400001525879	534.706665039063
51.8600006103516	372.838348388672
51.8800010681152	299.056945800781
51.9000015258789	217.83283996582
51.9199981689453	416.952392578125
51.939998626709	456.237335205078
51.9599990844727	554.695190429688
51.9799995422363	305.235534667969
52	256.140289306641
52.0200004577637	123.986320495605
52.0400009155273	204.095794677734
52.060001373291	190.774841308594
52.0800018310547	264.461639404297
52.0999984741211	185.467910766602
52.1199989318848	227.393493652344
52.1399993896484	251.815902709961
52.1599998474121	147.212783813477
52.1800003051758	135.950286865234
52.2000007629395	163.94580078125
52.2200012207031	144.279663085938
52.2400016784668	63.4487075805664
52.2599983215332	115.127014160156
52.2799987792969	184.339233398438
52.2999992370605	158.279647827148
52.3199996948242	99.1683731079102
52.3400001525879	274.048095703125
52.3600006103516	174.597122192383
52.3800010681152	177.943954467773
52.4000015258789	139.054565429688
52.4199981689453	150.981414794922
52.439998626709	131.266464233398
52.4599990844727	107.019218444824
52.4799995422363	220.549880981445
52.5	169.855743408203
52.5200004577637	171.879684448242
52.5400009155273	168.928863525391
52.560001373291	165.837997436523
52.5800018310547	153.254531860352
52.5999984741211	160.095642089844
52.6199989318848	217.126571655273
52.6399993896484	209.798400878906
52.6599998474121	112.845878601074
52.6800003051758	171.334411621094
52.7000007629395	145.5576171875
52.7200012207031	200.337921142578
52.7400016784668	44.1341819763184
52.7599983215332	182.179840087891
52.7799987792969	112.212852478027
52.7999992370605	0
52.8199996948242	223.125885009766
52.8400001525879	80.4647216796875
52.8600006103516	228.053924560547
52.8800010681152	44.2537841796875
52.9000015258789	156.541580200195
52.9199981689453	228.360595703125
52.939998626709	150.194366455078
52.9599990844727	147.14892578125
52.9799995422363	153.685455322266
53	146.219223022461
53.0200004577637	214.084014892578
53.0400009155273	172.768203735352
53.060001373291	147.423217773438
53.0800018310547	101.707527160645
53.0999984741211	123.135665893555
53.1199989318848	194.189895629883
53.1399993896484	164.732162475586
53.1599998474121	212.243591308594
53.1800003051758	105.217430114746
53.2000007629395	241.702850341797
53.2200012207031	182.307113647461
53.2400016784668	49.8782081604004
53.2599983215332	39.1574249267578
53.2799987792969	41.9982452392578
53.2999992370605	158.386383056641
53.3199996948242	186.866790771484
53.3400001525879	100.10262298584
53.3600006103516	227.052719116211
53.3800010681152	101.284782409668
53.4000015258789	146.824630737305
53.4199981689453	118.273544311523
53.439998626709	118.263145446777
53.4599990844727	204.910079956055
53.4799995422363	152.939376831055
53.5	149.005767822266
53.5200004577637	132.804748535156
53.5400009155273	269.480529785156
53.560001373291	255.807464599609
53.5800018310547	190.799926757813
53.5999984741211	72.9662475585938
53.6199989318848	177.109481811523
53.6399993896484	201.905883789063
53.6599998474121	194.798797607422
53.6800003051758	157.019073486328
53.7000007629395	76.5999450683594
53.7200012207031	95.3314361572266
53.7400016784668	187.332260131836
53.7599983215332	147.719512939453
53.7799987792969	157.637145996094
53.7999992370605	171.863632202148
53.8199996948242	129.091674804688
53.8400001525879	160.995544433594
53.8600006103516	117.556930541992
53.8800010681152	170.324447631836
53.9000015258789	188.480758666992
53.9199981689453	175.550720214844
53.939998626709	216.456787109375
53.9599990844727	191.417175292969
53.9799995422363	217.359878540039
54	170.958450317383
54.0200004577637	51.1715965270996
54.0400009155273	196.522186279297
54.060001373291	51.7948722839355
54.0800018310547	71.5237121582031
54.0999984741211	209.059020996094
54.1199989318848	139.975509643555
54.1399993896484	87.3619689941406
54.1599998474121	76.151008605957
54.1800003051758	197.300216674805
54.2000007629395	230.191955566406
54.2200012207031	141.323303222656
54.2400016784668	199.125961303711
54.2599983215332	212.989486694336
54.2799987792969	114.014778137207
54.2999992370605	142.5947265625
54.3199996948242	176.435729980469
54.3400001525879	112.968406677246
54.3600006103516	138.105133056641
54.3800010681152	101.351600646973
54.4000015258789	81.6314926147461
54.4199981689453	196.280715942383
54.439998626709	258.851043701172
54.4599990844727	177.071029663086
54.4799995422363	99.341926574707
54.5	150.318420410156
54.5200004577637	91.4904861450195
54.5400009155273	116.399749755859
54.560001373291	218.804901123047
54.5800018310547	170.890289306641
54.5999984741211	129.995864868164
54.6199989318848	221.375
54.6399993896484	54.1191940307617
54.6599998474121	224.773101806641
54.6800003051758	185.255645751953
54.7000007629395	194.881317138672
54.7200012207031	148.630020141602
54.7400016784668	245.257263183594
54.7599983215332	108.836936950684
54.7799987792969	83.7237014770508
54.7999992370605	91.7795562744141
54.8199996948242	104.405113220215
54.8400001525879	119.974342346191
54.8600006103516	279.7021484375
54.8800010681152	197.307647705078
54.9000015258789	223.333389282227
54.9199981689453	140.338165283203
54.939998626709	218.413162231445
54.9599990844727	160.591232299805
54.9799995422363	159.939270019531
55	227.652130126953
55.0200004577637	135.668090820313
55.0400009155273	25.1900215148926
55.060001373291	257.095825195313
55.0800018310547	171.454177856445
55.0999984741211	175.50634765625
55.1199989318848	145.901885986328
55.1399993896484	213.707626342773
55.1599998474121	144.410751342773
55.1800003051758	200.947662353516
55.2000007629395	112.649169921875
55.2200012207031	242.724151611328
55.2400016784668	109.197769165039
55.2599983215332	196.717971801758
55.2799987792969	203.080932617188
55.2999992370605	190.038986206055
55.3199996948242	119.722351074219
55.3400001525879	168.155853271484
55.3600006103516	82.0434722900391
55.3800010681152	194.026596069336
55.4000015258789	134.374359130859
55.4199981689453	224.274627685547
55.439998626709	125.709053039551
55.4599990844727	197.309036254883
55.4799995422363	145.613967895508
55.5	80.3120422363281
55.5200004577637	120.659812927246
55.5400009155273	167.62077331543
55.560001373291	175.546340942383
55.5800018310547	191.651245117188
55.5999984741211	94.1316986083984
55.6199989318848	200.169555664063
55.6399993896484	193.9267578125
55.6599998474121	198.900543212891
55.6800003051758	98.5561294555664
55.7000007629395	201.483947753906
55.7200012207031	221.963684082031
55.7400016784668	119.234489440918
55.7599983215332	156.5693359375
55.7799987792969	155.826873779297
55.7999992370605	107.661270141602
55.8199996948242	63.953426361084
55.8400001525879	186.125411987305
55.8600006103516	143.896789550781
55.8800010681152	155.156143188477
55.9000015258789	154.117752075195
55.9199981689453	39.8162612915039
55.939998626709	94.0360107421875
55.9599990844727	172.305633544922
55.9799995422363	79.1820449829102
56	178.374145507813
56.0200004577637	204.482681274414
56.0400009155273	110.788192749023
56.060001373291	162.637756347656
56.0800018310547	218.630874633789
56.0999984741211	204.068862915039
56.1199989318848	153.918350219727
56.1399993896484	70.1491851806641
56.1599998474121	115.089164733887
56.1800003051758	144.657302856445
56.2000007629395	185.665588378906
56.2200012207031	126.087478637695
56.2400016784668	184.231918334961
56.2599983215332	171.858688354492
56.2799987792969	228.395385742188
56.2999992370605	255.880844116211
56.3199996948242	221.861907958984
56.3400001525879	133.104919433594
56.3600006103516	216.128356933594
56.3800010681152	137.151336669922
56.4000015258789	153.407104492188
56.4199981689453	216.385467529297
56.439998626709	125.662216186523
56.4599990844727	177.556274414063
56.4799995422363	274.695434570313
56.5	376.60986328125
56.5200004577637	462.89453125
56.5400009155273	454.837554931641
56.560001373291	515.521728515625
56.5800018310547	476.208282470703
56.5999984741211	403.209259033203
56.6199989318848	452.642364501953
56.6399993896484	289.240356445313
56.6599998474121	284.649871826172
56.6800003051758	306.184844970703
56.7000007629395	513.442321777344
56.7200012207031	462.557678222656
56.7400016784668	406.757446289063
56.7599983215332	323.887542724609
56.7799987792969	321.731292724609
56.7999992370605	349.060760498047
56.8199996948242	271.309692382813
56.8400001525879	159.655654907227
56.8600006103516	269.248046875
56.8800010681152	241.820953369141
56.9000015258789	257.573028564453
56.9199981689453	263.8115234375
56.939998626709	235.112075805664
56.9599990844727	273.402160644531
56.9799995422363	194.02311706543
57	197.63591003418
57.0200004577637	236.374862670898
57.0400009155273	229.431106567383
57.060001373291	277.415435791016
57.0800018310547	196.943344116211
57.0999984741211	188.65022277832
57.1199989318848	227.229507446289
57.1399993896484	179.971130371094
57.1599998474121	198.176071166992
57.1800003051758	154.11393737793
57.2000007629395	184.775634765625
57.2200012207031	155.028869628906
57.2400016784668	210.741256713867
57.2599983215332	143.780700683594
57.2799987792969	163.923675537109
57.2999992370605	173.731033325195
57.3199996948242	128.230728149414
57.3400001525879	181.24723815918
57.3600006103516	223.249359130859
57.3800010681152	202.288558959961
57.4000015258789	183.583404541016
57.4199981689453	157.655975341797
57.439998626709	130.742813110352
57.4599990844727	431.697784423828
57.4799995422363	175.082458496094
57.5	184.467544555664
57.5200004577637	152.188995361328
57.5400009155273	0
57.560001373291	184.408325195313
57.5800018310547	110.084129333496
57.5999984741211	174.920913696289
57.6199989318848	100.045204162598
57.6399993896484	207.847549438477
57.6599998474121	152.318267822266
57.6800003051758	168.147720336914
57.7000007629395	247.892868041992
57.7200012207031	232.580368041992
57.7400016784668	225.919464111328
57.7599983215332	101.53889465332
57.7799987792969	127.200759887695
57.7999992370605	243.348052978516
57.8199996948242	177.37873840332
57.8400001525879	246.097030639648
57.8600006103516	132.621643066406
57.8800010681152	237.427261352539
57.9000015258789	165.453704833984
57.9199981689453	163.99690246582
57.939998626709	235.226364135742
57.9599990844727	234.466323852539
57.9799995422363	212.654357910156
58	212.31657409668
58.0200004577637	187.4267578125
58.0400009155273	202.763900756836
58.060001373291	242.726257324219
58.0800018310547	286.539947509766
58.0999984741211	271.868194580078
58.1199989318848	183.279968261719
58.1399993896484	262.717834472656
58.1599998474121	186.100891113281
58.1800003051758	254.796524047852
58.2000007629395	96.8244705200195
58.2200012207031	149.20036315918
58.2400016784668	118.784790039063
58.2599983215332	151.087844848633
58.2799987792969	293.045654296875
58.2999992370605	178.605117797852
58.3199996948242	213.557846069336
58.3400001525879	216.913833618164
58.3600006103516	178.843643188477
58.3800010681152	120.068984985352
58.4000015258789	176.013442993164
58.4199981689453	200.433319091797
58.439998626709	290.591125488281
58.4599990844727	196.231948852539
58.4799995422363	200.882202148438
58.5	116.728591918945
58.5200004577637	135.679321289063
58.5400009155273	209.118469238281
58.560001373291	193.224914550781
58.5800018310547	256.115203857422
58.5999984741211	187.149383544922
58.6199989318848	178.226806640625
58.6399993896484	132.469924926758
58.6599998474121	197.549468994141
58.6800003051758	115.02840423584
58.7000007629395	134.877944946289
58.7200012207031	97.448371887207
58.7400016784668	171.429794311523
58.7599983215332	144.850677490234
58.7799987792969	158.049530029297
58.7999992370605	104.752937316895
58.8199996948242	180.662109375
58.8400001525879	213.490875244141
58.8600006103516	107.699104309082
58.8800010681152	124.406028747559
58.9000015258789	203.657638549805
58.9199981689453	94.0367050170898
58.939998626709	194.09977722168
58.9599990844727	149.935409545898
58.9799995422363	117.219291687012
59	134.593765258789
59.0200004577637	297.501617431641
59.0400009155273	177.083679199219
59.060001373291	84.6953582763672
59.0800018310547	219.572677612305
59.0999984741211	104.15633392334
59.1199989318848	158.802368164063
59.1399993896484	203.097274780273
59.1599998474121	203.426147460938
59.1800003051758	128.69596862793
59.2000007629395	174.445327758789
59.2200012207031	101.606636047363
59.2400016784668	213.809127807617
59.2599983215332	165.898895263672
59.2799987792969	93.3455352783203
59.2999992370605	205.543365478516
59.3199996948242	175.156066894531
59.3400001525879	136.683074951172
59.3600006103516	143.346832275391
59.3800010681152	205.398132324219
59.4000015258789	255.041152954102
59.4199981689453	128.651596069336
59.439998626709	117.747192382813
59.4599990844727	213.386260986328
59.4799995422363	240.688552856445
59.5	156.889190673828
59.5200004577637	119.435195922852
59.5400009155273	217.371795654297
59.560001373291	213.208755493164
59.5800018310547	231.572769165039
59.5999984741211	146.883804321289
59.6199989318848	299.561157226563
59.6399993896484	168.597183227539
59.6599998474121	238.943710327148
59.6800003051758	20.3270301818848
59.7000007629395	167.918060302734
59.7200012207031	153.359191894531
59.7400016784668	125.848602294922
59.7599983215332	110.829200744629
59.7799987792969	98.6690139770508
59.7999992370605	16.8753128051758
59.8199996948242	301.140411376953
59.8400001525879	225.101516723633
59.8600006103516	125.456718444824
59.8800010681152	171.524765014648
59.9000015258789	185.403015136719
59.9199981689453	251.474411010742
59.939998626709	180.727722167969
59.9599990844727	134.450347900391
59.9799995422363	247.953491210938
60	154.937225341797
60.0200004577637	237.371978759766
60.0400009155273	321.478515625
60.060001373291	208.897247314453
60.0800018310547	195.379104614258
60.0999984741211	163.226058959961
60.1199989318848	137.308074951172
60.1399993896484	146.444854736328
60.1599998474121	290.995178222656
60.1800003051758	161.060638427734
60.2000007629395	174.783981323242
60.2200012207031	97.6023406982422
60.2400016784668	224.688339233398
60.2599983215332	164.860168457031
60.2799987792969	60.7463188171387
60.2999992370605	140.431121826172
60.3199996948242	177.973663330078
60.3400001525879	254.757995605469
60.3600006103516	236.716430664063
60.3800010681152	166.988983154297
60.4000015258789	230.546875
60.4199981689453	202.593551635742
60.439998626709	233.610504150391
60.4599990844727	204.68522644043
60.4799995422363	373.638885498047
60.5	444.688110351563
60.5200004577637	459.972686767578
60.5400009155273	403.779083251953
60.560001373291	722.869201660156
60.5800018310547	1473.67858886719
60.5999984741211	1936.78552246094
60.6199989318848	1941.66784667969
60.6399993896484	1593.27416992188
60.6599998474121	943.478088378906
60.6800003051758	782.264221191406
60.7000007629395	630.922790527344
60.7200012207031	560.406555175781
60.7400016784668	858.354370117188
60.7599983215332	1152.66943359375
60.7799987792969	1229.64379882813
60.7999992370605	882.284973144531
60.8199996948242	696.4150390625
60.8400001525879	506.819519042969
60.8600006103516	387.197967529297
60.8800010681152	304.976379394531
60.9000015258789	195.265731811523
60.9199981689453	102.600143432617
60.939998626709	177.40234375
60.9599990844727	162.927352905273
60.9799995422363	236.737564086914
61	215.005218505859
61.0200004577637	183.369369506836
61.0400009155273	172.851821899414
61.060001373291	126.658935546875
61.0800018310547	106.462608337402
61.0999984741211	57.6453399658203
61.1199989318848	151.158157348633
61.1399993896484	126.3564453125
61.1599998474121	180.191223144531
61.1800003051758	153.573272705078
61.2000007629395	205.324493408203
61.2200012207031	172.33708190918
61.2400016784668	151.973480224609
61.2599983215332	249.582168579102
61.2799987792969	217.748306274414
61.2999992370605	116.686424255371
61.3199996948242	117.252670288086
61.3400001525879	210.011001586914
61.3600006103516	127.633476257324
61.3800010681152	150.032913208008
61.4000015258789	82.5006637573242
61.4199981689453	173.622329711914
61.439998626709	145.240310668945
61.4599990844727	186.300811767578
61.4799995422363	168.86833190918
61.5	234.278457641602
61.5200004577637	160.299560546875
61.5400009155273	249.110229492188
61.560001373291	52.5945167541504
61.5800018310547	241.137878417969
61.5999984741211	101.744094848633
61.6199989318848	186.724395751953
61.6399993896484	41.3436012268066
61.6599998474121	198.020935058594
61.6800003051758	139.127746582031
61.7000007629395	284.232696533203
61.7200012207031	47.6695938110352
61.7400016784668	151.865005493164
61.7599983215332	229.867630004883
61.7799987792969	191.263610839844
61.7999992370605	119.968704223633
61.8199996948242	188.401473999023
61.8400001525879	165.30192565918
61.8600006103516	150.964813232422
61.8800010681152	211.316711425781
61.9000015258789	142.376007080078
61.9199981689453	160.133483886719
61.939998626709	88.4869155883789
61.9599990844727	200.137390136719
61.9799995422363	137.506881713867
62	201.519470214844
62.0200004577637	196.911361694336
62.0400009155273	194.33251953125
62.060001373291	74.2644653320313
62.0800018310547	160.522033691406
62.0999984741211	15.3737545013428
62.1199989318848	212.018493652344
62.1399993896484	118.837837219238
62.1599998474121	51.2186889648438
62.1800003051758	249.062042236328
62.2000007629395	303.782196044922
62.2200012207031	239.672973632813
62.2400016784668	185.27522277832
62.2599983215332	68.110954284668
62.2799987792969	174.687286376953
62.2999992370605	92.702392578125
62.3199996948242	87.5510940551758
62.3400001525879	155.896728515625
62.3600006103516	255.585144042969
62.3800010681152	141.165893554688
62.4000015258789	160.340362548828
62.4199981689453	154.044647216797
62.439998626709	116.500152587891
62.4599990844727	178.460632324219
62.4799995422363	112.175956726074
62.5	133.929580688477
62.5200004577637	74.3438339233398
62.5400009155273	108.291793823242
62.560001373291	237.823516845703
62.5800018310547	173.801452636719
62.5999984741211	228.509628295898
62.6199989318848	321.192138671875
62.6399993896484	168.844116210938
62.6599998474121	179.431640625
62.6800003051758	322.904266357422
62.7000007629395	260.352508544922
62.7200012207031	228.353393554688
62.7400016784668	184.0205078125
62.7599983215332	335.2587890625
62.7799987792969	352.595977783203
62.7999992370605	487.813262939453
62.8199996948242	552.933471679688
62.8400001525879	510.985870361328
62.8600006103516	502.242370605469
62.8800010681152	255.978317260742
62.9000015258789	278.337463378906
62.9199981689453	221.747177124023
62.939998626709	261.842895507813
62.9599990844727	329.586334228516
62.9799995422363	332.578338623047
63	345.319946289063
63.0200004577637	336.321594238281
63.0400009155273	254.594909667969
63.060001373291	112.156356811523
63.0800018310547	240.617477416992
63.0999984741211	177.890579223633
63.1199989318848	107.447486877441
63.1399993896484	184.777099609375
63.1599998474121	207.059036254883
63.1800003051758	265.930328369141
63.2000007629395	113.773826599121
63.2200012207031	284.354797363281
63.2400016784668	178.348678588867
63.2599983215332	118.572959899902
63.2799987792969	128.504943847656
63.2999992370605	118.801170349121
63.3199996948242	233.517654418945
63.3400001525879	236.323928833008
63.3600006103516	207.140197753906
63.3800010681152	99.7577056884766
63.4000015258789	218.688278198242
63.4199981689453	149.054885864258
63.439998626709	176.878692626953
63.4599990844727	178.239547729492
63.4799995422363	181.342712402344
63.5	141.2880859375
63.5200004577637	180.373794555664
63.5400009155273	151.818817138672
63.560001373291	268.125366210938
63.5800018310547	207.232925415039
63.5999984741211	284.108032226563
63.6199989318848	264.830871582031
63.6399993896484	340.591033935547
63.6599998474121	326.273529052734
63.6800003051758	394.776214599609
63.7000007629395	333.727508544922
63.7200012207031	448.571380615234
63.7400016784668	374.687164306641
63.7599983215332	321.454864501953
63.7799987792969	296.808166503906
63.7999992370605	342.341461181641
63.8199996948242	350.729034423828
63.8400001525879	184.423950195313
63.8600006103516	362.244323730469
63.8800010681152	308.499786376953
63.9000015258789	297.070678710938
63.9199981689453	256.225830078125
63.939998626709	402.636810302734
63.9599990844727	344.920715332031
63.9799995422363	124.909111022949
64	301.711608886719
64.0199966430664	204.891540527344
64.0400009155273	122.26823425293
64.0599975585938	209.685546875
64.0800018310547	203.055145263672
64.0999984741211	82.007682800293
64.120002746582	250.957183837891
64.1399993896484	170.933380126953
64.1600036621094	198.782821655273
64.1800003051758	140.710235595703
64.1999969482422	266.275421142578
64.2200012207031	140.225921630859
64.2399978637695	103.392135620117
64.2600021362305	144.377944946289
64.2799987792969	183.4638671875
64.3000030517578	186.446853637695
64.3199996948242	187.013168334961
64.3399963378906	172.696151733398
64.3600006103516	199.493347167969
64.379997253418	199.413925170898
64.4000015258789	172.521820068359
64.4199981689453	197.20198059082
64.4400024414063	108.984146118164
64.4599990844727	200.92822265625
64.4800033569336	178.180038452148
64.5	163.946502685547
64.5199966430664	248.972290039063
64.5400009155273	135.442306518555
64.5599975585938	255.849609375
64.5800018310547	215.974761962891
64.5999984741211	172.00715637207
64.620002746582	172.495986938477
64.6399993896484	157.941787719727
64.6600036621094	156.263061523438
64.6800003051758	231.842910766602
64.6999969482422	176.457244873047
64.7200012207031	151.943908691406
64.7399978637695	140.929824829102
64.7600021362305	159.892044067383
64.7799987792969	183.520965576172
64.8000030517578	163.662521362305
64.8199996948242	168.471908569336
64.8399963378906	164.979110717773
64.8600006103516	153.948135375977
64.879997253418	257.778686523438
64.9000015258789	237.662200927734
64.9199981689453	71.46875
64.9400024414063	126.295417785645
64.9599990844727	167.053329467773
64.9800033569336	135.831695556641
65	178.795852661133
65.0199966430664	89.959716796875
65.0400009155273	90.2217483520508
65.0599975585938	174.770172119141
65.0800018310547	226.068496704102
65.0999984741211	119.787727355957
65.120002746582	104.776885986328
65.1399993896484	191.523208618164
65.1600036621094	245.613250732422
65.1800003051758	150.328369140625
65.1999969482422	105.49878692627
65.2200012207031	133.16455078125
65.2399978637695	157.324645996094
65.2600021362305	209.436477661133
65.2799987792969	142.693756103516
65.3000030517578	123.071464538574
65.3199996948242	218.601608276367
65.3399963378906	186.365753173828
65.3600006103516	72.6961517333984
65.379997253418	166.992828369141
65.4000015258789	90.349250793457
65.4199981689453	197.288314819336
65.4400024414063	102.286674499512
65.4599990844727	143.621795654297
65.4800033569336	248.096817016602
65.5	213.781784057617
65.5199966430664	198.449020385742
65.5400009155273	237.079544067383
65.5599975585938	104.223136901855
65.5800018310547	223.940048217773
65.5999984741211	208.049057006836
65.620002746582	200.883651733398
65.6399993896484	179.335037231445
65.6600036621094	118.358016967773
65.6800003051758	213.204940795898
65.6999969482422	311.367736816406
65.7200012207031	175.23908996582
65.7399978637695	256.749206542969
65.7600021362305	231.074829101563
65.7799987792969	206.949554443359
65.8000030517578	407.500762939453
65.8199996948242	417.26171875
65.8399963378906	433.130889892578
65.8600006103516	299.026702880859
65.879997253418	308.148651123047
65.9000015258789	362.647186279297
65.9199981689453	294.987243652344
65.9400024414063	283.069854736328
65.9599990844727	359.074462890625
65.9800033569336	369.165069580078
66	180.167709350586
66.0199966430664	215.386611938477
66.0400009155273	326.103637695313
66.0599975585938	279.837829589844
66.0800018310547	301.252227783203
66.0999984741211	269.293579101563
66.120002746582	176.495956420898
66.1399993896484	147.622970581055
66.1600036621094	236.345260620117
66.1800003051758	192.575820922852
66.1999969482422	120.775985717773
66.2200012207031	288.136352539063
66.2399978637695	140.037719726563
66.2600021362305	198.676605224609
66.2799987792969	261.069732666016
66.3000030517578	263.127502441406
66.3199996948242	298.776580810547
66.3399963378906	203.957107543945
66.3600006103516	305.697601318359
66.379997253418	257.935333251953
66.4000015258789	215.787002563477
66.4199981689453	203.047225952148
66.4400024414063	268.138519287109
66.4599990844727	239.714157104492
66.4800033569336	168.959899902344
66.5	252.03205871582
66.5199966430664	435.776519775391
66.5400009155273	351.613098144531
66.5599975585938	281.045379638672
66.5800018310547	400.796691894531
66.5999984741211	426.614898681641
66.620002746582	352.91796875
66.6399993896484	417.5693359375
66.6600036621094	787.757080078125
66.6800003051758	1282.45556640625
66.6999969482422	2283.29516601563
66.7200012207031	2662.39965820313
66.7399978637695	2101.31005859375
66.7600021362305	1843.35534667969
66.7799987792969	1213.17761230469
66.8000030517578	745.09228515625
66.8199996948242	642.911437988281
66.8399963378906	839.519592285156
66.8600006103516	728.877990722656
66.879997253418	1016.97644042969
66.9000015258789	1413.81787109375
66.9199981689453	1382.02172851563
66.9400024414063	1046.0869140625
66.9599990844727	734.537414550781
66.9800033569336	679.983459472656
67	421.118103027344
67.0199966430664	274.749298095703
67.0400009155273	287.827392578125
67.0599975585938	221.754028320313
67.0800018310547	270.540161132813
67.0999984741211	164.878723144531
67.120002746582	179.253890991211
67.1399993896484	122.150169372559
67.1600036621094	97.982421875
67.1800003051758	124.145866394043
67.1999969482422	170.412322998047
67.2200012207031	270.047607421875
67.2399978637695	158.035461425781
67.2600021362305	227.918395996094
67.2799987792969	311.952819824219
67.3000030517578	149.042938232422
67.3199996948242	176.940414428711
67.3399963378906	227.931137084961
67.3600006103516	102.777267456055
67.379997253418	183.766326904297
67.4000015258789	171.63459777832
67.4199981689453	250.286972045898
67.4400024414063	186.745376586914
67.4599990844727	126.006050109863
67.4800033569336	180.331344604492
67.5	211.803924560547
67.5199966430664	78.1331481933594
67.5400009155273	277.477142333984
67.5599975585938	134.61408996582
67.5800018310547	263.932891845703
67.5999984741211	232.544250488281
67.620002746582	153.572052001953
67.6399993896484	192.798492431641
67.6600036621094	239.356338500977
67.6800003051758	339.938934326172
67.6999969482422	260.344848632813
67.7200012207031	158.823120117188
67.7399978637695	190.171661376953
67.7600021362305	208.349487304688
67.7799987792969	245.156707763672
67.8000030517578	156.130706787109
67.8199996948242	337.128875732422
67.8399963378906	188.106231689453
67.8600006103516	350.358276367188
67.879997253418	473.358825683594
67.9000015258789	491.585693359375
67.9199981689453	419.646148681641
67.9400024414063	456.230773925781
67.9599990844727	291.26220703125
67.9800033569336	285.836944580078
68	177.986557006836
68.0199966430664	294.525146484375
68.0400009155273	322.155395507813
68.0599975585938	296.32373046875
68.0800018310547	353.973327636719
68.0999984741211	403.811676025391
68.120002746582	301.02685546875
68.1399993896484	193.914276123047
68.1600036621094	333.842254638672
68.1800003051758	228.701065063477
68.1999969482422	263.997222900391
68.2200012207031	163.160018920898
68.2399978637695	237.959976196289
68.2600021362305	208.95491027832
68.2799987792969	265.080352783203
68.3000030517578	172.945007324219
68.3199996948242	127.332130432129
68.3399963378906	220.136413574219
68.3600006103516	229.068176269531
68.379997253418	117.13094329834
68.4000015258789	162.04866027832
68.4199981689453	351.057464599609
68.4400024414063	121.405387878418
68.4599990844727	221.141159057617
68.4800033569336	229.081680297852
68.5	134.630706787109
68.5199966430664	174.184677124023
68.5400009155273	188.979507446289
68.5599975585938	282.111755371094
68.5800018310547	194.558517456055
68.5999984741211	165.318817138672
68.620002746582	318.087036132813
68.6399993896484	330.746917724609
68.6600036621094	540.734985351563
68.6800003051758	638.912780761719
68.6999969482422	579.95361328125
68.7200012207031	567.623474121094
68.7399978637695	514.311096191406
68.7600021362305	329.058685302734
68.7799987792969	223.012008666992
68.8000030517578	235.362060546875
68.8199996948242	171.50065612793
68.8399963378906	301.980041503906
68.8600006103516	350.450347900391
68.879997253418	546.019714355469
68.9000015258789	290.431793212891
68.9199981689453	337.770416259766
68.9400024414063	219.819869995117
68.9599990844727	318.613128662109
68.9800033569336	287.652740478516
69	202.501037597656
69.0199966430664	349.828094482422
69.0400009155273	264.832336425781
69.0599975585938	277.196044921875
69.0800018310547	198.62776184082
69.0999984741211	327.517730712891
69.120002746582	252.399932861328
69.1399993896484	184.960693359375
69.1600036621094	102.023696899414
69.1800003051758	213.660995483398
69.1999969482422	250.643005371094
69.2200012207031	268.696960449219
69.2399978637695	145.084289550781
69.2600021362305	172.855026245117
69.2799987792969	253.56364440918
69.3000030517578	273.088256835938
69.3199996948242	172.437316894531
69.3399963378906	267.962493896484
69.3600006103516	212.868759155273
69.379997253418	202.771865844727
69.4000015258789	194.449737548828
69.4199981689453	204.650207519531
69.4400024414063	182.550323486328
69.4599990844727	213.463790893555
69.4800033569336	170.013412475586
69.5	194.933746337891
69.5199966430664	211.253540039063
69.5400009155273	78.4645233154297
69.5599975585938	150.753646850586
69.5800018310547	132.710144042969
69.5999984741211	261.21435546875
69.620002746582	154.869644165039
69.6399993896484	151.381729125977
69.6600036621094	237.430679321289
69.6800003051758	136.82096862793
69.6999969482422	154.588165283203
69.7200012207031	158.484771728516
69.7399978637695	307.957580566406
69.7600021362305	187.631195068359
69.7799987792969	188.169418334961
69.8000030517578	160.505249023438
69.8199996948242	168.021942138672
69.8399963378906	154.237030029297
69.8600006103516	264.134216308594
69.879997253418	197.985977172852
69.9000015258789	88.9130935668945
69.9199981689453	210.632965087891
69.9400024414063	103.033142089844
69.9599990844727	295.107849121094
69.9800033569336	234.402236938477
70	261.398986816406
70.0199966430664	247.868927001953
70.0400009155273	114.657806396484
70.0599975585938	189.636810302734
70.0800018310547	177.383316040039
70.0999984741211	222.664001464844
70.120002746582	140.805389404297
70.1399993896484	145.868240356445
70.1600036621094	223.96728515625
70.1800003051758	138.193054199219
70.1999969482422	163.267318725586
70.2200012207031	129.332763671875
70.2399978637695	123.328514099121
70.2600021362305	183.950698852539
70.2799987792969	152.204940795898
70.3000030517578	146.771102905273
70.3199996948242	250.33984375
70.3399963378906	176.717391967773
70.3600006103516	124.229850769043
70.379997253418	232.660903930664
70.4000015258789	326.291198730469
70.4199981689453	140.777587890625
70.4400024414063	93.4288177490234
70.4599990844727	239.648742675781
70.4800033569336	190.55256652832
70.5	236.969879150391
70.5199966430664	189.824600219727
70.5400009155273	188.267883300781
70.5599975585938	200.711990356445
70.5800018310547	110.78955078125
70.5999984741211	228.617630004883
70.620002746582	154.432998657227
70.6399993896484	251.992767333984
70.6600036621094	109.555931091309
70.6800003051758	64.1458435058594
70.6999969482422	141.989074707031
70.7200012207031	209.273239135742
70.7399978637695	201.549499511719
70.7600021362305	186.358779907227
70.7799987792969	172.812118530273
70.8000030517578	31.5788707733154
70.8199996948242	146.532699584961
70.8399963378906	79.071403503418
70.8600006103516	179.810119628906
70.879997253418	148.023132324219
70.9000015258789	262.857666015625
70.9199981689453	203.227340698242
70.9400024414063	205.780517578125
70.9599990844727	77.7782440185547
70.9800033569336	108.870811462402
71	219.733764648438
71.0199966430664	39.559944152832
71.0400009155273	184.210540771484
71.0599975585938	79.7014007568359
71.0800018310547	140.110305786133
71.0999984741211	209.794677734375
71.120002746582	152.672760009766
71.1399993896484	97.877326965332
71.1600036621094	224.428817749023
71.1800003051758	133.306610107422
71.1999969482422	153.353393554688
71.2200012207031	207.216445922852
71.2399978637695	179.390869140625
71.2600021362305	231.45703125
71.2799987792969	221.599807739258
71.3000030517578	174.25
71.3199996948242	168.58088684082
71.3399963378906	53.3651275634766
71.3600006103516	134.011108398438
71.379997253418	144.546875
71.4000015258789	147.747833251953
71.4199981689453	221.304168701172
71.4400024414063	138.822143554688
71.4599990844727	161.321136474609
71.4800033569336	224.719421386719
71.5	174.257598876953
71.5199966430664	198.960525512695
71.5400009155273	185.403396606445
71.5599975585938	241.339767456055
71.5800018310547	126.88249206543
71.5999984741211	142.389389038086
71.620002746582	210.754455566406
71.6399993896484	199.328369140625
71.6600036621094	140.537384033203
71.6800003051758	194.042922973633
71.6999969482422	164.017669677734
71.7200012207031	151.654022216797
71.7399978637695	207.511535644531
71.7600021362305	172.328125
71.7799987792969	174.492095947266
71.8000030517578	258.863494873047
71.8199996948242	139.018325805664
71.8399963378906	149.028945922852
71.8600006103516	210.045761108398
71.879997253418	203.914169311523
71.9000015258789	176.233505249023
71.9199981689453	107.640556335449
71.9400024414063	147.633926391602
71.9599990844727	170.569549560547
71.9800033569336	185.714981079102
72	273.930694580078
72.0199966430664	184.639877319336
72.0400009155273	146.010864257813
72.0599975585938	221.364700317383
72.0800018310547	134.839981079102
72.0999984741211	168.650161743164
72.120002746582	186.280578613281
72.1399993896484	285.333648681641
72.1600036621094	231.543884277344
72.1800003051758	294.784240722656
72.1999969482422	108.12686920166
72.2200012207031	228.586837768555
72.2399978637695	205.2353515625
72.2600021362305	201.405868530273
72.2799987792969	236.261978149414
72.3000030517578	183.253051757813
72.3199996948242	170.047561645508
72.3399963378906	103.553031921387
72.3600006103516	230.412704467773
72.379997253418	193.604598999023
72.4000015258789	160.95881652832
72.4199981689453	145.231842041016
72.4400024414063	87.1850051879883
72.4599990844727	0
72.4800033569336	121.14818572998
72.5	130.692687988281
72.5199966430664	210.33869934082
72.5400009155273	205.165374755859
72.5599975585938	299.357269287109
72.5800018310547	281.601409912109
72.5999984741211	145.053741455078
72.620002746582	209.272842407227
72.6399993896484	178.143188476563
72.6600036621094	181.282424926758
72.6800003051758	235.661499023438
72.6999969482422	135.336990356445
72.7200012207031	144.13948059082
72.7399978637695	171.603652954102
72.7600021362305	224.723159790039
72.7799987792969	236.126022338867
72.8000030517578	163.309326171875
72.8199996948242	117.433029174805
72.8399963378906	111.559394836426
72.8600006103516	175.522109985352
72.879997253418	193.153869628906
72.9000015258789	204.464736938477
72.9199981689453	178.769027709961
72.9400024414063	147.983673095703
72.9599990844727	224.176864624023
72.9800033569336	241.4970703125
73	111.164611816406
73.0199966430664	47.6944427490234
73.0400009155273	103.919120788574
73.0599975585938	129.279266357422
73.0800018310547	122.357383728027
73.0999984741211	139.42919921875
73.120002746582	51.1098365783691
73.1399993896484	188.24284362793
73.1600036621094	154.800079345703
73.1800003051758	319.18798828125
73.1999969482422	185.718307495117
73.2200012207031	129.022171020508
73.2399978637695	173.615249633789
73.2600021362305	363.465606689453
73.2799987792969	210.742721557617
73.3000030517578	150.824066162109
73.3199996948242	75.7236709594727
73.3399963378906	296.130004882813
73.3600006103516	78.3106079101563
73.379997253418	136.143020629883
73.4000015258789	166.1748046875
73.4199981689453	148.222579956055
73.4400024414063	231.920516967773
73.4599990844727	174.775588989258
73.4800033569336	264.116577148438
73.5	152.278167724609
73.5199966430664	169.052581787109
73.5400009155273	366.557708740234
73.5599975585938	231.787307739258
73.5800018310547	148.290557861328
73.5999984741211	178.119369506836
73.620002746582	169.815765380859
73.6399993896484	149.409622192383
73.6600036621094	242.41096496582
73.6800003051758	134.581558227539
73.6999969482422	123.815040588379
73.7200012207031	197.569900512695
73.7399978637695	112.493438720703
73.7600021362305	74.4882431030273
73.7799987792969	126.104064941406
73.8000030517578	92.5680389404297
73.8199996948242	213.281356811523
73.8399963378906	138.135452270508
73.8600006103516	164.957763671875
73.879997253418	241.920516967773
73.9000015258789	111.011657714844
73.9199981689453	269.823669433594
73.9400024414063	214.790069580078
73.9599990844727	116.011596679688
73.9800033569336	189.864395141602
74	191.877853393555
74.0199966430664	159.300720214844
74.0400009155273	139.263748168945
74.0599975585938	168.857757568359
74.0800018310547	120.406776428223
74.0999984741211	273.1357421875
74.120002746582	108.851226806641
74.1399993896484	116.09349822998
74.1600036621094	259.400756835938
74.1800003051758	164.741470336914
74.1999969482422	114.58568572998
74.2200012207031	198.960922241211
74.2399978637695	235.487213134766
74.2600021362305	197.424285888672
74.2799987792969	144.192352294922
74.3000030517578	150.944122314453
74.3199996948242	167.613021850586
74.3399963378906	101.351066589355
74.3600006103516	207.496917724609
74.379997253418	182.091705322266
74.4000015258789	128.463592529297
74.4199981689453	267.760498046875
74.4400024414063	244.91374206543
74.4599990844727	176.180206298828
74.4800033569336	197.795196533203
74.5	167.285247802734
74.5199966430664	270.169860839844
74.5400009155273	235.814361572266
74.5599975585938	206.104080200195
74.5800018310547	175.892639160156
74.5999984741211	154.531509399414
74.620002746582	82.5776977539063
74.6399993896484	172.645690917969
74.6600036621094	197.639755249023
74.6800003051758	143.829635620117
74.6999969482422	141.015960693359
74.7200012207031	87.8005905151367
74.7399978637695	164.854034423828
74.7600021362305	126.12134552002
74.7799987792969	179.900756835938
74.8000030517578	124.604606628418
74.8199996948242	184.150527954102
74.8399963378906	123.244873046875
74.8600006103516	138.256958007813
74.879997253418	277.361328125
74.9000015258789	97.8051376342773
74.9199981689453	284.227813720703
74.9400024414063	185.525573730469
74.9599990844727	279.917205810547
74.9800033569336	105.168952941895
75	201.235778808594
75.0199966430664	214.137008666992
75.0400009155273	145.239898681641
75.0599975585938	87.0168228149414
75.0800018310547	137.068481445313
75.0999984741211	187.598861694336
75.120002746582	167.289184570313
75.1399993896484	122.924934387207
75.1600036621094	138.543991088867
75.1800003051758	192.092590332031
75.1999969482422	190.603775024414
75.2200012207031	97.3375854492188
75.2399978637695	124.825172424316
75.2600021362305	175.052505493164
75.2799987792969	233.350448608398
75.3000030517578	165.58967590332
75.3199996948242	296.733337402344
75.3399963378906	163.440460205078
75.3600006103516	159.048324584961
75.379997253418	245.067749023438
75.4000015258789	173.29704284668
75.4199981689453	178.774139404297
75.4400024414063	184.050552368164
75.4599990844727	172.951736450195
75.4800033569336	227.687042236328
75.5	215.562637329102
75.5199966430664	210.257049560547
75.5400009155273	195.613800048828
75.5599975585938	172.036361694336
75.5800018310547	231.915863037109
75.5999984741211	296.886077880859
75.620002746582	266.26806640625
75.6399993896484	248.490875244141
75.6600036621094	87.7722320556641
75.6800003051758	244.832305908203
75.6999969482422	165.227630615234
75.7200012207031	211.225509643555
75.7399978637695	165.762664794922
75.7600021362305	171.571563720703
75.7799987792969	177.421417236328
75.8000030517578	200.753082275391
75.8199996948242	136.171905517578
75.8399963378906	149.125793457031
75.8600006103516	196.167663574219
75.879997253418	169.075317382813
75.9000015258789	203.655944824219
75.9199981689453	95.9290161132813
75.9400024414063	181.728103637695
75.9599990844727	166.792617797852
75.9800033569336	238.856506347656
76	205.635757446289
76.0199966430664	229.40673828125
76.0400009155273	218.146408081055
76.0599975585938	246.963851928711
76.0800018310547	208.248275756836
76.0999984741211	197.64387512207
76.120002746582	314.191497802734
76.1399993896484	243.31657409668
76.1600036621094	332.33203125
76.1800003051758	274.28564453125
76.1999969482422	370.097106933594
76.2200012207031	432.542724609375
76.2399978637695	437.005676269531
76.2600021362305	437.300964355469
76.2799987792969	624.256103515625
76.3000030517578	1084.7216796875
76.3199996948242	1621.6357421875
76.3399963378906	2547.07055664063
76.3600006103516	2711.51513671875
76.379997253418	2249.033203125
76.4000015258789	1723.51647949219
76.4199981689453	1137.92456054688
76.4400024414063	931.023559570313
76.4599990844727	674.209533691406
76.4800033569336	550.033081054688
76.5	617.524719238281
76.5199966430664	641.974609375
76.5400009155273	929.421264648438
76.5599975585938	1117.46057128906
76.5800018310547	1710.46203613281
76.5999984741211	1474.0888671875
76.620002746582	1018.78875732422
76.6399993896484	634.304565429688
76.6600036621094	597.545288085938
76.6800003051758	351.194274902344
76.6999969482422	312.604248046875
76.7200012207031	269.960174560547
76.7399978637695	274.384521484375
76.7600021362305	284.390899658203
76.7799987792969	182.649795532227
76.8000030517578	146.6533203125
76.8199996948242	164.663131713867
76.8399963378906	203.650009155273
76.8600006103516	187.871520996094
76.879997253418	232.991058349609
76.9000015258789	210.218414306641
76.9199981689453	223.326110839844
76.9400024414063	247.693450927734
76.9599990844727	297.794921875
76.9800033569336	296.417175292969
77	168.310699462891
77.0199966430664	125.576644897461
77.0400009155273	146.531799316406
77.0599975585938	220.809707641602
77.0800018310547	117.537322998047
77.0999984741211	171.287017822266
77.120002746582	173.116790771484
77.1399993896484	250.612564086914
77.1600036621094	282.3642578125
77.1800003051758	185.497543334961
77.1999969482422	175.393783569336
77.2200012207031	122.784294128418
77.2399978637695	240.580444335938
77.2600021362305	122.750816345215
77.2799987792969	101.824890136719
77.3000030517578	178.28303527832
77.3199996948242	130.091278076172
77.3399963378906	184.237243652344
77.3600006103516	152.569931030273
77.379997253418	198.97200012207
77.4000015258789	216.627838134766
77.4199981689453	78.3092422485352
77.4400024414063	167.114959716797
77.4599990844727	165.735885620117
77.4800033569336	231.467636108398
77.5	162.494918823242
77.5199966430664	212.128372192383
77.5400009155273	145.572525024414
77.5599975585938	183.781509399414
77.5800018310547	193.375381469727
77.5999984741211	111.772308349609
77.620002746582	249.576873779297
77.6399993896484	101.843376159668
77.6600036621094	67.3850326538086
77.6800003051758	167.539688110352
77.6999969482422	163.429244995117
77.7200012207031	200.212356567383
77.7399978637695	206.60383605957
77.7600021362305	202.161911010742
77.7799987792969	149.534286499023
77.8000030517578	221.109741210938
77.8199996948242	145.866256713867
77.8399963378906	153.966705322266
77.8600006103516	164.345626831055
77.879997253418	120.909934997559
77.9000015258789	72.4241638183594
77.9199981689453	178.167419433594
77.9400024414063	187.356063842773
77.9599990844727	109.922027587891
77.9800033569336	126.494102478027
78	157.585327148438
78.0199966430664	71.604850769043
78.0400009155273	92.7981033325195
78.0599975585938	135.524124145508
78.0800018310547	142.272842407227
78.0999984741211	274.742645263672
78.120002746582	130.337036132813
78.1399993896484	91.7358551025391
78.1600036621094	112.396865844727
78.1800003051758	151.858810424805
78.1999969482422	112.37190246582
78.2200012207031	144.593536376953
78.2399978637695	227.812606811523
78.2600021362305	130.201507568359
78.2799987792969	106.503517150879
78.3000030517578	150.325439453125
78.3199996948242	98.4015426635742
78.3399963378906	138.736251831055
78.3600006103516	77.7819671630859
78.379997253418	85.3749084472656
78.4000015258789	228.016128540039
78.4199981689453	260.374206542969
78.4400024414063	98.6522445678711
78.4599990844727	119.751487731934
78.4800033569336	81.5196990966797
78.5	219.260437011719
78.5199966430664	251.574066162109
78.5400009155273	196.286880493164
78.5599975585938	123.456268310547
78.5800018310547	203.199096679688
78.5999984741211	136.703033447266
78.620002746582	98.590576171875
78.6399993896484	98.3795166015625
78.6600036621094	35.0595970153809
78.6800003051758	174.679824829102
78.6999969482422	157.823516845703
78.7200012207031	100.720703125
78.7399978637695	61.6433067321777
78.7600021362305	114.110870361328
78.7799987792969	191.251480102539
78.8000030517578	210.731872558594
78.8199996948242	186.22819519043
78.8399963378906	132.386978149414
78.8600006103516	130.57958984375
78.879997253418	157.50927734375
78.9000015258789	104.77123260498
78.9199981689453	87.1214904785156
78.9400024414063	199.706909179688
78.9599990844727	136.040451049805
78.9800033569336	138.665603637695
79	109.789863586426
79.0199966430664	175.462219238281
79.0400009155273	147.869827270508
79.0599975585938	103.234909057617
79.0800018310547	214.415466308594
79.0999984741211	136.157531738281
79.120002746582	174.051223754883
79.1399993896484	124.034843444824
79.1600036621094	142.628814697266
79.1800003051758	240.39631652832
79.1999969482422	141.159393310547
79.2200012207031	191.392227172852
79.2399978637695	154.785186767578
79.2600021362305	87.9287872314453
79.2799987792969	189.174697875977
79.3000030517578	182.074768066406
79.3199996948242	88.9236297607422
79.3399963378906	176.141525268555
79.3600006103516	131.03955078125
79.379997253418	110.965019226074
79.4000015258789	129.895812988281
79.4199981689453	103.000679016113
79.4400024414063	102.077758789063
79.4599990844727	175.665893554688
79.4800033569336	57.3786849975586
79.5	128.199554443359
79.5199966430664	275.896514892578
79.5400009155273	47.5809669494629
79.5599975585938	157.579528808594
79.5800018310547	80.9549407958984
79.5999984741211	117.242874145508
79.620002746582	105.836776733398
79.6399993896484	106.809463500977
79.6600036621094	186.530258178711
79.6800003051758	109.357734680176
79.6999969482422	179.053848266602
79.7200012207031	158.841995239258
79.7399978637695	124.602188110352
79.7600021362305	85.6530532836914
79.7799987792969	106.136451721191
79.8000030517578	157.453887939453
79.8199996948242	144.114318847656
79.8399963378906	189.07633972168
79.8600006103516	115.136009216309
79.879997253418	151.045700073242
79.9000015258789	229.881011962891
79.9199981689453	133.491470336914
79.9400024414063	111.032196044922
79.9599990844727	139.040878295898
79.9800033569336	127.044830322266
80	92.3621826171875
