3_002/1	
θ/2θ, °	Intensity, cps
20	194.1728515625
20.0200004577637	182.83171081543
20.0400009155273	203.632431030273
20.0599994659424	163.077575683594
20.0799999237061	153.178802490234
20.1000003814697	91.733039855957
20.1200008392334	160.161193847656
20.1399993896484	152.190963745117
20.1599998474121	137.962600708008
20.1800003051758	152.154708862305
20.2000007629395	205.948776245117
20.2199993133545	144.51416015625
20.2399997711182	79.1309051513672
20.2600002288818	186.305038452148
20.2800006866455	255.007141113281
20.2999992370605	191.739593505859
20.3199996948242	149.298843383789
20.3400001525879	162.429656982422
20.3600006103516	7.40699052810669
20.3799991607666	148.755111694336
20.3999996185303	71.3259506225586
20.4200000762939	114.426879882813
20.4400005340576	130.002212524414
20.4599990844727	131.091918945313
20.4799995422363	114.795341491699
20.5	204.13688659668
20.5200004577637	104.41739654541
20.5400009155273	171.449600219727
20.5599994659424	138.659545898438
20.5799999237061	194.320419311523
20.6000003814697	230.131301879883
20.6200008392334	252.319641113281
20.6399993896484	215.269439697266
20.6599998474121	303.644226074219
20.6800003051758	240.610549926758
20.7000007629395	172.698913574219
20.7199993133545	226.724594116211
20.7399997711182	147.402374267578
20.7600002288818	105.883575439453
20.7800006866455	185.181610107422
20.7999992370605	116.805191040039
20.8199996948242	133.979766845703
20.8400001525879	176.840698242188
20.8600006103516	167.681213378906
20.8799991607666	201.916366577148
20.8999996185303	170.17512512207
20.9200000762939	115.079521179199
20.9400005340576	197.018173217773
20.9599990844727	209.697082519531
20.9799995422363	129.577728271484
21	132.005157470703
21.0200004577637	183.738067626953
21.0400009155273	90.6453475952148
21.0599994659424	183.086776733398
21.0799999237061	177.819671630859
21.1000003814697	39.3663711547852
21.1200008392334	191.514358520508
21.1399993896484	103.508857727051
21.1599998474121	111.74592590332
21.1800003051758	166.113662719727
21.2000007629395	113.712768554688
21.2199993133545	72.7119598388672
21.2399997711182	193.867523193359
21.2600002288818	82.1044464111328
21.2800006866455	178.228973388672
21.2999992370605	182.986190795898
21.3199996948242	159.271865844727
21.3400001525879	78.3374786376953
21.3600006103516	128.541122436523
21.3799991607666	291.393157958984
21.3999996185303	114.828506469727
21.4200000762939	217.571334838867
21.4400005340576	216.359130859375
21.4599990844727	100.164421081543
21.4799995422363	123.568405151367
21.5	184.176345825195
21.5200004577637	16.6420917510986
21.5400009155273	145.542816162109
21.5599994659424	54.7447509765625
21.5799999237061	100.727378845215
21.6000003814697	105.201568603516
21.6200008392334	107.645469665527
21.6399993896484	142.945098876953
21.6599998474121	117.703224182129
21.6800003051758	143.688537597656
21.7000007629395	129.536529541016
21.7199993133545	153.061492919922
21.7399997711182	92.213623046875
21.7600002288818	178.079605102539
21.7800006866455	216.799270629883
21.7999992370605	114.504180908203
21.8199996948242	18.1373863220215
21.8400001525879	197.197784423828
21.8600006103516	153.087127685547
21.8799991607666	83.2141418457031
21.8999996185303	212.688339233398
21.9200000762939	81.107795715332
21.9400005340576	183.520156860352
21.9599990844727	27.9170761108398
21.9799995422363	109.691528320313
22	156.009155273438
22.0200004577637	211.504760742188
22.0400009155273	154.450744628906
22.0599994659424	22.593578338623
22.0799999237061	115.851135253906
22.1000003814697	172.053588867188
22.1200008392334	107.472747802734
22.1399993896484	92.5607376098633
22.1599998474121	48.087776184082
22.1800003051758	228.014221191406
22.2000007629395	173.081481933594
22.2199993133545	167.717758178711
22.2399997711182	159.228775024414
22.2600002288818	199.779083251953
22.2800006866455	168.329833984375
22.2999992370605	88.4098129272461
22.3199996948242	164.883758544922
22.3400001525879	287.425811767578
22.3600006103516	92.9736099243164
22.3799991607666	370.709564208984
22.3999996185303	126.225067138672
22.4200000762939	94.0876846313477
22.4400005340576	121.721420288086
22.4599990844727	175.296615600586
22.4799995422363	160.457260131836
22.5	114.386039733887
22.5200004577637	144.253082275391
22.5400009155273	101.352439880371
22.5599994659424	128.271423339844
22.5799999237061	241.449890136719
22.6000003814697	218.864471435547
22.6200008392334	132.424194335938
22.6399993896484	88.8961868286133
22.6599998474121	154.618423461914
22.6800003051758	216.222351074219
22.7000007629395	231.527786254883
22.7199993133545	383.812316894531
22.7399997711182	280.548950195313
22.7600002288818	366.692626953125
22.7800006866455	398.682342529297
22.7999992370605	439.052795410156
22.8199996948242	575.815307617188
22.8400001525879	667.931762695313
22.8600006103516	565.42431640625
22.8799991607666	672.64453125
22.8999996185303	1041.29443359375
22.9200000762939	1753.21960449219
22.9400005340576	3390.90747070313
22.9599990844727	10068.634765625
22.9799995422363	10546.796875
23	5764.98388671875
23.0200004577637	7210.29150390625
23.0400009155273	6268.009765625
23.0599994659424	2783.078125
23.0799999237061	1740.14770507813
23.1000003814697	1325.20166015625
23.1200008392334	574.98486328125
23.1399993896484	514.980346679688
23.1599998474121	364.413787841797
23.1800003051758	281.315216064453
23.2000007629395	275.93017578125
23.2199993133545	273.782684326172
23.2399997711182	307.862396240234
23.2600002288818	123.614158630371
23.2800006866455	209.376525878906
23.2999992370605	205.900238037109
23.3199996948242	131.891159057617
23.3400001525879	290.481323242188
23.3600006103516	214.447601318359
23.3799991607666	165.88981628418
23.3999996185303	100.919281005859
23.4200000762939	232.323867797852
23.4400005340576	158.184432983398
23.4599990844727	172.944137573242
23.4799995422363	236.018630981445
23.5	107.954788208008
23.5200004577637	109.691635131836
23.5400009155273	96.9196090698242
23.5599994659424	121.127876281738
23.5799999237061	203.392135620117
23.6000003814697	211.718353271484
23.6200008392334	135.210876464844
23.6399993896484	211.755935668945
23.6599998474121	192.099365234375
23.6800003051758	51.7907600402832
23.7000007629395	106.446670532227
23.7199993133545	137.456756591797
23.7399997711182	133.63200378418
23.7600002288818	119.285034179688
23.7800006866455	230.59504699707
23.7999992370605	202.493469238281
23.8199996948242	185.753753662109
23.8400001525879	155.721633911133
23.8600006103516	170.780624389648
23.8799991607666	161.942001342773
23.8999996185303	217.322036743164
23.9200000762939	165.739196777344
23.9400005340576	233.721969604492
23.9599990844727	190.196960449219
23.9799995422363	263.575805664063
24	178.591064453125
24.0200004577637	87.1728286743164
24.0400009155273	193.0244140625
24.0599994659424	127.923950195313
24.0799999237061	175.545669555664
24.1000003814697	181.756927490234
24.1200008392334	172.724349975586
24.1399993896484	189.942276000977
24.1599998474121	55.4221229553223
24.1800003051758	95.4342041015625
24.2000007629395	188.457565307617
24.2199993133545	30.0971660614014
24.2399997711182	57.1384887695313
24.2600002288818	220.268905639648
24.2800006866455	164.109069824219
24.2999992370605	114.041809082031
24.3199996948242	101.771827697754
24.3400001525879	207.840835571289
24.3600006103516	100.638298034668
24.3799991607666	219.423858642578
24.3999996185303	99.3019714355469
24.4200000762939	94.490104675293
24.4400005340576	194.618911743164
24.4599990844727	126.781272888184
24.4799995422363	221.869476318359
24.5	221.442459106445
24.5200004577637	213.703125
24.5400009155273	161.373886108398
24.5599994659424	208.900955200195
24.5799999237061	284.105987548828
24.6000003814697	108.067459106445
24.6200008392334	215.272109985352
24.6399993896484	174.916885375977
24.6599998474121	161.188461303711
24.6800003051758	77.1098251342773
24.7000007629395	66.195068359375
24.7199993133545	203.807601928711
24.7399997711182	130.477890014648
24.7600002288818	192.316558837891
24.7800006866455	228.2734375
24.7999992370605	177.46516418457
24.8199996948242	240.040283203125
24.8400001525879	181.756652832031
24.8600006103516	241.3642578125
24.8799991607666	192.339797973633
24.8999996185303	94.5414505004883
24.9200000762939	177.113754272461
24.9400005340576	197.3515625
24.9599990844727	232.15739440918
24.9799995422363	237.976104736328
25	295.582336425781
25.0200004577637	364.505523681641
25.0400009155273	533.026245117188
25.0599994659424	483.940338134766
25.0799999237061	693.234069824219
25.1000003814697	510.384124755859
25.1200008392334	675.787902832031
25.1399993896484	1020.06182861328
25.1599998474121	2348.45190429688
25.1800003051758	5148.12841796875
25.2000007629395	8386.828125
25.2199993133545	4063.99658203125
25.2399997711182	3198.44653320313
25.2600002288818	4811.818359375
25.2800006866455	2588.01977539063
25.2999992370605	1006.55108642578
25.3199996948242	600.937561035156
25.3400001525879	472.514129638672
25.3600006103516	431.886505126953
25.3799991607666	333.741821289063
25.3999996185303	263.092224121094
25.4200000762939	245.089538574219
25.4400005340576	307.866119384766
25.4599990844727	262.298248291016
25.4799995422363	170.518341064453
25.5	287.380767822266
25.5200004577637	206.612045288086
25.5400009155273	139.503570556641
25.5599994659424	130.064590454102
25.5799999237061	176.693542480469
25.6000003814697	72.5033187866211
25.6200008392334	57.5676612854004
25.6399993896484	133.2109375
25.6599998474121	314.296997070313
25.6800003051758	229.950607299805
25.7000007629395	203.657791137695
25.7199993133545	166.171813964844
25.7399997711182	308.619049072266
25.7600002288818	235.345565795898
25.7800006866455	94.1085968017578
25.7999992370605	152.787017822266
25.8199996948242	174.266036987305
25.8400001525879	95.5412826538086
25.8600006103516	207.844711303711
25.8799991607666	219.868209838867
25.8999996185303	196.067535400391
25.9200000762939	139.270034790039
25.9400005340576	139.740112304688
25.9599990844727	188.586853027344
25.9799995422363	8.823317527771
26	55.718994140625
26.0200004577637	35.8963813781738
26.0400009155273	82.9195785522461
26.0599994659424	105.2138671875
26.0799999237061	174.501586914063
26.1000003814697	151.953536987305
26.1200008392334	121.142944335938
26.1399993896484	111.596244812012
26.1599998474121	167.582122802734
26.1800003051758	154.684524536133
26.2000007629395	205.936157226563
26.2199993133545	212.067199707031
26.2399997711182	160.533172607422
26.2600002288818	176.765319824219
26.2800006866455	160.462600708008
26.2999992370605	82.5730056762695
26.3199996948242	291.348266601563
26.3400001525879	177.017456054688
26.3600006103516	131.440444946289
26.3799991607666	174.670516967773
26.3999996185303	118.607902526855
26.4200000762939	70.982551574707
26.4400005340576	44.8976211547852
26.4599990844727	152.368865966797
26.4799995422363	94.2505187988281
26.5	263.964782714844
26.5200004577637	78.9171600341797
26.5400009155273	126.734367370605
26.5599994659424	124.818016052246
26.5799999237061	120.598564147949
26.6000003814697	86.0251007080078
26.6200008392334	213.295959472656
26.6399993896484	49.4559173583984
26.6599998474121	238.912841796875
26.6800003051758	110.868431091309
26.7000007629395	134.480590820313
26.7199993133545	60.8740310668945
26.7399997711182	170.040740966797
26.7600002288818	94.0696334838867
26.7800006866455	43.0349006652832
26.7999992370605	23.5530605316162
26.8199996948242	171.676040649414
26.8400001525879	116.996589660645
26.8600006103516	81.3016510009766
26.8799991607666	146.514617919922
26.8999996185303	156.603515625
26.9200000762939	202.91569519043
26.9400005340576	148.825927734375
26.9599990844727	219.638778686523
26.9799995422363	118.756278991699
27	219.701309204102
27.0200004577637	111.720977783203
27.0400009155273	116.556686401367
27.0599994659424	238.023040771484
27.0799999237061	162.376251220703
27.1000003814697	165.455978393555
27.1200008392334	170.587692260742
27.1399993896484	81.0460433959961
27.1599998474121	195.764953613281
27.1800003051758	114.57788848877
27.2000007629395	163.900054931641
27.2199993133545	39.997200012207
27.2399997711182	152.261077880859
27.2600002288818	201.80549621582
27.2800006866455	65.4190521240234
27.2999992370605	136.875885009766
27.3199996948242	216.736785888672
27.3400001525879	145.802474975586
27.3600006103516	304.028533935547
27.3799991607666	258.504577636719
27.3999996185303	172.912155151367
27.4200000762939	171.649887084961
27.4400005340576	279.492156982422
27.4599990844727	534.504272460938
27.4799995422363	997.982482910156
27.5	1263.68591308594
27.5200004577637	997.913818359375
27.5400009155273	605.199096679688
27.5599994659424	882.437438964844
27.5799999237061	704.682067871094
27.6000003814697	501.9287109375
27.6200008392334	353.667724609375
27.6399993896484	275.638000488281
27.6599998474121	199.369506835938
27.6800003051758	180.018936157227
27.7000007629395	140.287551879883
27.7199993133545	204.589981079102
27.7399997711182	96.0207748413086
27.7600002288818	149.697967529297
27.7800006866455	168.086715698242
27.7999992370605	117.107391357422
27.8199996948242	131.518798828125
27.8400001525879	202.12109375
27.8600006103516	111.740097045898
27.8799991607666	171.761444091797
27.8999996185303	96.4701232910156
27.9200000762939	134.378158569336
27.9400005340576	56.3403778076172
27.9599990844727	121.249031066895
27.9799995422363	192.219802856445
28	123.114753723145
28.0200004577637	100.308547973633
28.0400009155273	152.104675292969
28.0599994659424	105.456115722656
28.0799999237061	251.351165771484
28.1000003814697	174.993698120117
28.1200008392334	31.4152526855469
28.1399993896484	153.677673339844
28.1599998474121	94.6631240844727
28.1800003051758	166.035064697266
28.2000007629395	305.619323730469
28.2199993133545	168.128631591797
28.2399997711182	129.022796630859
28.2600002288818	163.968521118164
28.2800006866455	115.465049743652
28.2999992370605	130.115188598633
28.3199996948242	116.427360534668
28.3400001525879	181.603546142578
28.3600006103516	135.445587158203
28.3799991607666	104.885765075684
28.3999996185303	111.365524291992
28.4200000762939	212.368194580078
28.4400005340576	105.218521118164
28.4599990844727	202.469741821289
28.4799995422363	89.9396209716797
28.5	137.501495361328
28.5200004577637	99.5338439941406
28.5400009155273	126.953483581543
28.5599994659424	102.737106323242
28.5799999237061	159.957412719727
28.6000003814697	55.2278251647949
28.6200008392334	122.08137512207
28.6399993896484	135.51692199707
28.6599998474121	176.439743041992
28.6800003051758	208.697845458984
28.7000007629395	69.3297729492188
28.7199993133545	140.745574951172
28.7399997711182	111.494026184082
28.7600002288818	42.8701324462891
28.7800006866455	85.2691802978516
28.7999992370605	224.660369873047
28.8199996948242	130.758422851563
28.8400001525879	117.505432128906
28.8600006103516	131.909545898438
28.8799991607666	66.4537963867188
28.8999996185303	182.960922241211
28.9200000762939	115.004371643066
28.9400005340576	95.8439559936523
28.9599990844727	149.17854309082
28.9799995422363	182.084487915039
29	163.264495849609
29.0200004577637	155.760375976563
29.0400009155273	210.350326538086
29.0599994659424	186.437255859375
29.0799999237061	85.8612976074219
29.1000003814697	161.809127807617
29.1200008392334	229.238479614258
29.1399993896484	358.375610351563
29.1599998474121	603.190002441406
29.1800003051758	936.342346191406
29.2000007629395	759.725219726563
29.2199993133545	526.709228515625
29.2399997711182	613.282897949219
29.2600002288818	641.549987792969
29.2800006866455	457.836853027344
29.2999992370605	181.48942565918
29.3199996948242	173.730499267578
29.3400001525879	181.746475219727
29.3600006103516	176.403564453125
29.3799991607666	143.708831787109
29.3999996185303	278.051177978516
29.4200000762939	105.729461669922
29.4400005340576	90.9186477661133
29.4599990844727	110.102485656738
29.4799995422363	119.810356140137
29.5	161.750289916992
29.5200004577637	72.4610137939453
29.5400009155273	113.834091186523
29.5599994659424	154.466247558594
29.5799999237061	127.023986816406
29.6000003814697	139.006805419922
29.6200008392334	154.6826171875
29.6399993896484	133.468307495117
29.6599998474121	128.541259765625
29.6800003051758	160.387619018555
29.7000007629395	86.4610290527344
29.7199993133545	152.13346862793
29.7399997711182	212.950546264648
29.7600002288818	74.2867660522461
29.7800006866455	150.876800537109
29.7999992370605	0
29.8199996948242	110.582328796387
29.8400001525879	132.598083496094
29.8600006103516	105.42227935791
29.8799991607666	150.238876342773
29.8999996185303	179.336181640625
29.9200000762939	21.098180770874
29.9400005340576	171.464431762695
29.9599990844727	95.3128662109375
29.9799995422363	2.25116038322449
30	104.339126586914
30.0200004577637	89.5293655395508
30.0400009155273	86.0382308959961
30.0599994659424	56.6768646240234
30.0799999237061	85.5376205444336
30.1000003814697	167.570281982422
30.1200008392334	64.2643432617188
30.1399993896484	91.8477401733398
30.1599998474121	172.502288818359
30.1800003051758	34.6380729675293
30.2000007629395	164.248306274414
30.2199993133545	80.1666107177734
30.2399997711182	116.079315185547
30.2600002288818	70.8823547363281
30.2800006866455	81.4826965332031
30.2999992370605	121.260093688965
30.3199996948242	112.908615112305
30.3400001525879	106.407608032227
30.3600006103516	67.3760070800781
30.3799991607666	173.026977539063
30.3999996185303	194.811431884766
30.4200000762939	127.056259155273
30.4400005340576	63.4131622314453
30.4599990844727	87.6664810180664
30.4799995422363	126.444244384766
30.5	146.262069702148
30.5200004577637	112.010673522949
30.5400009155273	83.6959075927734
30.5599994659424	155.854370117188
30.5799999237061	115.961059570313
30.6000003814697	137.544677734375
30.6200008392334	184.89892578125
30.6399993896484	185.716171264648
30.6599998474121	121.043449401855
30.6800003051758	135.561065673828
30.7000007629395	244.470245361328
30.7199993133545	202.356842041016
30.7399997711182	113.680824279785
30.7600002288818	168.666534423828
30.7800006866455	74.1883239746094
30.7999992370605	201.874176025391
30.8199996948242	68.3863983154297
30.8400001525879	61.4106826782227
30.8600006103516	137.673034667969
30.8799991607666	152.099700927734
30.8999996185303	206.630996704102
30.9200000762939	178.742477416992
30.9400005340576	197.267395019531
30.9599990844727	167.196151733398
30.9799995422363	268.208740234375
31	112.06111907959
31.0200004577637	250.096206665039
31.0400009155273	76.8517150878906
31.0599994659424	154.947937011719
31.0799999237061	200.162826538086
31.1000003814697	194.239929199219
31.1200008392334	14.2981481552124
31.1399993896484	87.2602386474609
31.1599998474121	73.7926635742188
31.1800003051758	192.390350341797
31.2000007629395	163.151443481445
31.2199993133545	46.3873405456543
31.2399997711182	64.0729675292969
31.2600002288818	102.475959777832
31.2800006866455	71.1455154418945
31.2999992370605	118.542060852051
31.3199996948242	147.997406005859
31.3400001525879	117.431144714355
31.3600006103516	73.2739028930664
31.3799991607666	237.179458618164
31.3999996185303	148.397827148438
31.4200000762939	100.33088684082
31.4400005340576	92.198844909668
31.4599990844727	6.4355092048645
31.4799995422363	194.882904052734
31.5	72.202278137207
31.5200004577637	56.6365928649902
31.5400009155273	119.574951171875
31.5599994659424	66.7007446289063
31.5799999237061	111.023048400879
31.6000003814697	145.22770690918
31.6200008392334	150.50178527832
31.6399993896484	162.911529541016
31.6599998474121	72.694450378418
31.6800003051758	9.31672954559326
31.7000007629395	22.0494861602783
31.7199993133545	146.075469970703
31.7399997711182	60.4587669372559
31.7600002288818	107.598190307617
31.7800006866455	80.8267364501953
31.7999992370605	120.675216674805
31.8199996948242	132.122970581055
31.8400001525879	21.4645328521729
31.8600006103516	177.970092773438
31.8799991607666	31.6378650665283
31.8999996185303	81.555908203125
31.9200000762939	55.1267242431641
31.9400005340576	189.149642944336
31.9599990844727	54.7567443847656
31.9799995422363	172.873352050781
32	151.651962280273
32.0200004577637	64.7429275512695
32.0400009155273	73.2804946899414
32.060001373291	181.168746948242
32.0800018310547	134.608367919922
32.0999984741211	120.750289916992
32.1199989318848	31.0474720001221
32.1399993896484	104.780883789063
32.1599998474121	0
32.1800003051758	47.3699989318848
32.2000007629395	175.455139160156
32.2200012207031	121.747184753418
32.2400016784668	194.521774291992
32.2599983215332	69.2792892456055
32.2799987792969	191.916641235352
32.2999992370605	156.322402954102
32.3199996948242	133.554824829102
32.3400001525879	79.4797134399414
32.3600006103516	101.652687072754
32.3800010681152	198.246307373047
32.4000015258789	63.6905670166016
32.4199981689453	174.2001953125
32.439998626709	42.7597618103027
32.4599990844727	145.617477416992
32.4799995422363	95.6660690307617
32.5	116.201095581055
32.5200004577637	67.9535827636719
32.5400009155273	97.5467224121094
32.560001373291	200.098022460938
32.5800018310547	42.9218406677246
32.5999984741211	74.0609588623047
32.6199989318848	187.215911865234
32.6399993896484	111.962341308594
32.6599998474121	126.130355834961
32.6800003051758	109.561401367188
32.7000007629395	101.174522399902
32.7200012207031	183.304016113281
32.7400016784668	71.8740844726563
32.7599983215332	71.1116256713867
32.7799987792969	155.357025146484
32.7999992370605	101.605407714844
32.8199996948242	84.4580612182617
32.8400001525879	92.4780120849609
32.8600006103516	135.325622558594
32.8800010681152	19.6854763031006
32.9000015258789	132.250457763672
32.9199981689453	52.7767868041992
32.939998626709	48.9788589477539
32.9599990844727	47.0671997070313
32.9799995422363	169.054885864258
33	133.169357299805
33.0200004577637	98.2490768432617
33.0400009155273	185.80078125
33.060001373291	120.407272338867
33.0800018310547	180.934860229492
33.0999984741211	78.0324630737305
33.1199989318848	188.161834716797
33.1399993896484	175.558731079102
33.1599998474121	38.3064422607422
33.1800003051758	29.8968544006348
33.2000007629395	125.509071350098
33.2200012207031	101.423301696777
33.2400016784668	50.3195915222168
33.2599983215332	118.435913085938
33.2799987792969	94.270263671875
33.2999992370605	180.67805480957
33.3199996948242	206.206146240234
33.3400001525879	36.2898178100586
33.3600006103516	133.856155395508
33.3800010681152	95.655517578125
33.4000015258789	201.099227905273
33.4199981689453	96.9046783447266
33.439998626709	160.036209106445
33.4599990844727	122.501159667969
33.4799995422363	89.8454818725586
33.5	251.672241210938
33.5200004577637	178.798080444336
33.5400009155273	145.875793457031
33.560001373291	0
33.5800018310547	204.341094970703
33.5999984741211	21.830810546875
33.6199989318848	79.6356430053711
33.6399993896484	69.7995681762695
33.6599998474121	83.5051651000977
33.6800003051758	138.327407836914
33.7000007629395	58.0638046264648
33.7200012207031	66.9742279052734
33.7400016784668	89.045280456543
33.7599983215332	65.703369140625
33.7799987792969	104.081016540527
33.7999992370605	89.6064987182617
33.8199996948242	104.743759155273
33.8400001525879	105.410766601563
33.8600006103516	140.445617675781
33.8800010681152	65.8056030273438
33.9000015258789	185.216751098633
33.9199981689453	141.16064453125
33.939998626709	106.491455078125
33.9599990844727	67.6880645751953
33.9799995422363	65.4088134765625
34	88.7600402832031
34.0200004577637	142.024230957031
34.0400009155273	141.264190673828
34.060001373291	104.249519348145
34.0800018310547	80.3749008178711
34.0999984741211	139.198043823242
34.1199989318848	46.6164436340332
34.1399993896484	160.257186889648
34.1599998474121	145.923950195313
34.1800003051758	143.160125732422
34.2000007629395	192.104919433594
34.2200012207031	95.7700500488281
34.2400016784668	107.826438903809
34.2599983215332	165.382583618164
34.2799987792969	12.8976888656616
34.2999992370605	81.12939453125
34.3199996948242	30.880298614502
34.3400001525879	43.9370613098145
34.3600006103516	67.4158477783203
34.3800010681152	124.03076171875
34.4000015258789	96.296012878418
34.4199981689453	72.8091125488281
34.439998626709	183.475982666016
34.4599990844727	66.8359603881836
34.4799995422363	151.885681152344
34.5	139.962127685547
34.5200004577637	56.4142799377441
34.5400009155273	145.283935546875
34.560001373291	36.7293472290039
34.5800018310547	204.556915283203
34.5999984741211	129.345626831055
34.6199989318848	155.763488769531
34.6399993896484	193.076202392578
34.6599998474121	88.3331832885742
34.6800003051758	68.1368865966797
34.7000007629395	0
34.7200012207031	71.767448425293
34.7400016784668	0
34.7599983215332	136.086212158203
34.7799987792969	0
34.7999992370605	85.0042495727539
34.8199996948242	152.693618774414
34.8400001525879	85.2548446655273
34.8600006103516	121.976867675781
34.8800010681152	84.2980880737305
34.9000015258789	162.742294311523
34.9199981689453	147.439605712891
34.939998626709	96.6564636230469
34.9599990844727	202.013946533203
34.9799995422363	177.053482055664
35	83.5321960449219
35.0200004577637	132.308822631836
35.0400009155273	216.761672973633
35.060001373291	80.9083709716797
35.0800018310547	86.4998245239258
35.0999984741211	137.429412841797
35.1199989318848	89.8255386352539
35.1399993896484	0
35.1599998474121	139.009841918945
35.1800003051758	167.425567626953
35.2000007629395	140.406982421875
35.2200012207031	13.5672597885132
35.2400016784668	136.294570922852
35.2599983215332	169.442474365234
35.2799987792969	37.9865760803223
35.2999992370605	26.0883293151855
35.3199996948242	151.958557128906
35.3400001525879	168.303909301758
35.3600006103516	53.6101341247559
35.3800010681152	103.854118347168
35.4000015258789	107.739807128906
35.4199981689453	214.720947265625
35.439998626709	49.6239204406738
35.4599990844727	55.6194000244141
35.4799995422363	95.281005859375
35.5	4.17912006378174
35.5200004577637	130.22119140625
35.5400009155273	181.363067626953
35.560001373291	126.862236022949
35.5800018310547	86.6498107910156
35.5999984741211	149.609451293945
35.6199989318848	77.1038208007813
35.6399993896484	26.4406127929688
35.6599998474121	40.4287223815918
35.6800003051758	133.071487426758
35.7000007629395	123.113670349121
35.7200012207031	101.99609375
35.7400016784668	93.1836090087891
35.7599983215332	136.528533935547
35.7799987792969	179.069030761719
35.7999992370605	28.9377155303955
35.8199996948242	55.2622222900391
35.8400001525879	137.196090698242
35.8600006103516	43.0791778564453
35.8800010681152	68.3391494750977
35.9000015258789	21.6809959411621
35.9199981689453	224.894256591797
35.939998626709	112.852668762207
35.9599990844727	136.172790527344
35.9799995422363	107.720893859863
36	195.033569335938
36.0200004577637	104.57666015625
36.0400009155273	74.6204833984375
36.060001373291	60.6222229003906
36.0800018310547	105.786994934082
36.0999984741211	181.043655395508
36.1199989318848	47.2842826843262
36.1399993896484	97.6949844360352
36.1599998474121	138.638626098633
36.1800003051758	276.899322509766
36.2000007629395	61.6512031555176
36.2200012207031	86.9221878051758
36.2400016784668	78.5101165771484
36.2599983215332	196.674057006836
36.2799987792969	31.4636459350586
36.2999992370605	140.627716064453
36.3199996948242	159.589309692383
36.3400001525879	146.407516479492
36.3600006103516	142.269165039063
36.3800010681152	79.9384460449219
36.4000015258789	149.998199462891
36.4199981689453	224.080856323242
36.439998626709	189.253265380859
36.4599990844727	191.992904663086
36.4799995422363	208.284332275391
36.5	153.261367797852
36.5200004577637	45.3925018310547
36.5400009155273	53.6510848999023
36.560001373291	116.863265991211
36.5800018310547	152.281692504883
36.5999984741211	76.2639083862305
36.6199989318848	224.190216064453
36.6399993896484	205.840927124023
36.6599998474121	122.742713928223
36.6800003051758	80.9586791992188
36.7000007629395	105.190444946289
36.7200012207031	17.5560131072998
36.7400016784668	102.980072021484
36.7599983215332	176.697540283203
36.7799987792969	103.782707214355
36.7999992370605	129.891204833984
36.8199996948242	172.565414428711
36.8400001525879	138.275924682617
36.8600006103516	52.1638145446777
36.8800010681152	43.2089500427246
36.9000015258789	95.3662338256836
36.9199981689453	96.6412811279297
36.939998626709	33.3394317626953
36.9599990844727	103.773330688477
36.9799995422363	153.417358398438
37	121.296272277832
37.0200004577637	162.039657592773
37.0400009155273	97.6723098754883
37.060001373291	152.548141479492
37.0800018310547	181.118499755859
37.0999984741211	72.7841415405273
37.1199989318848	200.753814697266
37.1399993896484	71.9401626586914
37.1599998474121	175.914291381836
37.1800003051758	153.719223022461
37.2000007629395	150.763702392578
37.2200012207031	147.739898681641
37.2400016784668	184.26416015625
37.2599983215332	182.039047241211
37.2799987792969	24.4399929046631
37.2999992370605	194.214050292969
37.3199996948242	65.3377532958984
37.3400001525879	125.145698547363
37.3600006103516	177.568389892578
37.3800010681152	106.04808807373
37.4000015258789	86.1906051635742
37.4199981689453	194.092132568359
37.439998626709	176.841232299805
37.4599990844727	94.3282470703125
37.4799995422363	108.042961120605
37.5	0
37.5200004577637	39.9182624816895
37.5400009155273	77.2986373901367
37.560001373291	201.220718383789
37.5800018310547	177.159561157227
37.5999984741211	183.766326904297
37.6199989318848	72.19384765625
37.6399993896484	126.683631896973
37.6599998474121	149.020935058594
37.6800003051758	230.127975463867
37.7000007629395	151.888793945313
37.7200012207031	0
37.7400016784668	63.5188980102539
37.7599983215332	79.7791061401367
37.7799987792969	161.895858764648
37.7999992370605	131.269104003906
37.8199996948242	149.183547973633
37.8400001525879	134.436157226563
37.8600006103516	15.4639749526978
37.8800010681152	58.8126754760742
37.9000015258789	140.279342651367
37.9199981689453	122.890182495117
37.939998626709	40.1074028015137
37.9599990844727	79.519905090332
37.9799995422363	165.11100769043
38	85.1156616210938
38.0200004577637	242.744552612305
38.0400009155273	154.3427734375
38.060001373291	122.861961364746
38.0800018310547	197.993942260742
38.0999984741211	125.708099365234
38.1199989318848	198.834899902344
38.1399993896484	55.6874465942383
38.1599998474121	151.400543212891
38.1800003051758	270.735015869141
38.2000007629395	415.328735351563
38.2200012207031	430.90185546875
38.2400016784668	170.704620361328
38.2599983215332	263.985687255859
38.2799987792969	226.60205078125
38.2999992370605	255.693130493164
38.3199996948242	274.178161621094
38.3400001525879	104.713111877441
38.3600006103516	108.883079528809
38.3800010681152	114.866775512695
38.4000015258789	74.8513259887695
38.4199981689453	85.4749298095703
38.439998626709	97.2547302246094
38.4599990844727	84.1454925537109
38.4799995422363	254.489898681641
38.5	130.08332824707
38.5200004577637	94.9738235473633
38.5400009155273	113.922821044922
38.560001373291	119.493156433105
38.5800018310547	118.506698608398
38.5999984741211	50.5553970336914
38.6199989318848	4.70435047149658
38.6399993896484	287.151214599609
38.6599998474121	133.153656005859
38.6800003051758	94.4612503051758
38.7000007629395	208.610198974609
38.7200012207031	148.846466064453
38.7400016784668	40.9930000305176
38.7599983215332	78.5436172485352
38.7799987792969	172.514556884766
38.7999992370605	123.550605773926
38.8199996948242	0
38.8400001525879	125.903678894043
38.8600006103516	112.688217163086
38.8800010681152	62.3862915039063
38.9000015258789	141.559448242188
38.9199981689453	213.938873291016
38.939998626709	77.8251113891602
38.9599990844727	115.844535827637
38.9799995422363	113.755165100098
39	123.82396697998
39.0200004577637	181.593444824219
39.0400009155273	200.6767578125
39.060001373291	152.159027099609
39.0800018310547	66.5757446289063
39.0999984741211	140.225708007813
39.1199989318848	171.604751586914
39.1399993896484	130.143539428711
39.1599998474121	63.5805702209473
39.1800003051758	72.0957641601563
39.2000007629395	203.000762939453
39.2200012207031	138.150894165039
39.2400016784668	126.080223083496
39.2599983215332	159.761016845703
39.2799987792969	73.1269226074219
39.2999992370605	111.835632324219
39.3199996948242	165.896728515625
39.3400001525879	163.028991699219
39.3600006103516	130.830657958984
39.3800010681152	67.9568099975586
39.4000015258789	204.236251831055
39.4199981689453	184.191390991211
39.439998626709	0
39.4599990844727	36.9277801513672
39.4799995422363	109.276786804199
39.5	145.204132080078
39.5200004577637	64.0673522949219
39.5400009155273	167.598373413086
39.560001373291	86.9211654663086
39.5800018310547	128.396774291992
39.5999984741211	212.860336303711
39.6199989318848	220.913665771484
39.6399993896484	234.769134521484
39.6599998474121	65.5451736450195
39.6800003051758	156.267211914063
39.7000007629395	145.44499206543
39.7200012207031	81.9948501586914
39.7400016784668	148.57373046875
39.7599983215332	305.910827636719
39.7799987792969	167.941757202148
39.7999992370605	184.797607421875
39.8199996948242	160.427581787109
39.8400001525879	98.0257949829102
39.8600006103516	232.479476928711
39.8800010681152	164.190933227539
39.9000015258789	244.275512695313
39.9199981689453	189.738021850586
39.939998626709	198.093322753906
39.9599990844727	144.151412963867
39.9799995422363	69.4059600830078
40	128.971343994141
40.0200004577637	187.262145996094
40.0400009155273	152.992599487305
40.060001373291	128.834365844727
40.0800018310547	141.442886352539
40.0999984741211	175.298278808594
40.1199989318848	214.859359741211
40.1399993896484	303.238922119141
40.1599998474121	327.600036621094
40.1800003051758	477.026611328125
40.2000007629395	615.789672851563
40.2200012207031	591.798950195313
40.2400016784668	580.055969238281
40.2599983215332	705.4267578125
40.2799987792969	882.158935546875
40.2999992370605	792.704040527344
40.3199996948242	1324.42712402344
40.3400001525879	2080.20068359375
40.3600006103516	4197.83837890625
40.3800010681152	8774.314453125
40.4000015258789	12821.5048828125
40.4199981689453	8206.357421875
40.439998626709	3467.76293945313
40.4599990844727	3077.24829101563
40.4799995422363	4477.0595703125
40.5	6465.8359375
40.5200004577637	5406.64404296875
40.5400009155273	2308.69506835938
40.560001373291	1280.73571777344
40.5800018310547	840.2978515625
40.5999984741211	636.986328125
40.6199989318848	522.079772949219
40.6399993896484	543.986206054688
40.6599998474121	383.671783447266
40.6800003051758	418.492248535156
40.7000007629395	231.661560058594
40.7200012207031	257.649780273438
40.7400016784668	213.075271606445
40.7599983215332	291.492126464844
40.7799987792969	311.8525390625
40.7999992370605	110.408172607422
40.8199996948242	249.365921020508
40.8400001525879	218.711853027344
40.8600006103516	264.094482421875
40.8800010681152	250.599472045898
40.9000015258789	78.8558044433594
40.9199981689453	18.8810176849365
40.939998626709	197.020370483398
40.9599990844727	133.511489868164
40.9799995422363	75.7887115478516
41	116.743011474609
41.0200004577637	95.8643569946289
41.0400009155273	126.13973236084
41.060001373291	151.341567993164
41.0800018310547	160.802764892578
41.0999984741211	221.596328735352
41.1199989318848	161.598968505859
41.1399993896484	244.744766235352
41.1599998474121	209.569976806641
41.1800003051758	155.302368164063
41.2000007629395	105.577789306641
41.2200012207031	283.863189697266
41.2400016784668	159.176879882813
41.2599983215332	215.342636108398
41.2799987792969	176.253768920898
41.2999992370605	148.68913269043
41.3199996948242	192.734741210938
41.3400001525879	202.200012207031
41.3600006103516	21.4321269989014
41.3800010681152	252.84245300293
41.4000015258789	178.678039550781
41.4199981689453	188.748733520508
41.439998626709	180.525772094727
41.4599990844727	151.70198059082
41.4799995422363	269.432098388672
41.5	166.88525390625
41.5200004577637	320.120391845703
41.5400009155273	352.373107910156
41.560001373291	390.945068359375
41.5800018310547	396.917266845703
41.5999984741211	504.069427490234
41.6199989318848	463.661560058594
41.6399993896484	433.229309082031
41.6599998474121	705.327575683594
41.6800003051758	726.231079101563
41.7000007629395	939.488830566406
41.7200012207031	1507.87854003906
41.7400016784668	3675.14038085938
41.7599983215332	8801.2021484375
41.7799987792969	10861.701171875
41.7999992370605	5429.41650390625
41.8199996948242	2536.54028320313
41.8400001525879	2447.9033203125
41.8600006103516	3748.70727539063
41.8800010681152	5786.37939453125
41.9000015258789	4489.17333984375
41.9199981689453	1944.35815429688
41.939998626709	1180.7021484375
41.9599990844727	742.563720703125
41.9799995422363	621.1748046875
42	420.947113037109
42.0200004577637	390.297424316406
42.0400009155273	333.467956542969
42.060001373291	235.193908691406
42.0800018310547	321.153869628906
42.0999984741211	214.382858276367
42.1199989318848	242.749359130859
42.1399993896484	153.389511108398
42.1599998474121	235.732925415039
42.1800003051758	213.612258911133
42.2000007629395	199.811157226563
42.2200012207031	90.8541259765625
42.2400016784668	115.975318908691
42.2599983215332	122.769676208496
42.2799987792969	209.520294189453
42.2999992370605	97.2445068359375
42.3199996948242	174.068572998047
42.3400001525879	173.308929443359
42.3600006103516	220.988006591797
42.3800010681152	204.775497436523
42.4000015258789	232.273590087891
42.4199981689453	171.297103881836
42.439998626709	149.398620605469
42.4599990844727	286.027923583984
42.4799995422363	154.59538269043
42.5	133.170745849609
42.5200004577637	230.957290649414
42.5400009155273	55.2663230895996
42.560001373291	158.750122070313
42.5800018310547	255.224075317383
42.5999984741211	121.800437927246
42.6199989318848	128.774353027344
42.6399993896484	155.805236816406
42.6599998474121	200.19970703125
42.6800003051758	216.910171508789
42.7000007629395	223.845260620117
42.7200012207031	116.364860534668
42.7400016784668	158.177993774414
42.7599983215332	121.531425476074
42.7799987792969	22.9900131225586
42.7999992370605	123.03018951416
42.8199996948242	219.636459350586
42.8400001525879	124.091812133789
42.8600006103516	0
42.8800010681152	189.941589355469
42.9000015258789	207.14892578125
42.9199981689453	97.2027893066406
42.939998626709	139.44172668457
42.9599990844727	170.734344482422
42.9799995422363	143.570007324219
43	240.55859375
43.0200004577637	163.980880737305
43.0400009155273	226.731460571289
43.060001373291	101.817268371582
43.0800018310547	122.99488067627
43.0999984741211	61.6227531433105
43.1199989318848	119.256881713867
43.1399993896484	157.064086914063
43.1599998474121	103.315452575684
43.1800003051758	180.863906860352
43.2000007629395	172.823791503906
43.2200012207031	161.913833618164
43.2400016784668	263.844909667969
43.2599983215332	298.582641601563
43.2799987792969	670.920837402344
43.2999992370605	545.224548339844
43.3199996948242	478.688049316406
43.3400001525879	256.311401367188
43.3600006103516	239.273712158203
43.3800010681152	384.205017089844
43.4000015258789	353.564270019531
43.4199981689453	330.639038085938
43.439998626709	259.392944335938
43.4599990844727	210.875213623047
43.4799995422363	249.188919067383
43.5	172.952301025391
43.5200004577637	173.296005249023
43.5400009155273	228.874206542969
43.560001373291	316.531463623047
43.5800018310547	48.6489906311035
43.5999984741211	171.949188232422
43.6199989318848	149.780456542969
43.6399993896484	153.58544921875
43.6599998474121	165.316787719727
43.6800003051758	146.676895141602
43.7000007629395	195.855285644531
43.7200012207031	72.4297103881836
43.7400016784668	185.155731201172
43.7599983215332	99.7696151733398
43.7799987792969	150.861663818359
43.7999992370605	196.300506591797
43.8199996948242	166.930099487305
43.8400001525879	22.435432434082
43.8600006103516	96.0576629638672
43.8800010681152	98.4682159423828
43.9000015258789	106.840911865234
43.9199981689453	161.630126953125
43.939998626709	11.560923576355
43.9599990844727	129.796081542969
43.9799995422363	124.534851074219
44	145.890197753906
44.0200004577637	73.0315704345703
44.0400009155273	147.991744995117
44.060001373291	103.249282836914
44.0800018310547	114.289421081543
44.0999984741211	109.705596923828
44.1199989318848	161.514007568359
44.1399993896484	172.999847412109
44.1599998474121	56.4071846008301
44.1800003051758	47.2580795288086
44.2000007629395	124.134407043457
44.2200012207031	186.102264404297
44.2400016784668	159.141586303711
44.2599983215332	141.580581665039
44.2799987792969	170.627319335938
44.2999992370605	162.749206542969
44.3199996948242	131.308532714844
44.3400001525879	228.163757324219
44.3600006103516	160.305633544922
44.3800010681152	124.125595092773
44.4000015258789	12.7380447387695
44.4199981689453	111.089729309082
44.439998626709	226.626815795898
44.4599990844727	214.332305908203
44.4799995422363	155.526290893555
44.5	127.781234741211
44.5200004577637	229.558135986328
44.5400009155273	221.418121337891
44.560001373291	109.177017211914
44.5800018310547	178.745941162109
44.5999984741211	33.8832397460938
44.6199989318848	66.9987564086914
44.6399993896484	215.354125976563
44.6599998474121	155.34553527832
44.6800003051758	153.838684082031
44.7000007629395	11.013671875
44.7200012207031	159.903259277344
44.7400016784668	204.221160888672
44.7599983215332	185.889404296875
44.7799987792969	120.432106018066
44.7999992370605	120.259307861328
44.8199996948242	0
44.8400001525879	103.096389770508
44.8600006103516	165.981521606445
44.8800010681152	78.6521759033203
44.9000015258789	70.3532485961914
44.9199981689453	165.677291870117
44.939998626709	115.61353302002
44.9599990844727	157.229080200195
44.9799995422363	156.15510559082
45	110.67756652832
45.0200004577637	54.4964485168457
45.0400009155273	221.672012329102
45.060001373291	107.84627532959
45.0800018310547	35.9073791503906
45.0999984741211	82.6104354858398
45.1199989318848	63.2405738830566
45.1399993896484	31.7215595245361
45.1599998474121	104.89818572998
45.1800003051758	150.040634155273
45.2000007629395	164.377166748047
45.2200012207031	115.350799560547
45.2400016784668	133.240036010742
45.2599983215332	165.817474365234
45.2799987792969	148.645660400391
45.2999992370605	108.290542602539
45.3199996948242	225.224609375
45.3400001525879	145.665786743164
45.3600006103516	73.6469879150391
45.3800010681152	176.56787109375
45.4000015258789	111.584243774414
45.4199981689453	80.2382125854492
45.439998626709	109.57421875
45.4599990844727	130.162322998047
45.4799995422363	176.318466186523
45.5	118.856201171875
45.5200004577637	155.916717529297
45.5400009155273	71.5575637817383
45.560001373291	72.95849609375
45.5800018310547	242.50373840332
45.5999984741211	118.203025817871
45.6199989318848	155.533416748047
45.6399993896484	176.332427978516
45.6599998474121	191.936569213867
45.6800003051758	122.411590576172
45.7000007629395	218.886306762695
45.7200012207031	192.264465332031
45.7400016784668	43.5343818664551
45.7599983215332	130.628082275391
45.7799987792969	21.6625099182129
45.7999992370605	77.3272705078125
45.8199996948242	222.174118041992
45.8400001525879	134.875854492188
45.8600006103516	129.948471069336
45.8800010681152	159.717529296875
45.9000015258789	264.43701171875
45.9199981689453	233.033752441406
45.939998626709	160.637802124023
45.9599990844727	174.550033569336
45.9799995422363	101.20751953125
46	55.8872909545898
46.0200004577637	72.1571350097656
46.0400009155273	162.172317504883
46.060001373291	187.418014526367
46.0800018310547	17.6579132080078
46.0999984741211	70.7098541259766
46.1199989318848	151.384765625
46.1399993896484	41.7961730957031
46.1599998474121	147.528305053711
46.1800003051758	43.7705192565918
46.2000007629395	232.563201904297
46.2200012207031	118.543243408203
46.2400016784668	124.909843444824
46.2599983215332	237.076370239258
46.2799987792969	139.879959106445
46.2999992370605	230.205917358398
46.3199996948242	72.2029342651367
46.3400001525879	30.5884132385254
46.3600006103516	104.206398010254
46.3800010681152	85.7718963623047
46.4000015258789	142.311584472656
46.4199981689453	141.136291503906
46.439998626709	128.247024536133
46.4599990844727	129.644348144531
46.4799995422363	0
46.5	298.067810058594
46.5200004577637	151.791290283203
46.5400009155273	80.9160003662109
46.560001373291	114.312911987305
46.5800018310547	97.7559280395508
46.5999984741211	211.324920654297
46.6199989318848	106.597183227539
46.6399993896484	155.532379150391
46.6599998474121	22.6583290100098
46.6800003051758	126.137786865234
46.7000007629395	57.1158905029297
46.7200012207031	120.359153747559
46.7400016784668	81.7527618408203
46.7599983215332	179.066635131836
46.7799987792969	253.487701416016
46.7999992370605	142.097137451172
46.8199996948242	201.053909301758
46.8400001525879	299.977752685547
46.8600006103516	248.370971679688
46.8800010681152	226.929672241211
46.9000015258789	298.389343261719
46.9199981689453	406.663116455078
46.939998626709	495.741882324219
46.9599990844727	1272.59497070313
46.9799995422363	2562.05249023438
47	3161.92919921875
47.0200004577637	2151.94458007813
47.0400009155273	1148.51220703125
47.060001373291	895.537841796875
47.0800018310547	737.326599121094
47.0999984741211	1071.97741699219
47.1199989318848	2006.95275878906
47.1399993896484	1514.8544921875
47.1599998474121	694.404296875
47.1800003051758	405.170166015625
47.2000007629395	338.060791015625
47.2200012207031	244.395370483398
47.2400016784668	226.559906005859
47.2599983215332	202.866394042969
47.2799987792969	202.924362182617
47.2999992370605	179.350677490234
47.3199996948242	178.294174194336
47.3400001525879	146.136352539063
47.3600006103516	166.908004760742
47.3800010681152	274.110229492188
47.4000015258789	146.146789550781
47.4199981689453	231.798202514648
47.439998626709	112.125076293945
47.4599990844727	103.406547546387
47.4799995422363	153.657196044922
47.5	66.5998229980469
47.5200004577637	108.333702087402
47.5400009155273	70.2293548583984
47.560001373291	170.672256469727
47.5800018310547	122.332763671875
47.5999984741211	196.176773071289
47.6199989318848	33.9853515625
47.6399993896484	161.593887329102
47.6599998474121	134.676452636719
47.6800003051758	3.58773183822632
47.7000007629395	134.023513793945
47.7200012207031	119.41219329834
47.7400016784668	155.331909179688
47.7599983215332	114.623733520508
47.7799987792969	165.146759033203
47.7999992370605	11.0416040420532
47.8199996948242	235.573471069336
47.8400001525879	104.023468017578
47.8600006103516	165.703842163086
47.8800010681152	65.8190765380859
47.9000015258789	128.972747802734
47.9199981689453	66.3105545043945
47.939998626709	116.219802856445
47.9599990844727	102.171524047852
47.9799995422363	92.4127731323242
48	101.919410705566
48.0200004577637	227.660171508789
48.0400009155273	34.6744270324707
48.060001373291	187.250015258789
48.0800018310547	124.137100219727
48.0999984741211	158.881256103516
48.1199989318848	127.43994140625
48.1399993896484	202.37712097168
48.1599998474121	163.418395996094
48.1800003051758	140.158325195313
48.2000007629395	247.294006347656
48.2200012207031	94.1233978271484
48.2400016784668	111.73006439209
48.2599983215332	113.926864624023
48.2799987792969	98.7112884521484
48.2999992370605	5.61413049697876
48.3199996948242	79.0328826904297
48.3400001525879	103.012336730957
48.3600006103516	92.2671661376953
48.3800010681152	145.098480224609
48.4000015258789	187.107360839844
48.4199981689453	82.5571594238281
48.439998626709	212.043670654297
48.4599990844727	145.376708984375
48.4799995422363	185.397216796875
48.5	252.253829956055
48.5200004577637	122.432647705078
48.5400009155273	88.9855499267578
48.560001373291	204.4697265625
48.5800018310547	229.652450561523
48.5999984741211	125.702705383301
48.6199989318848	160.94645690918
48.6399993896484	163.206207275391
48.6599998474121	88.0898132324219
48.6800003051758	25.8152313232422
48.7000007629395	97.2463531494141
48.7200012207031	212.867111206055
48.7400016784668	217.141342163086
48.7599983215332	41.3034896850586
48.7799987792969	180.080520629883
48.7999992370605	79.0404891967773
48.8199996948242	185.912612915039
48.8400001525879	209.191390991211
48.8600006103516	96.3100967407227
48.8800010681152	90.0738830566406
48.9000015258789	258.247741699219
48.9199981689453	84.5497665405273
48.939998626709	142.064178466797
48.9599990844727	125.320953369141
48.9799995422363	167.563949584961
49	96.4571838378906
49.0200004577637	193.46614074707
49.0400009155273	185.91569519043
49.060001373291	125.418876647949
49.0800018310547	209.487991333008
49.0999984741211	200.767135620117
49.1199989318848	207.610778808594
49.1399993896484	129.741973876953
49.1599998474121	119.088157653809
49.1800003051758	263.630706787109
49.2000007629395	283.440490722656
49.2200012207031	352.487060546875
49.2400016784668	388.484588623047
49.2599983215332	396.440795898438
49.2799987792969	355.658081054688
49.2999992370605	370.149566650391
49.3199996948242	525.735900878906
49.3400001525879	475.969451904297
49.3600006103516	683.152404785156
49.3800010681152	1067.4169921875
49.4000015258789	2434.96362304688
49.4199981689453	4782.93359375
49.439998626709	7205.92431640625
49.4599990844727	4704.04150390625
49.4799995422363	2442.482421875
49.5	1595.76708984375
49.5200004577637	1402.08752441406
49.5400009155273	2492.57543945313
49.560001373291	4016.23168945313
49.5800018310547	4451.12841796875
49.5999984741211	2967.46142578125
49.6199989318848	1740.92004394531
49.6399993896484	979.973266601563
49.6599998474121	733.144958496094
49.6800003051758	610.133972167969
49.7000007629395	719.154235839844
49.7200012207031	1108.28649902344
49.7400016784668	953.957824707031
49.7599983215332	459.577117919922
49.7799987792969	336.008911132813
49.7999992370605	320.440185546875
49.8199996948242	238.521606445313
49.8400001525879	136.711044311523
49.8600006103516	84.182746887207
49.8800010681152	228.676803588867
49.9000015258789	217.928894042969
49.9199981689453	177.95246887207
49.939998626709	227.468292236328
49.9599990844727	99.5635833740234
49.9799995422363	265.769195556641
50	34.2938270568848
50.0200004577637	200.730499267578
50.0400009155273	147.631774902344
50.060001373291	243.332717895508
50.0800018310547	82.3632354736328
50.0999984741211	72.4660186767578
50.1199989318848	132.269897460938
50.1399993896484	95.2815856933594
50.1599998474121	93.7358093261719
50.1800003051758	125.50609588623
50.2000007629395	115.023651123047
50.2200012207031	78.6980285644531
50.2400016784668	1.90753579139709
50.2599983215332	106.497703552246
50.2799987792969	49.8834953308105
50.2999992370605	208.481781005859
50.3199996948242	26.9841575622559
50.3400001525879	213.092407226563
50.3600006103516	194.78190612793
50.3800010681152	160.315307617188
50.4000015258789	194.252410888672
50.4199981689453	146.570404052734
50.439998626709	174.17626953125
50.4599990844727	199.71403503418
50.4799995422363	81.2035598754883
50.5	140.322891235352
50.5200004577637	214.563720703125
50.5400009155273	202.940322875977
50.560001373291	91.9827728271484
50.5800018310547	153.785171508789
50.5999984741211	151.708068847656
50.6199989318848	31.1817989349365
50.6399993896484	187.542343139648
50.6599998474121	105.155960083008
50.6800003051758	192.927474975586
50.7000007629395	140.943023681641
50.7200012207031	158.686096191406
50.7400016784668	136.863067626953
50.7599983215332	182.983291625977
50.7799987792969	155.0654296875
50.7999992370605	92.9088134765625
50.8199996948242	9.36631393432617
50.8400001525879	83.1848220825195
50.8600006103516	176.434677124023
50.8800010681152	150.657516479492
50.9000015258789	65.188362121582
50.9199981689453	185.861389160156
50.939998626709	29.4823226928711
50.9599990844727	85.0258560180664
50.9799995422363	113.211631774902
51	124.268440246582
51.0200004577637	163.028396606445
51.0400009155273	96.5251007080078
51.060001373291	137.330627441406
51.0800018310547	228.573654174805
51.0999984741211	56.1194229125977
51.1199989318848	179.935241699219
51.1399993896484	26.9631252288818
51.1599998474121	135.95751953125
51.1800003051758	141.987808227539
51.2000007629395	211.214630126953
51.2200012207031	340.833984375
51.2400016784668	318.085693359375
51.2599983215332	134.615203857422
51.2799987792969	186.859313964844
51.2999992370605	231.766967773438
51.3199996948242	245.873764038086
51.3400001525879	230.51203918457
51.3600006103516	179.54264831543
51.3800010681152	193.080032348633
51.4000015258789	315.427734375
51.4199981689453	226.263580322266
51.439998626709	156.774993896484
51.4599990844727	166.0087890625
51.4799995422363	132.006454467773
51.5	43.2527503967285
51.5200004577637	168.130035400391
51.5400009155273	96.0146713256836
51.560001373291	46.655834197998
51.5800018310547	127.120300292969
51.5999984741211	152.701187133789
51.6199989318848	120.213874816895
51.6399993896484	179.545104980469
51.6599998474121	183.968780517578
51.6800003051758	245.22265625
51.7000007629395	126.748870849609
51.7200012207031	139.664810180664
51.7400016784668	210.726181030273
51.7599983215332	167.215515136719
51.7799987792969	288.486724853516
51.7999992370605	612.505554199219
51.8199996948242	486.722015380859
51.8400001525879	196.279678344727
51.8600006103516	302.738372802734
51.8800010681152	158.974136352539
51.9000015258789	159.273086547852
51.9199981689453	182.197769165039
51.939998626709	592.265014648438
51.9599990844727	220.938262939453
51.9799995422363	344.046936035156
52	186.797973632813
52.0200004577637	175.687973022461
52.0400009155273	126.670402526855
52.060001373291	115.721649169922
52.0800018310547	66.1174011230469
52.0999984741211	41.5608100891113
52.1199989318848	178.035461425781
52.1399993896484	275.601959228516
52.1599998474121	107.063919067383
52.1800003051758	190.964797973633
52.2000007629395	171.443878173828
52.2200012207031	123.063774108887
52.2400016784668	88.8030242919922
52.2599983215332	0
52.2799987792969	79.9116287231445
52.2999992370605	181.917388916016
52.3199996948242	247.050521850586
52.3400001525879	96.956672668457
52.3600006103516	122.008003234863
52.3800010681152	69.6252288818359
52.4000015258789	83.8949127197266
52.4199981689453	134.978454589844
52.439998626709	173.402282714844
52.4599990844727	87.4596557617188
52.4799995422363	250.931137084961
52.5	181.473495483398
52.5200004577637	204.606506347656
52.5400009155273	124.88005065918
52.560001373291	124.030052185059
52.5800018310547	124.231353759766
52.5999984741211	106.184440612793
52.6199989318848	85.3113708496094
52.6399993896484	259.645111083984
52.6599998474121	180.464126586914
52.6800003051758	119.398902893066
52.7000007629395	272.200592041016
52.7200012207031	153.320739746094
52.7400016784668	87.627799987793
52.7599983215332	141.171371459961
52.7799987792969	165.724655151367
52.7999992370605	168.681060791016
52.8199996948242	147.844985961914
52.8400001525879	50.4258499145508
52.8600006103516	119.904479980469
52.8800010681152	149.886810302734
52.9000015258789	133.601623535156
52.9199981689453	214.935104370117
52.939998626709	179.588424682617
52.9599990844727	133.128356933594
52.9799995422363	96.4996795654297
53	88.1178894042969
53.0200004577637	320.243896484375
53.0400009155273	133.87451171875
53.060001373291	223.691711425781
53.0800018310547	97.6537399291992
53.0999984741211	138.654815673828
53.1199989318848	203.876800537109
53.1399993896484	198.576416015625
53.1599998474121	122.855163574219
53.1800003051758	107.998657226563
53.2000007629395	176.674774169922
53.2200012207031	124.351219177246
53.2400016784668	176.069686889648
53.2599983215332	148.083480834961
53.2799987792969	212.020935058594
53.2999992370605	111.740585327148
53.3199996948242	63.8299827575684
53.3400001525879	94.9267807006836
53.3600006103516	142.405166625977
53.3800010681152	151.584838867188
53.4000015258789	178.726608276367
53.4199981689453	98.3239669799805
53.439998626709	136.347229003906
53.4599990844727	185.763427734375
53.4799995422363	22.1341075897217
53.5	183.002975463867
53.5200004577637	7.40911865234375
53.5400009155273	180.721069335938
53.560001373291	99.2637405395508
53.5800018310547	174.069763183594
53.5999984741211	160.807632446289
53.6199989318848	162.600021362305
53.6399993896484	57.2931289672852
53.6599998474121	5.74901914596558
53.6800003051758	177.71923828125
53.7000007629395	237.554443359375
53.7200012207031	137.272506713867
53.7400016784668	183.376266479492
53.7599983215332	212.016082763672
53.7799987792969	164.271362304688
53.7999992370605	180.834915161133
53.8199996948242	64.0781860351563
53.8400001525879	139.984832763672
53.8600006103516	161.799011230469
53.8800010681152	173.746139526367
53.9000015258789	194.526550292969
53.9199981689453	245.594375610352
53.939998626709	155.333908081055
53.9599990844727	190.807220458984
53.9799995422363	120.99275970459
54	120.861854553223
54.0200004577637	219.02653503418
54.0400009155273	123.813896179199
54.060001373291	211.680358886719
54.0800018310547	199.456970214844
54.0999984741211	42.0477600097656
54.1199989318848	184.350769042969
54.1399993896484	109.043617248535
54.1599998474121	154.301391601563
54.1800003051758	207.07942199707
54.2000007629395	154.515686035156
54.2200012207031	151.056137084961
54.2400016784668	108.185859680176
54.2599983215332	155.056076049805
54.2799987792969	245.322845458984
54.2999992370605	239.250564575195
54.3199996948242	125.065765380859
54.3400001525879	108.222526550293
54.3600006103516	254.841079711914
54.3800010681152	102.84593963623
54.4000015258789	145.083206176758
54.4199981689453	244.201705932617
54.439998626709	160.987121582031
54.4599990844727	149.901245117188
54.4799995422363	253.258102416992
54.5	152.646087646484
54.5200004577637	135.035125732422
54.5400009155273	168.006759643555
54.560001373291	170.208129882813
54.5800018310547	138.319946289063
54.5999984741211	176.239242553711
54.6199989318848	116.725288391113
54.6399993896484	41.1748580932617
54.6599998474121	153.364685058594
54.6800003051758	156.150573730469
54.7000007629395	206.922058105469
54.7200012207031	88.559326171875
54.7400016784668	117.327323913574
54.7599983215332	45.9358558654785
54.7799987792969	187.653518676758
54.7999992370605	140.12321472168
54.8199996948242	138.460601806641
54.8400001525879	114.009880065918
54.8600006103516	154.713745117188
54.8800010681152	95.4131622314453
54.9000015258789	114.062973022461
54.9199981689453	226.352340698242
54.939998626709	106.230804443359
54.9599990844727	159.559036254883
54.9799995422363	111.052421569824
55	81.8391494750977
55.0200004577637	38.7962532043457
55.0400009155273	30.9227504730225
55.060001373291	156.697265625
55.0800018310547	129.221542358398
55.0999984741211	223.485870361328
55.1199989318848	119.679397583008
55.1399993896484	107.372512817383
55.1599998474121	123.170753479004
55.1800003051758	209.18327331543
55.2000007629395	288.993347167969
55.2200012207031	180.831497192383
55.2400016784668	133.947677612305
55.2599983215332	113.320404052734
55.2799987792969	159.046203613281
55.2999992370605	138.292755126953
55.3199996948242	100.178703308105
55.3400001525879	98.0640182495117
55.3600006103516	43.2890205383301
55.3800010681152	89.8492584228516
55.4000015258789	123.420867919922
55.4199981689453	111.989189147949
55.439998626709	152.149887084961
55.4599990844727	199.354187011719
55.4799995422363	106.933418273926
55.5	122.221389770508
55.5200004577637	212.708251953125
55.5400009155273	234.928588867188
55.560001373291	217.106430053711
55.5800018310547	182.945693969727
55.5999984741211	118.905502319336
55.6199989318848	171.545211791992
55.6399993896484	0
55.6599998474121	87.3506317138672
55.6800003051758	88.2776336669922
55.7000007629395	85.8085098266602
55.7200012207031	98.8317260742188
55.7400016784668	64.0097579956055
55.7599983215332	45.8613052368164
55.7799987792969	42.8281517028809
55.7999992370605	202.175247192383
55.8199996948242	245.202255249023
55.8400001525879	98.5331954956055
55.8600006103516	189.655822753906
55.8800010681152	132.128997802734
55.9000015258789	162.186676025391
55.9199981689453	117.64933013916
55.939998626709	195.942687988281
55.9599990844727	117.135620117188
55.9799995422363	110.45240020752
56	181.078674316406
56.0200004577637	212.64599609375
56.0400009155273	157.568511962891
56.060001373291	12.8527393341064
56.0800018310547	84.2050247192383
56.0999984741211	158.936630249023
56.1199989318848	121.021286010742
56.1399993896484	109.440635681152
56.1599998474121	196.490524291992
56.1800003051758	80.515510559082
56.2000007629395	117.848434448242
56.2200012207031	142.721878051758
56.2400016784668	148.916809082031
56.2599983215332	74.6772155761719
56.2799987792969	102.207618713379
56.2999992370605	135.972869873047
56.3199996948242	135.046813964844
56.3400001525879	173.55517578125
56.3600006103516	122.26651763916
56.3800010681152	69.4875717163086
56.4000015258789	63.4687156677246
56.4199981689453	81.8188934326172
56.439998626709	89.7764358520508
56.4599990844727	260.52587890625
56.4799995422363	143.395233154297
56.5	179.328353881836
56.5200004577637	109.751281738281
56.5400009155273	227.975799560547
56.560001373291	177.135879516602
56.5800018310547	209.431503295898
56.5999984741211	143.585037231445
56.6199989318848	196.860366821289
56.6399993896484	167.854232788086
56.6599998474121	213.41357421875
56.6800003051758	169.78596496582
56.7000007629395	204.204284667969
56.7200012207031	212.980026245117
56.7400016784668	139.041748046875
56.7599983215332	100.232223510742
56.7799987792969	193.990936279297
56.7999992370605	175.954193115234
56.8199996948242	274.206573486328
56.8400001525879	353.550170898438
56.8600006103516	402.780731201172
56.8800010681152	334.043243408203
56.9000015258789	261.072296142578
56.9199981689453	217.58544921875
56.939998626709	91.9688720703125
56.9599990844727	246.392822265625
56.9799995422363	286.194030761719
57	323.002105712891
57.0200004577637	134.949020385742
57.0400009155273	202.730072021484
57.060001373291	191.791625976563
57.0800018310547	240.376480102539
57.0999984741211	123.823677062988
57.1199989318848	120.530776977539
57.1399993896484	58.9260673522949
57.1599998474121	248.015167236328
57.1800003051758	237.42366027832
57.2000007629395	34.8490028381348
57.2200012207031	174.834579467773
57.2400016784668	154.890914916992
57.2599983215332	298.285736083984
57.2799987792969	123.867782592773
57.2999992370605	152.076232910156
57.3199996948242	111.229118347168
57.3400001525879	177.630249023438
57.3600006103516	136.170532226563
57.3800010681152	100.112701416016
57.4000015258789	223.347396850586
57.4199981689453	99.8924255371094
57.439998626709	305.517730712891
57.4599990844727	163.5322265625
57.4799995422363	178.793151855469
57.5	190.553985595703
57.5200004577637	155.638809204102
57.5400009155273	125.57829284668
57.560001373291	179.006378173828
57.5800018310547	211.117828369141
57.5999984741211	76.023063659668
57.6199989318848	189.321044921875
57.6399993896484	139.048309326172
57.6599998474121	194.789535522461
57.6800003051758	75.7284622192383
57.7000007629395	175.795211791992
57.7200012207031	68.7319030761719
57.7400016784668	60.8848266601563
57.7599983215332	163.315902709961
57.7799987792969	238.989562988281
57.7999992370605	120.874061584473
57.8199996948242	148.812927246094
57.8400001525879	257.212310791016
57.8600006103516	188.478149414063
57.8800010681152	165.822616577148
57.9000015258789	256.827758789063
57.9199981689453	155.518035888672
57.939998626709	155.471725463867
57.9599990844727	150.929580688477
57.9799995422363	158.995666503906
58	26.016263961792
58.0200004577637	140.513870239258
58.0400009155273	206.465972900391
58.060001373291	192.443099975586
58.0800018310547	0
58.0999984741211	112.823638916016
58.1199989318848	121.343978881836
58.1399993896484	179.416290283203
58.1599998474121	110.207992553711
58.1800003051758	167.351455688477
58.2000007629395	153.56103515625
58.2200012207031	216.582489013672
58.2400016784668	74.7831878662109
58.2599983215332	106.659774780273
58.2799987792969	213.168823242188
58.2999992370605	203.045211791992
58.3199996948242	259.931854248047
58.3400001525879	99.6067733764648
58.3600006103516	102.965370178223
58.3800010681152	221.104507446289
58.4000015258789	99.127067565918
58.4199981689453	141.808303833008
58.439998626709	302.835327148438
58.4599990844727	116.830078125
58.4799995422363	182.420211791992
58.5	232.047775268555
58.5200004577637	163.836761474609
58.5400009155273	245.925674438477
58.560001373291	133.571151733398
58.5800018310547	170.512344360352
58.5999984741211	85.0936889648438
58.6199989318848	62.6540298461914
58.6399993896484	213.377838134766
58.6599998474121	216.368225097656
58.6800003051758	29.8721790313721
58.7000007629395	95.6074981689453
58.7200012207031	188.301651000977
58.7400016784668	148.74462890625
58.7599983215332	77.6495819091797
58.7799987792969	153.532562255859
58.7999992370605	105.204261779785
58.8199996948242	114.517578125
58.8400001525879	199.741439819336
58.8600006103516	215.402755737305
58.8800010681152	203.437515258789
58.9000015258789	134.195861816406
58.9199981689453	203.137557983398
58.939998626709	195.536529541016
58.9599990844727	48.8826522827148
58.9799995422363	159.591583251953
59	175.949584960938
59.0200004577637	217.279541015625
59.0400009155273	100.407035827637
59.060001373291	218.452758789063
59.0800018310547	176.122329711914
59.0999984741211	184.217712402344
59.1199989318848	57.4518280029297
59.1399993896484	190.668106079102
59.1599998474121	141.566436767578
59.1800003051758	112.192970275879
59.2000007629395	157.683135986328
59.2200012207031	183.749130249023
59.2400016784668	141.661956787109
59.2599983215332	160.687149047852
59.2799987792969	104.918594360352
59.2999992370605	72.378288269043
59.3199996948242	318.358428955078
59.3400001525879	145.107360839844
59.3600006103516	52.1128158569336
59.3800010681152	99.2698059082031
59.4000015258789	149.510711669922
59.4199981689453	65.0831604003906
59.439998626709	163.852569580078
59.4599990844727	144.053009033203
59.4799995422363	137.281524658203
59.5	197.598175048828
59.5200004577637	164.339294433594
59.5400009155273	178.991851806641
59.560001373291	97.1697006225586
59.5800018310547	234.322845458984
59.5999984741211	248.241653442383
59.6199989318848	79.7653732299805
59.6399993896484	240.601119995117
59.6599998474121	187.313369750977
59.6800003051758	159.459838867188
59.7000007629395	108.085266113281
59.7200012207031	160.89631652832
59.7400016784668	123.726448059082
59.7599983215332	178.555587768555
59.7799987792969	222.41340637207
59.7999992370605	58.472843170166
59.8199996948242	126.024742126465
59.8400001525879	233.698471069336
59.8600006103516	104.90503692627
59.8800010681152	90.6518402099609
59.9000015258789	235.996139526367
59.9199981689453	126.303314208984
59.939998626709	109.179206848145
59.9599990844727	151.250900268555
59.9799995422363	161.766693115234
60	210.925567626953
60.0200004577637	216.867782592773
60.0400009155273	91.1847229003906
60.060001373291	134.413711547852
60.0800018310547	145.760101318359
60.0999984741211	204.360931396484
60.1199989318848	201.063110351563
60.1399993896484	122.991371154785
60.1599998474121	219.573974609375
60.1800003051758	89.3940887451172
60.2000007629395	98.6019287109375
60.2200012207031	72.8396606445313
60.2400016784668	195.513153076172
60.2599983215332	206.761672973633
60.2799987792969	218.918380737305
60.2999992370605	190.539001464844
60.3199996948242	229.257690429688
60.3400001525879	223.945693969727
60.3600006103516	99.5124206542969
60.3800010681152	76.3565902709961
60.4000015258789	215.081130981445
60.4199981689453	180.811340332031
60.439998626709	303.147552490234
60.4599990844727	225.912750244141
60.4799995422363	188.074615478516
60.5	222.980651855469
60.5200004577637	327.332214355469
60.5400009155273	567.7421875
60.560001373291	780.301513671875
60.5800018310547	1471.90515136719
60.5999984741211	1718.29650878906
60.6199989318848	1183.86999511719
60.6399993896484	752.166748046875
60.6599998474121	400.081909179688
60.6800003051758	351.031860351563
60.7000007629395	412.906524658203
60.7200012207031	544.774230957031
60.7400016784668	822.637451171875
60.7599983215332	726.519165039063
60.7799987792969	868.500549316406
60.7999992370605	439.216827392578
60.8199996948242	322.499908447266
60.8400001525879	338.493072509766
60.8600006103516	280.496520996094
60.8800010681152	160.535415649414
60.9000015258789	197.753707885742
60.9199981689453	175.394989013672
60.939998626709	165.633255004883
60.9599990844727	174.738952636719
60.9799995422363	178.377563476563
61	189.6708984375
61.0200004577637	170.349685668945
61.0400009155273	131.623580932617
61.060001373291	151.902725219727
61.0800018310547	175.537002563477
61.0999984741211	254.73796081543
61.1199989318848	68.8717880249023
61.1399993896484	109.637504577637
61.1599998474121	139.857543945313
61.1800003051758	200.235061645508
61.2000007629395	157.456802368164
61.2200012207031	183.259399414063
61.2400016784668	53.8646011352539
61.2599983215332	188.092193603516
61.2799987792969	227.055557250977
61.2999992370605	124.158309936523
61.3199996948242	154.934417724609
61.3400001525879	194.817245483398
61.3600006103516	44.996467590332
61.3800010681152	135.666076660156
61.4000015258789	153.215469360352
61.4199981689453	225.663986206055
61.439998626709	216.226806640625
61.4599990844727	88.5035171508789
61.4799995422363	117.266540527344
61.5	141.904647827148
61.5200004577637	109.720748901367
61.5400009155273	266.141510009766
61.560001373291	168.814147949219
61.5800018310547	154.98876953125
61.5999984741211	272.182983398438
61.6199989318848	201.242553710938
61.6399993896484	117.780700683594
61.6599998474121	140.897552490234
61.6800003051758	96.4943084716797
61.7000007629395	277.383605957031
61.7200012207031	150.519409179688
61.7400016784668	145.080108642578
61.7599983215332	93.8232879638672
61.7799987792969	106.477325439453
61.7999992370605	96.4203033447266
61.8199996948242	231.524459838867
61.8400001525879	207.948791503906
61.8600006103516	233.231079101563
61.8800010681152	222.308959960938
61.9000015258789	186.287185668945
61.9199981689453	58.8955574035645
61.939998626709	139.126327514648
61.9599990844727	206.464004516602
61.9799995422363	244.635879516602
62	243.190048217773
62.0200004577637	187.173812866211
62.0400009155273	252.153732299805
62.060001373291	172.007141113281
62.0800018310547	127.003707885742
62.0999984741211	131.000549316406
62.1199989318848	151.063751220703
62.1399993896484	203.687805175781
62.1599998474121	50.4806137084961
62.1800003051758	190.389984130859
62.2000007629395	60.5312652587891
62.2200012207031	154.243835449219
62.2400016784668	264.717529296875
62.2599983215332	133.155654907227
62.2799987792969	184.702697753906
62.2999992370605	55.4842491149902
62.3199996948242	28.4868469238281
62.3400001525879	91.3478393554688
62.3600006103516	72.3643264770508
62.3800010681152	190.312896728516
62.4000015258789	253.394927978516
62.4199981689453	101.408233642578
62.439998626709	103.157508850098
62.4599990844727	211.773986816406
62.4799995422363	52.4962959289551
62.5	232.506591796875
62.5200004577637	128.378921508789
62.5400009155273	203.660797119141
62.560001373291	132.270080566406
62.5800018310547	206.621673583984
62.5999984741211	88.6242065429688
62.6199989318848	106.211563110352
62.6399993896484	158.034637451172
62.6599998474121	180.489822387695
62.6800003051758	125.169387817383
62.7000007629395	122.291107177734
62.7200012207031	117.431526184082
62.7400016784668	201.147277832031
62.7599983215332	282.588348388672
62.7799987792969	210.149291992188
62.7999992370605	271.686340332031
62.8199996948242	171.400268554688
62.8400001525879	235.966293334961
62.8600006103516	140.124786376953
62.8800010681152	190.203262329102
62.9000015258789	157.693359375
62.9199981689453	182.336471557617
62.939998626709	339.405975341797
62.9599990844727	191.750381469727
62.9799995422363	157.174423217773
63	139.209625244141
63.0200004577637	231.452377319336
63.0400009155273	177.165405273438
63.060001373291	171.272003173828
63.0800018310547	244.564468383789
63.0999984741211	150.20051574707
63.1199989318848	120.217147827148
63.1399993896484	69.1109924316406
63.1599998474121	172.732925415039
63.1800003051758	118.86255645752
63.2000007629395	204.887069702148
63.2200012207031	249.777099609375
63.2400016784668	139.651916503906
63.2599983215332	193.956283569336
63.2799987792969	186.629425048828
63.2999992370605	133.725158691406
63.3199996948242	133.309677124023
63.3400001525879	246.496536254883
63.3600006103516	262.246826171875
63.3800010681152	225.013610839844
63.4000015258789	270.655731201172
63.4199981689453	217.377548217773
63.439998626709	338.953857421875
63.4599990844727	210.918045043945
63.4799995422363	244.437530517578
63.5	235.645401000977
63.5200004577637	396.470611572266
63.5400009155273	445.787414550781
63.560001373291	329.099945068359
63.5800018310547	469.146514892578
63.5999984741211	403.449890136719
63.6199989318848	803.818115234375
63.6399993896484	1184.16552734375
63.6599998474121	1565.72729492188
63.6800003051758	2972.50390625
63.7000007629395	3704.31103515625
63.7200012207031	2625.89965820313
63.7400016784668	1695.84216308594
63.7599983215332	1141.19580078125
63.7799987792969	822.961547851563
63.7999992370605	942.000427246094
63.8199996948242	784.759643554688
63.8400001525879	1207.28735351563
63.8600006103516	1770.23229980469
63.8800010681152	2046.31494140625
63.9000015258789	1446.4873046875
63.9199981689453	788.414123535156
63.939998626709	580.218933105469
63.9599990844727	491.017761230469
63.9799995422363	509.573913574219
64	366.178497314453
64.0199966430664	324.007598876953
64.0400009155273	263.570617675781
64.0599975585938	265.969543457031
64.0800018310547	186.923599243164
64.0999984741211	255.887405395508
64.120002746582	253.005477905273
64.1399993896484	202.615234375
64.1600036621094	277.864532470703
64.1800003051758	135.413452148438
64.1999969482422	90.0522003173828
64.2200012207031	239.122116088867
64.2399978637695	216.306610107422
64.2600021362305	111.137222290039
64.2799987792969	130.192932128906
64.3000030517578	124.086822509766
64.3199996948242	273.328552246094
64.3399963378906	273.338073730469
64.3600006103516	246.222717285156
64.379997253418	147.45881652832
64.4000015258789	178.493988037109
64.4199981689453	320.591796875
64.4400024414063	71.9875335693359
64.4599990844727	178.540679931641
64.4800033569336	247.018005371094
64.5	125.457168579102
64.5199966430664	154.730026245117
64.5400009155273	80.6842346191406
64.5599975585938	186.748916625977
64.5800018310547	263.405059814453
64.5999984741211	195.449844360352
64.620002746582	200.233337402344
64.6399993896484	188.237838745117
64.6600036621094	243.435180664063
64.6800003051758	106.268272399902
64.6999969482422	176.802291870117
64.7200012207031	274.065368652344
64.7399978637695	194.355102539063
64.7600021362305	85.9692306518555
64.7799987792969	188.004699707031
64.8000030517578	81.2712860107422
64.8199996948242	198.49040222168
64.8399963378906	159.756500244141
64.8600006103516	168.918212890625
64.879997253418	174.43782043457
64.9000015258789	197.531784057617
64.9199981689453	297.476806640625
64.9400024414063	207.28825378418
64.9599990844727	281.953186035156
64.9800033569336	250.092727661133
65	114.224151611328
65.0199966430664	152.768371582031
65.0400009155273	114.885536193848
65.0599975585938	156.307846069336
65.0800018310547	213.010757446289
65.0999984741211	161.974151611328
65.120002746582	243.545867919922
65.1399993896484	145.929534912109
65.1600036621094	233.18669128418
65.1800003051758	261.277801513672
65.1999969482422	159.61799621582
65.2200012207031	165.252258300781
65.2399978637695	146.044708251953
65.2600021362305	206.932861328125
65.2799987792969	146.613037109375
65.3000030517578	266.304260253906
65.3199996948242	124.863929748535
65.3399963378906	185.514526367188
65.3600006103516	92.6199569702148
65.379997253418	49.8705711364746
65.4000015258789	133.303298950195
65.4199981689453	216.935501098633
65.4400024414063	191.155639648438
65.4599990844727	209.502227783203
65.4800033569336	149.736755371094
65.5	99.1527709960938
65.5199966430664	143.716781616211
65.5400009155273	143.725357055664
65.5599975585938	274.190338134766
65.5800018310547	195.699630737305
65.5999984741211	172.937561035156
65.620002746582	221.289947509766
65.6399993896484	137.936767578125
65.6600036621094	206.290023803711
65.6800003051758	257.698944091797
65.6999969482422	228.91845703125
65.7200012207031	121.602043151855
65.7399978637695	343.294616699219
65.7600021362305	281.759582519531
65.7799987792969	248.576614379883
65.8000030517578	533.810607910156
65.8199996948242	986.88916015625
65.8399963378906	1165.50891113281
65.8600006103516	863.625305175781
65.879997253418	677.126159667969
65.9000015258789	373.832824707031
65.9199981689453	369.703735351563
65.9400024414063	389.555267333984
65.9599990844727	268.913726806641
65.9800033569336	373.043823242188
66	759.578247070313
66.0199966430664	636.185791015625
66.0400009155273	439.911651611328
66.0599975585938	352.13427734375
66.0800018310547	342.739715576172
66.0999984741211	243.508117675781
66.120002746582	166.906707763672
66.1399993896484	153.844589233398
66.1600036621094	219.045227050781
66.1800003051758	269.159759521484
66.1999969482422	285.270812988281
66.2200012207031	186.592544555664
66.2399978637695	165.815567016602
66.2600021362305	168.496231079102
66.2799987792969	197.760726928711
66.3000030517578	236.256362915039
66.3199996948242	264.100830078125
66.3399963378906	237.114288330078
66.3600006103516	261.965698242188
66.379997253418	173.823654174805
66.4000015258789	276.839172363281
66.4199981689453	167.49543762207
66.4400024414063	87.8552169799805
66.4599990844727	326.753021240234
66.4800033569336	267.444091796875
66.5	301.607055664063
66.5199966430664	265.913940429688
66.5400009155273	226.472244262695
66.5599975585938	312.679077148438
66.5800018310547	183.04443359375
66.5999984741211	393.334655761719
66.620002746582	510.282440185547
66.6399993896484	557.687622070313
66.6600036621094	850.464416503906
66.6800003051758	1670.99560546875
66.6999969482422	3230.943359375
66.7200012207031	2943.07421875
66.7399978637695	1789.39880371094
66.7600021362305	1074.06213378906
66.7799987792969	614.314453125
66.8000030517578	631.914733886719
66.8199996948242	593.050048828125
66.8399963378906	745.52734375
66.8600006103516	906.544372558594
66.879997253418	1504.16589355469
66.9000015258789	1447.62109375
66.9199981689453	1129.59326171875
66.9400024414063	738.782653808594
66.9599990844727	494.374908447266
66.9800033569336	410.141082763672
67	260.504089355469
67.0199966430664	352.63427734375
67.0400009155273	272.199371337891
67.0599975585938	221.808135986328
67.0800018310547	245.409805297852
67.0999984741211	223.494445800781
67.120002746582	249.242858886719
67.1399993896484	175.557174682617
67.1600036621094	208.684356689453
67.1800003051758	298.10546875
67.1999969482422	176.53157043457
67.2200012207031	145.111968994141
67.2399978637695	90.9264144897461
67.2600021362305	194.171417236328
67.2799987792969	67.2485122680664
67.3000030517578	201.414306640625
67.3199996948242	227.917297363281
67.3399963378906	313.451019287109
67.3600006103516	157.679565429688
67.379997253418	143.756149291992
67.4000015258789	192.556289672852
67.4199981689453	295.921325683594
67.4400024414063	151.430297851563
67.4599990844727	194.989501953125
67.4800033569336	316.732269287109
67.5	71.120491027832
67.5199966430664	108.960952758789
67.5400009155273	156.365158081055
67.5599975585938	187.580673217773
67.5800018310547	122.981414794922
67.5999984741211	303.031311035156
67.620002746582	188.217422485352
67.6399993896484	238.597534179688
67.6600036621094	158.211547851563
67.6800003051758	138.743011474609
67.6999969482422	69.7102508544922
67.7200012207031	174.102508544922
67.7399978637695	220.709838867188
67.7600021362305	226.10546875
67.7799987792969	252.067153930664
67.8000030517578	204.605438232422
67.8199996948242	282.389007568359
67.8399963378906	130.398300170898
67.8600006103516	291.682067871094
67.879997253418	180.822357177734
67.9000015258789	172.838562011719
67.9199981689453	196.383773803711
67.9400024414063	233.572799682617
67.9599990844727	65.7636413574219
67.9800033569336	166.269714355469
68	336.950653076172
68.0199966430664	132.435852050781
68.0400009155273	255.264999389648
68.0599975585938	132.369247436523
68.0800018310547	190.37646484375
68.0999984741211	28.198070526123
68.120002746582	131.804412841797
68.1399993896484	154.680114746094
68.1600036621094	98.0571136474609
68.1800003051758	149.651641845703
68.1999969482422	173.119003295898
68.2200012207031	136.516662597656
68.2399978637695	191.091033935547
68.2600021362305	192.705459594727
68.2799987792969	194.856109619141
68.3000030517578	144.822875976563
68.3199996948242	176.414520263672
68.3399963378906	104.984420776367
68.3600006103516	83.0507431030273
68.379997253418	88.9385070800781
68.4000015258789	119.879608154297
68.4199981689453	64.3736953735352
68.4400024414063	263.474822998047
68.4599990844727	260.719482421875
68.4800033569336	148.029510498047
68.5	186.3994140625
68.5199966430664	211.743499755859
68.5400009155273	242.995986938477
68.5599975585938	296.611633300781
68.5800018310547	155.565155029297
68.5999984741211	201.010665893555
68.620002746582	309.297546386719
68.6399993896484	484.530242919922
68.6600036621094	581.37353515625
68.6800003051758	750.003479003906
68.6999969482422	575.141906738281
68.7200012207031	352.860656738281
68.7399978637695	306.881805419922
68.7600021362305	283.638641357422
68.7799987792969	151.658233642578
68.8000030517578	270.791900634766
68.8199996948242	275.563140869141
68.8399963378906	350.368133544922
68.8600006103516	384.300384521484
68.879997253418	454.361663818359
68.9000015258789	486.946716308594
68.9199981689453	168.616104125977
68.9400024414063	132.437240600586
68.9599990844727	229.591018676758
68.9800033569336	218.928329467773
69	206.466156005859
69.0199966430664	194.215042114258
69.0400009155273	243.366775512695
69.0599975585938	280.846527099609
69.0800018310547	228.796997070313
69.0999984741211	131.291259765625
69.120002746582	142.06120300293
69.1399993896484	12.0859098434448
69.1600036621094	38.7511329650879
69.1800003051758	129.603912353516
69.1999969482422	147.895538330078
69.2200012207031	157.323226928711
69.2399978637695	191.042831420898
69.2600021362305	195.870880126953
69.2799987792969	181.472579956055
69.3000030517578	106.733451843262
69.3199996948242	110.10179901123
69.3399963378906	161.139663696289
69.3600006103516	215.297210693359
69.379997253418	266.965911865234
69.4000015258789	127.609275817871
69.4199981689453	166.264083862305
69.4400024414063	136.047943115234
69.4599990844727	146.070175170898
69.4800033569336	131.728851318359
69.5	247.100524902344
69.5199966430664	200.190017700195
69.5400009155273	132.013259887695
69.5599975585938	199.52311706543
69.5800018310547	252.50358581543
69.5999984741211	251.038513183594
69.620002746582	177.145965576172
69.6399993896484	112.403388977051
69.6600036621094	261.188720703125
69.6800003051758	227.278747558594
69.6999969482422	46.8491096496582
69.7200012207031	159.070098876953
69.7399978637695	108.938827514648
69.7600021362305	130.106079101563
69.7799987792969	107.817054748535
69.8000030517578	248.342666625977
69.8199996948242	215.528228759766
69.8399963378906	138.106826782227
69.8600006103516	266.502227783203
69.879997253418	269.103729248047
69.9000015258789	137.074737548828
69.9199981689453	133.600067138672
69.9400024414063	106.416160583496
69.9599990844727	111.685028076172
69.9800033569336	170.963134765625
70	137.129089355469
70.0199966430664	170.743530273438
70.0400009155273	112.046142578125
70.0599975585938	81.5218048095703
70.0800018310547	213.082153320313
70.0999984741211	134.530471801758
70.120002746582	145.291641235352
70.1399993896484	77.7126770019531
70.1600036621094	78.5407257080078
70.1800003051758	193.707717895508
70.1999969482422	172.475967407227
70.2200012207031	142.097351074219
70.2399978637695	162.110427856445
70.2600021362305	105.603660583496
70.2799987792969	272.052337646484
70.3000030517578	139.931716918945
70.3199996948242	167.747421264648
70.3399963378906	146.086227416992
70.3600006103516	122.747749328613
70.379997253418	129.480621337891
70.4000015258789	229.69596862793
70.4199981689453	210.526840209961
70.4400024414063	92.4619216918945
70.4599990844727	111.839195251465
70.4800033569336	83.2319869995117
70.5	185.757186889648
70.5199966430664	101.035629272461
70.5400009155273	5.02190208435059
70.5599975585938	135.008148193359
70.5800018310547	215.093276977539
70.5999984741211	157.953002929688
70.620002746582	197.163528442383
70.6399993896484	132.894439697266
70.6600036621094	244.461944580078
70.6800003051758	122.164535522461
70.6999969482422	154.314590454102
70.7200012207031	170.209228515625
70.7399978637695	176.908676147461
70.7600021362305	44.3824195861816
70.7799987792969	84.3902740478516
70.8000030517578	117.087043762207
70.8199996948242	111.591896057129
70.8399963378906	127.232032775879
70.8600006103516	144.33757019043
70.879997253418	271.932312011719
70.9000015258789	257.158325195313
70.9199981689453	185.963348388672
70.9400024414063	260.107177734375
70.9599990844727	220.473434448242
70.9800033569336	89.1043853759766
71	213.526275634766
71.0199966430664	166.251388549805
71.0400009155273	152.979675292969
71.0599975585938	110.601234436035
71.0800018310547	203.149917602539
71.0999984741211	215.167190551758
71.120002746582	169.729644775391
71.1399993896484	146.305541992188
71.1600036621094	87.6486587524414
71.1800003051758	214.966323852539
71.1999969482422	131.990631103516
71.2200012207031	133.514419555664
71.2399978637695	192.665298461914
71.2600021362305	165.472595214844
71.2799987792969	141.808410644531
71.3000030517578	171.433502197266
71.3199996948242	208.172729492188
71.3399963378906	63.4816627502441
71.3600006103516	164.222595214844
71.379997253418	192.290252685547
71.4000015258789	154.353164672852
71.4199981689453	178.26774597168
71.4400024414063	173.909561157227
71.4599990844727	54.3388061523438
71.4800033569336	165.058700561523
71.5	157.794219970703
71.5199966430664	106.937194824219
71.5400009155273	199.680221557617
71.5599975585938	99.9356155395508
71.5800018310547	220.187271118164
71.5999984741211	228.081558227539
71.620002746582	267.575439453125
71.6399993896484	231.789627075195
71.6600036621094	143.920257568359
71.6800003051758	165.801986694336
71.6999969482422	229.470825195313
71.7200012207031	227.759124755859
71.7399978637695	221.984481811523
71.7600021362305	178.321334838867
71.7799987792969	147.279556274414
71.8000030517578	165.601119995117
71.8199996948242	154.767776489258
71.8399963378906	216.818435668945
71.8600006103516	288.722564697266
71.879997253418	0
71.9000015258789	88.802490234375
71.9199981689453	193.654296875
71.9400024414063	214.000518798828
71.9599990844727	264.574096679688
71.9800033569336	196.763885498047
72	237.191131591797
72.0199966430664	158.03498840332
72.0400009155273	319.479248046875
72.0599975585938	314.18359375
72.0800018310547	372.368072509766
72.0999984741211	198.998611450195
72.120002746582	293.174163818359
72.1399993896484	190.825531005859
72.1600036621094	277.744659423828
72.1800003051758	224.367248535156
72.1999969482422	203.929763793945
72.2200012207031	132.48779296875
72.2399978637695	306.588775634766
72.2600021362305	290.313079833984
72.2799987792969	293.514709472656
72.3000030517578	292.4423828125
72.3199996948242	133.455429077148
72.3399963378906	199.057678222656
72.3600006103516	239.985000610352
72.379997253418	236.124694824219
72.4000015258789	126.231689453125
72.4199981689453	180.033630371094
72.4400024414063	240.395690917969
72.4599990844727	107.471939086914
72.4800033569336	114.572242736816
72.5	89.109733581543
72.5199966430664	224.28303527832
72.5400009155273	163.242660522461
72.5599975585938	211.987564086914
72.5800018310547	107.593902587891
72.5999984741211	192.846176147461
72.620002746582	110.887886047363
72.6399993896484	171.144088745117
72.6600036621094	202.367431640625
72.6800003051758	132.126831054688
72.6999969482422	227.063568115234
72.7200012207031	175.106918334961
72.7399978637695	205.048553466797
72.7600021362305	41.0605697631836
72.7799987792969	206.442337036133
72.8000030517578	129.057037353516
72.8199996948242	176.096374511719
72.8399963378906	218.167846679688
72.8600006103516	207.572128295898
72.879997253418	97.1439895629883
72.9000015258789	203.169937133789
72.9199981689453	112.441040039063
72.9400024414063	233.039749145508
72.9599990844727	141.527191162109
72.9800033569336	118.37003326416
73	190.043441772461
73.0199966430664	118.224128723145
73.0400009155273	179.137145996094
73.0599975585938	100.871711730957
73.0800018310547	257.929016113281
73.0999984741211	224.526794433594
73.120002746582	186.94319152832
73.1399993896484	169.435256958008
73.1600036621094	131.433685302734
73.1800003051758	104.697204589844
73.1999969482422	143.381622314453
73.2200012207031	293.927764892578
73.2399978637695	159.211959838867
73.2600021362305	185.314270019531
73.2799987792969	256.299743652344
73.3000030517578	157.52294921875
73.3199996948242	226.340896606445
73.3399963378906	249.435729980469
73.3600006103516	96.3740692138672
73.379997253418	299.299621582031
73.4000015258789	247.889251708984
73.4199981689453	242.812454223633
73.4400024414063	384.951538085938
73.4599990844727	511.427307128906
73.4800033569336	742.952087402344
73.5	1432.2666015625
73.5199966430664	1574.2685546875
73.5400009155273	992.757751464844
73.5599975585938	763.466857910156
73.5800018310547	516.649597167969
73.5999984741211	454.194946289063
73.620002746582	365.826019287109
73.6399993896484	341.404602050781
73.6600036621094	358.019683837891
73.6800003051758	516.388793945313
73.6999969482422	551.5908203125
73.7200012207031	870.696533203125
73.7399978637695	730.739562988281
73.7600021362305	488.107543945313
73.7799987792969	413.612609863281
73.8000030517578	250.556915283203
73.8199996948242	301.890716552734
73.8399963378906	223.226654052734
73.8600006103516	269.790771484375
73.879997253418	201.339279174805
73.9000015258789	164.288955688477
73.9199981689453	110.090370178223
73.9400024414063	67.4592056274414
73.9599990844727	50.5059051513672
73.9800033569336	153.828231811523
74	212.519073486328
74.0199966430664	170.886291503906
74.0400009155273	122.122245788574
74.0599975585938	233.256713867188
74.0800018310547	202.741943359375
74.0999984741211	166.145736694336
74.120002746582	203.427352905273
74.1399993896484	175.864410400391
74.1600036621094	131.770751953125
74.1800003051758	182.808731079102
74.1999969482422	184.464233398438
74.2200012207031	148.880096435547
74.2399978637695	226.738998413086
74.2600021362305	155.42448425293
74.2799987792969	209.118667602539
74.3000030517578	118.999519348145
74.3199996948242	149.613723754883
74.3399963378906	184.252197265625
74.3600006103516	241.887634277344
74.379997253418	182.577621459961
74.4000015258789	116.333862304688
74.4199981689453	105.817565917969
74.4400024414063	99.8286590576172
74.4599990844727	204.619018554688
74.4800033569336	133.252960205078
74.5	169.25016784668
74.5199966430664	174.917327880859
74.5400009155273	247.134063720703
74.5599975585938	155.093627929688
74.5800018310547	224.088104248047
74.5999984741211	93.63330078125
74.620002746582	96.0964660644531
74.6399993896484	242.391006469727
74.6600036621094	133.576934814453
74.6800003051758	319.563385009766
74.6999969482422	162.521697998047
74.7200012207031	98.7866363525391
74.7399978637695	61.6861343383789
74.7600021362305	158.457977294922
74.7799987792969	184.930633544922
74.8000030517578	121.956001281738
74.8199996948242	208.973114013672
74.8399963378906	110.04541015625
74.8600006103516	105.194664001465
74.879997253418	188.29719543457
74.9000015258789	292.515686035156
74.9199981689453	162.000793457031
74.9400024414063	131.200180053711
74.9599990844727	249.371444702148
74.9800033569336	187.757553100586
75	122.507873535156
75.0199966430664	149.013168334961
75.0400009155273	154.682556152344
75.0599975585938	201.859649658203
75.0800018310547	210.686737060547
75.0999984741211	226.570251464844
75.120002746582	124.845901489258
75.1399993896484	251.189193725586
75.1600036621094	69.5384902954102
75.1800003051758	198.113616943359
75.1999969482422	135.399597167969
75.2200012207031	187.621139526367
75.2399978637695	187.356491088867
75.2600021362305	142.25813293457
75.2799987792969	121.40453338623
75.3000030517578	225.067138671875
75.3199996948242	250.481979370117
75.3399963378906	259.599273681641
75.3600006103516	189.251754760742
75.379997253418	118.475112915039
75.4000015258789	168.51969909668
75.4199981689453	272.76318359375
75.4400024414063	258.918029785156
75.4599990844727	296.091003417969
75.4800033569336	288.984741210938
75.5	566.802001953125
75.5199966430664	607.175537109375
75.5400009155273	626.261108398438
75.5599975585938	220.838821411133
75.5800018310547	373.136871337891
75.5999984741211	205.861312866211
75.620002746582	331.631988525391
75.6399993896484	269.732299804688
75.6600036621094	182.675018310547
75.6800003051758	254.116638183594
75.6999969482422	331.826385498047
75.7200012207031	310.865417480469
75.7399978637695	365.866485595703
75.7600021362305	277.291107177734
75.7799987792969	334.242156982422
75.8000030517578	273.045989990234
75.8199996948242	166.676773071289
75.8399963378906	97.2703704833984
75.8600006103516	151.747634887695
75.879997253418	161.747848510742
75.9000015258789	186.359390258789
75.9199981689453	198.263336181641
75.9400024414063	334.367767333984
75.9599990844727	203.835113525391
75.9800033569336	154.369064331055
76	50.6930046081543
76.0199966430664	209.282043457031
76.0400009155273	134.485992431641
76.0599975585938	161.39892578125
76.0800018310547	218.668090820313
76.0999984741211	256.955963134766
76.120002746582	205.257797241211
76.1399993896484	296.462463378906
76.1600036621094	355.132598876953
76.1800003051758	348.904174804688
76.1999969482422	382.994934082031
76.2200012207031	328.535888671875
76.2399978637695	369.237854003906
76.2600021362305	424.307495117188
76.2799987792969	738.275268554688
76.3000030517578	1073.38525390625
76.3199996948242	1955.87097167969
76.3399963378906	2702.92724609375
76.3600006103516	2511.8828125
76.379997253418	1521.75744628906
76.4000015258789	767.532470703125
76.4199981689453	792.595031738281
76.4400024414063	353.235046386719
76.4599990844727	536.300598144531
76.4800033569336	497.902526855469
76.5	565.669921875
76.5199966430664	501.982025146484
76.5400009155273	1023.23468017578
76.5599975585938	1735.6689453125
76.5800018310547	1200.59997558594
76.5999984741211	865.510559082031
76.620002746582	559.7578125
76.6399993896484	373.759918212891
76.6600036621094	363.362487792969
76.6800003051758	278.881683349609
76.6999969482422	264.663269042969
76.7200012207031	120.902709960938
76.7399978637695	281.244720458984
76.7600021362305	136.97705078125
76.7799987792969	157.011810302734
76.8000030517578	234.707000732422
76.8199996948242	101.859786987305
76.8399963378906	116.213745117188
76.8600006103516	162.135513305664
76.879997253418	115.713439941406
76.9000015258789	165.440780639648
76.9199981689453	76.1986389160156
76.9400024414063	176.503387451172
76.9599990844727	204.368606567383
76.9800033569336	94.259895324707
77	163.180252075195
77.0199966430664	239.470520019531
77.0400009155273	157.941040039063
77.0599975585938	129.817306518555
77.0800018310547	78.003303527832
77.0999984741211	194.14030456543
77.120002746582	215.59977722168
77.1399993896484	132.216674804688
77.1600036621094	145.656890869141
77.1800003051758	155.639724731445
77.1999969482422	113.104606628418
77.2200012207031	103.528305053711
77.2399978637695	139.269744873047
77.2600021362305	163.977233886719
77.2799987792969	138.010131835938
77.3000030517578	217.043869018555
77.3199996948242	51.8026809692383
77.3399963378906	124.209465026855
77.3600006103516	196.701232910156
77.379997253418	143.029266357422
77.4000015258789	72.3832397460938
77.4199981689453	132.428833007813
77.4400024414063	117.584419250488
77.4599990844727	23.0631580352783
77.4800033569336	217.084533691406
77.5	140.855575561523
77.5199966430664	115.163230895996
77.5400009155273	204.909042358398
77.5599975585938	120.54557800293
77.5800018310547	65.4831390380859
77.5999984741211	160.291870117188
77.620002746582	139.120513916016
77.6399993896484	90.436393737793
77.6600036621094	184.963943481445
77.6800003051758	164.26887512207
77.6999969482422	138.226760864258
77.7200012207031	235.98796081543
77.7399978637695	262.1943359375
77.7600021362305	96.2480926513672
77.7799987792969	236.939514160156
77.8000030517578	164.845550537109
77.8199996948242	140.795013427734
77.8399963378906	164.293640136719
77.8600006103516	122.484298706055
77.879997253418	47.4702491760254
77.9000015258789	256.481231689453
77.9199981689453	134.453155517578
77.9400024414063	165.946655273438
77.9599990844727	82.0339508056641
77.9800033569336	48.6483688354492
78	85.5154571533203
78.0199966430664	198.303726196289
78.0400009155273	137.586044311523
78.0599975585938	121.38631439209
78.0800018310547	21.3605518341064
78.0999984741211	191.612716674805
78.120002746582	96.0751113891602
78.1399993896484	100.317535400391
78.1600036621094	141.462097167969
78.1800003051758	207.801849365234
78.1999969482422	96.1280975341797
78.2200012207031	44.2685966491699
78.2399978637695	194.809814453125
78.2600021362305	193.843978881836
78.2799987792969	150.369842529297
78.3000030517578	166.355422973633
78.3199996948242	111.931228637695
78.3399963378906	89.6259078979492
78.3600006103516	111.687255859375
78.379997253418	171.073486328125
78.4000015258789	232.939147949219
78.4199981689453	123.571472167969
78.4400024414063	180.943725585938
78.4599990844727	75.9810028076172
78.4800033569336	229.65412902832
78.5	122.816329956055
78.5199966430664	194.45556640625
78.5400009155273	55.8757514953613
78.5599975585938	114.80500793457
78.5800018310547	159.652648925781
78.5999984741211	278.163391113281
78.620002746582	85.6044082641602
78.6399993896484	217.314178466797
78.6600036621094	147.483245849609
78.6800003051758	129.171524047852
78.6999969482422	218.818161010742
78.7200012207031	218.835220336914
78.7399978637695	161.224380493164
78.7600021362305	299.3193359375
78.7799987792969	100.761192321777
78.8000030517578	19.5965480804443
78.8199996948242	129.449279785156
78.8399963378906	114.778121948242
78.8600006103516	111.765098571777
78.879997253418	127.084693908691
78.9000015258789	164.624893188477
78.9199981689453	123.280387878418
78.9400024414063	74.8076705932617
78.9599990844727	192.592132568359
78.9800033569336	144.562866210938
79	163.368026733398
79.0199966430664	125.599998474121
79.0400009155273	40.6527404785156
79.0599975585938	147.281524658203
79.0800018310547	181.934219360352
79.0999984741211	166.10774230957
79.120002746582	97.7744445800781
79.1399993896484	65.619010925293
79.1600036621094	121.676155090332
79.1800003051758	43.9701690673828
79.1999969482422	69.5313415527344
79.2200012207031	149.825256347656
79.2399978637695	59.0728645324707
79.2600021362305	98.9052963256836
79.2799987792969	145.576599121094
79.3000030517578	134.994781494141
79.3199996948242	217.895324707031
79.3399963378906	202.79443359375
79.3600006103516	206.524597167969
79.379997253418	206.05387878418
79.4000015258789	135.719329833984
79.4199981689453	209.347320556641
79.4400024414063	46.5629463195801
79.4599990844727	72.5187454223633
79.4800033569336	91.3424301147461
79.5	98.3744354248047
79.5199966430664	144.083343505859
79.5400009155273	146.511215209961
79.5599975585938	113.150840759277
79.5800018310547	80.9878692626953
79.5999984741211	219.533660888672
79.620002746582	203.713287353516
79.6399993896484	124.687484741211
79.6600036621094	85.2058258056641
79.6800003051758	93.3084030151367
79.6999969482422	155.839874267578
79.7200012207031	169.268859863281
79.7399978637695	115.500541687012
79.7600021362305	95.1391830444336
79.7799987792969	174.607650756836
79.8000030517578	63.5735015869141
79.8199996948242	155.457077026367
79.8399963378906	167.924514770508
79.8600006103516	155.495880126953
79.879997253418	31.1392593383789
79.9000015258789	90.0689468383789
79.9199981689453	179.084945678711
79.9400024414063	84.3851089477539
79.9599990844727	26.3324069976807
79.9800033569336	80.1799545288086
80	264.575469970703
