3_003/1	
θ/2θ, °	Intensity, cps
20	218.013031005859
20.0200004577637	206.533462524414
20.0400009155273	237.084915161133
20.0599994659424	258.973480224609
20.0799999237061	149.314910888672
20.1000003814697	286.765411376953
20.1200008392334	101.755996704102
20.1399993896484	133.674011230469
20.1599998474121	188.62663269043
20.1800003051758	183.777786254883
20.2000007629395	289.169311523438
20.2199993133545	209.375869750977
20.2399997711182	234.644317626953
20.2600002288818	224.867477416992
20.2800006866455	247.724960327148
20.2999992370605	144.672393798828
20.3199996948242	152.770431518555
20.3400001525879	141.693939208984
20.3600006103516	152.119354248047
20.3799991607666	177.909210205078
20.3999996185303	119.486831665039
20.4200000762939	157.735687255859
20.4400005340576	103.741020202637
20.4599990844727	65.8235931396484
20.4799995422363	138.316421508789
20.5	114.589500427246
20.5200004577637	214.699356079102
20.5400009155273	153.917694091797
20.5599994659424	103.770156860352
20.5799999237061	134.266189575195
20.6000003814697	249.482955932617
20.6200008392334	213.900573730469
20.6399993896484	138.137313842773
20.6599998474121	111.182723999023
20.6800003051758	135.599395751953
20.7000007629395	182.684494018555
20.7199993133545	94.282600402832
20.7399997711182	177.578018188477
20.7600002288818	232.292587280273
20.7800006866455	210.530502319336
20.7999992370605	82.2250900268555
20.8199996948242	193.473876953125
20.8400001525879	222.690658569336
20.8600006103516	96.6629943847656
20.8799991607666	239.51057434082
20.8999996185303	171.076309204102
20.9200000762939	189.497619628906
20.9400005340576	194.329650878906
20.9599990844727	130.237030029297
20.9799995422363	170.999771118164
21	173.798248291016
21.0200004577637	173.930618286133
21.0400009155273	170.06623840332
21.0599994659424	199.483139038086
21.0799999237061	210.507614135742
21.1000003814697	197.875473022461
21.1200008392334	50.4186820983887
21.1399993896484	154.800048828125
21.1599998474121	92.6121673583984
21.1800003051758	134.030014038086
21.2000007629395	104.920486450195
21.2199993133545	118.399978637695
21.2399997711182	101.483512878418
21.2600002288818	117.00813293457
21.2800006866455	180.188659667969
21.2999992370605	169.221221923828
21.3199996948242	163.20964050293
21.3400001525879	293.432098388672
21.3600006103516	204.273696899414
21.3799991607666	128.928527832031
21.3999996185303	121.855262756348
21.4200000762939	234.837844848633
21.4400005340576	117.5302734375
21.4599990844727	145.376281738281
21.4799995422363	240.670013427734
21.5	209.126800537109
21.5200004577637	216.791839599609
21.5400009155273	245.648620605469
21.5599994659424	216.851806640625
21.5799999237061	68.9323348999023
21.6000003814697	195.794296264648
21.6200008392334	120.779304504395
21.6399993896484	100.431190490723
21.6599998474121	118.870986938477
21.6800003051758	158.128448486328
21.7000007629395	101.875427246094
21.7199993133545	85.7005004882813
21.7399997711182	208.413833618164
21.7600002288818	81.2092361450195
21.7800006866455	131.211730957031
21.7999992370605	113.162612915039
21.8199996948242	210.426620483398
21.8400001525879	185.800476074219
21.8600006103516	86.6431579589844
21.8799991607666	99.7518920898438
21.8999996185303	217.983123779297
21.9200000762939	80.6926651000977
21.9400005340576	189.640701293945
21.9599990844727	209.166595458984
21.9799995422363	129.907806396484
22	199.501602172852
22.0200004577637	161.703872680664
22.0400009155273	149.680450439453
22.0599994659424	105.594375610352
22.0799999237061	201.97395324707
22.1000003814697	161.454956054688
22.1200008392334	168.365341186523
22.1399993896484	195.689529418945
22.1599998474121	189.765350341797
22.1800003051758	131.36198425293
22.2000007629395	269.703735351563
22.2199993133545	185.65852355957
22.2399997711182	78.1782150268555
22.2600002288818	137.588684082031
22.2800006866455	138.772598266602
22.2999992370605	144.331085205078
22.3199996948242	100.484275817871
22.3400001525879	123.065856933594
22.3600006103516	117.981971740723
22.3799991607666	195.572341918945
22.3999996185303	131.279235839844
22.4200000762939	84.9062957763672
22.4400005340576	148.374389648438
22.4599990844727	111.869941711426
22.4799995422363	68.810661315918
22.5	93.3198699951172
22.5200004577637	102.983093261719
22.5400009155273	157.533905029297
22.5599994659424	228.779067993164
22.5799999237061	55.2885932922363
22.6000003814697	154.273864746094
22.6200008392334	83.0681686401367
22.6399993896484	134.624877929688
22.6599998474121	233.657028198242
22.6800003051758	274.379943847656
22.7000007629395	171.477722167969
22.7199993133545	239.887878417969
22.7399997711182	276.029022216797
22.7600002288818	255.926284790039
22.7800006866455	319.511962890625
22.7999992370605	189.823608398438
22.8199996948242	227.430267333984
22.8400001525879	206.72004699707
22.8600006103516	285.318725585938
22.8799991607666	246.488311767578
22.8999996185303	345.380126953125
22.9200000762939	470.559020996094
22.9400005340576	744.837097167969
22.9599990844727	1219.12927246094
22.9799995422363	1082.90649414063
23	765.672180175781
23.0200004577637	831.20947265625
23.0400009155273	497.530426025391
23.0599994659424	322.252563476563
23.0799999237061	202.289840698242
23.1000003814697	205.053894042969
23.1200008392334	254.494323730469
23.1399993896484	233.692932128906
23.1599998474121	197.293792724609
23.1800003051758	333.9169921875
23.2000007629395	205.179977416992
23.2199993133545	83.6278381347656
23.2399997711182	227.03857421875
23.2600002288818	84.7558212280273
23.2800006866455	136.689422607422
23.2999992370605	93.5381393432617
23.3199996948242	53.3717651367188
23.3400001525879	160.353118896484
23.3600006103516	115.604690551758
23.3799991607666	72.1136932373047
23.3999996185303	187.101516723633
23.4200000762939	106.242462158203
23.4400005340576	166.076431274414
23.4599990844727	177.815155029297
23.4799995422363	170.285842895508
23.5	235.600738525391
23.5200004577637	122.499328613281
23.5400009155273	102.741302490234
23.5599994659424	101.870475769043
23.5799999237061	43.7882690429688
23.6000003814697	263.731323242188
23.6200008392334	99.6718368530273
23.6399993896484	260.651428222656
23.6599998474121	225.728424072266
23.6800003051758	235.475875854492
23.7000007629395	135.447006225586
23.7199993133545	142.960754394531
23.7399997711182	104.893714904785
23.7600002288818	166.212112426758
23.7800006866455	54.3509864807129
23.7999992370605	92.9450531005859
23.8199996948242	146.085418701172
23.8400001525879	137.921051025391
23.8600006103516	189.237243652344
23.8799991607666	176.858871459961
23.8999996185303	151.358657836914
23.9200000762939	101.748908996582
23.9400005340576	75.3507843017578
23.9599990844727	131.991546630859
23.9799995422363	166.563812255859
24	84.3000183105469
24.0200004577637	261.148376464844
24.0400009155273	69.3042831420898
24.0599994659424	66.1946792602539
24.0799999237061	177.963623046875
24.1000003814697	142.529388427734
24.1200008392334	123.363471984863
24.1399993896484	132.733703613281
24.1599998474121	90.5258255004883
24.1800003051758	130.987930297852
24.2000007629395	37.4386520385742
24.2199993133545	82.6467819213867
24.2399997711182	137.108169555664
24.2600002288818	171.258560180664
24.2800006866455	115.990257263184
24.2999992370605	171.548446655273
24.3199996948242	164.861236572266
24.3400001525879	126.866706848145
24.3600006103516	279.948577880859
24.3799991607666	157.993286132813
24.3999996185303	229.63688659668
24.4200000762939	121.623077392578
24.4400005340576	164.044616699219
24.4599990844727	152.939086914063
24.4799995422363	108.074325561523
24.5	134.274383544922
24.5200004577637	153.137084960938
24.5400009155273	223.823196411133
24.5599994659424	77.1974563598633
24.5799999237061	147.829315185547
24.6000003814697	104.014953613281
24.6200008392334	107.520729064941
24.6399993896484	281.317779541016
24.6599998474121	99.7080459594727
24.6800003051758	131.666488647461
24.7000007629395	120.353988647461
24.7199993133545	163.690551757813
24.7399997711182	87.0559005737305
24.7600002288818	108.756622314453
24.7800006866455	250.558700561523
24.7999992370605	190.178665161133
24.8199996948242	151.082946777344
24.8400001525879	106.558837890625
24.8600006103516	138.960540771484
24.8799991607666	107.541748046875
24.8999996185303	181.573211669922
24.9200000762939	133.148773193359
24.9400005340576	133.105895996094
24.9599990844727	134.870941162109
24.9799995422363	93.2448196411133
25	111.503234863281
25.0200004577637	183.311401367188
25.0400009155273	116.271347045898
25.0599994659424	127.057228088379
25.0799999237061	168.933944702148
25.1000003814697	248.492736816406
25.1200008392334	251.780319213867
25.1399993896484	119.477119445801
25.1599998474121	151.591674804688
25.1800003051758	141.104827880859
25.2000007629395	162.106002807617
25.2199993133545	167.677917480469
25.2399997711182	127.776206970215
25.2600002288818	209.329452514648
25.2800006866455	175.362762451172
25.2999992370605	174.649276733398
25.3199996948242	159.418273925781
25.3400001525879	129.163482666016
25.3600006103516	74.9478378295898
25.3799991607666	118.619255065918
25.3999996185303	73.0179214477539
25.4200000762939	140.359298706055
25.4400005340576	106.061332702637
25.4599990844727	234.369323730469
25.4799995422363	213.564712524414
25.5	180.426361083984
25.5200004577637	124.003486633301
25.5400009155273	140.658233642578
25.5599994659424	125.949081420898
25.5799999237061	100.469337463379
25.6000003814697	122.797927856445
25.6200008392334	48.4628562927246
25.6399993896484	167.122894287109
25.6599998474121	146.634658813477
25.6800003051758	137.276214599609
25.7000007629395	250.521591186523
25.7199993133545	94.6433258056641
25.7399997711182	154.486679077148
25.7600002288818	77.1191177368164
25.7800006866455	107.528625488281
25.7999992370605	138.015640258789
25.8199996948242	270.267883300781
25.8400001525879	123.766418457031
25.8600006103516	101.81755065918
25.8799991607666	119.875411987305
25.8999996185303	83.3214874267578
25.9200000762939	113.482551574707
25.9400005340576	134.583023071289
25.9599990844727	135.136535644531
25.9799995422363	59.6148376464844
26	120.249176025391
26.0200004577637	119.251197814941
26.0400009155273	210.820831298828
26.0599994659424	167.856842041016
26.0799999237061	126.576248168945
26.1000003814697	136.15673828125
26.1200008392334	149.216323852539
26.1399993896484	167.205978393555
26.1599998474121	167.664703369141
26.1800003051758	236.296966552734
26.2000007629395	208.637588500977
26.2199993133545	192.263336181641
26.2399997711182	105.092926025391
26.2600002288818	107.610260009766
26.2800006866455	95.8284530639648
26.2999992370605	166.579696655273
26.3199996948242	123.527549743652
26.3400001525879	106.081413269043
26.3600006103516	129.118988037109
26.3799991607666	185.421936035156
26.3999996185303	99.1517791748047
26.4200000762939	171.069442749023
26.4400005340576	202.318695068359
26.4599990844727	217.012054443359
26.4799995422363	195.754196166992
26.5	55.6286506652832
26.5200004577637	120.983215332031
26.5400009155273	123.53197479248
26.5599994659424	184.200881958008
26.5799999237061	179.363311767578
26.6000003814697	203.389038085938
26.6200008392334	230.838668823242
26.6399993896484	242.998931884766
26.6599998474121	124.14680480957
26.6800003051758	245.626068115234
26.7000007629395	135.707061767578
26.7199993133545	119.162124633789
26.7399997711182	99.0355529785156
26.7600002288818	116.407127380371
26.7800006866455	241.380416870117
26.7999992370605	129.179290771484
26.8199996948242	153.349578857422
26.8400001525879	237.149047851563
26.8600006103516	145.994964599609
26.8799991607666	121.769927978516
26.8999996185303	120.815238952637
26.9200000762939	222.872665405273
26.9400005340576	135.110885620117
26.9599990844727	149.940994262695
26.9799995422363	257.997253417969
27	100.408485412598
27.0200004577637	188.444427490234
27.0400009155273	159.845397949219
27.0599994659424	196.170013427734
27.0799999237061	198.838241577148
27.1000003814697	218.83349609375
27.1200008392334	125.18480682373
27.1399993896484	124.351028442383
27.1599998474121	159.008666992188
27.1800003051758	201.289901733398
27.2000007629395	171.616851806641
27.2199993133545	221.971054077148
27.2399997711182	138.389511108398
27.2600002288818	148.853942871094
27.2800006866455	255.723541259766
27.2999992370605	190.978225708008
27.3199996948242	214.144012451172
27.3400001525879	151.606567382813
27.3600006103516	206.304321289063
27.3799991607666	197.12223815918
27.3999996185303	182.892501831055
27.4200000762939	222.600662231445
27.4400005340576	212.3212890625
27.4599990844727	462.654663085938
27.4799995422363	810.205932617188
27.5	976.681823730469
27.5200004577637	788.412902832031
27.5400009155273	544.199768066406
27.5599994659424	587.250244140625
27.5799999237061	774.499145507813
27.6000003814697	391.493896484375
27.6200008392334	245.502548217773
27.6399993896484	243.973663330078
27.6599998474121	157.075469970703
27.6800003051758	228.005065917969
27.7000007629395	127.035255432129
27.7199993133545	306.84033203125
27.7399997711182	212.870880126953
27.7600002288818	97.2485427856445
27.7800006866455	128.830444335938
27.7999992370605	30.1624202728271
27.8199996948242	162.121063232422
27.8400001525879	95.5715179443359
27.8600006103516	116.6640625
27.8799991607666	95.6392440795898
27.8999996185303	140.187194824219
27.9200000762939	118.330856323242
27.9400005340576	141.618377685547
27.9599990844727	187.764617919922
27.9799995422363	143.812728881836
28	113.279342651367
28.0200004577637	76.7362365722656
28.0400009155273	164.578231811523
28.0599994659424	169.533981323242
28.0799999237061	76.9806289672852
28.1000003814697	181.025009155273
28.1200008392334	173.173400878906
28.1399993896484	157.5068359375
28.1599998474121	154.977645874023
28.1800003051758	166.048675537109
28.2000007629395	127.302192687988
28.2199993133545	98.0898590087891
28.2399997711182	153.396362304688
28.2600002288818	107.029670715332
28.2800006866455	121.281219482422
28.2999992370605	168.523742675781
28.3199996948242	155.365051269531
28.3400001525879	135.284851074219
28.3600006103516	193.917266845703
28.3799991607666	212.098281860352
28.3999996185303	155.600143432617
28.4200000762939	172.615341186523
28.4400005340576	85.0872955322266
28.4599990844727	181.509735107422
28.4799995422363	209.893478393555
28.5	169.973220825195
28.5200004577637	144.845642089844
28.5400009155273	143.884368896484
28.5599994659424	242.461669921875
28.5799999237061	151.600769042969
28.6000003814697	301.729797363281
28.6200008392334	254.893264770508
28.6399993896484	179.009460449219
28.6599998474121	201.742584228516
28.6800003051758	223.186904907227
28.7000007629395	254.6728515625
28.7199993133545	195.681091308594
28.7399997711182	215.364501953125
28.7600002288818	177.41455078125
28.7800006866455	166.216918945313
28.7999992370605	180.423294067383
28.8199996948242	93.7835235595703
28.8400001525879	153.688079833984
28.8600006103516	130.553573608398
28.8799991607666	130.461700439453
28.8999996185303	0
28.9200000762939	158.524078369141
28.9400005340576	67.3543395996094
28.9599990844727	106.08731842041
28.9799995422363	106.827186584473
29	188.301483154297
29.0200004577637	85.9111557006836
29.0400009155273	94.1950454711914
29.0599994659424	171.620849609375
29.0799999237061	141.769165039063
29.1000003814697	125.940650939941
29.1200008392334	61.4808082580566
29.1399993896484	223.213394165039
29.1599998474121	136.467712402344
29.1800003051758	248.318298339844
29.2000007629395	144.792938232422
29.2199993133545	196.299072265625
29.2399997711182	179.587310791016
29.2600002288818	134.935424804688
29.2800006866455	105.953857421875
29.2999992370605	198.708419799805
29.3199996948242	67.0485763549805
29.3400001525879	158.439453125
29.3600006103516	185.806900024414
29.3799991607666	131.791046142578
29.3999996185303	74.2106552124023
29.4200000762939	142.758453369141
29.4400005340576	211.135528564453
29.4599990844727	210.531524658203
29.4799995422363	246.13883972168
29.5	183.027938842773
29.5200004577637	191.076416015625
29.5400009155273	115.07349395752
29.5599994659424	98.7368316650391
29.5799999237061	170.632995605469
29.6000003814697	160.193206787109
29.6200008392334	150.534851074219
29.6399993896484	148.643203735352
29.6599998474121	111.530250549316
29.6800003051758	165.995254516602
29.7000007629395	215.011520385742
29.7199993133545	224.32975769043
29.7399997711182	177.087539672852
29.7600002288818	147.966278076172
29.7800006866455	174.738265991211
29.7999992370605	169.902603149414
29.8199996948242	111.713256835938
29.8400001525879	195.953201293945
29.8600006103516	133.739730834961
29.8799991607666	178.729888916016
29.8999996185303	186.787033081055
29.9200000762939	176.157180786133
29.9400005340576	64.727783203125
29.9599990844727	141.333892822266
29.9799995422363	226.842926025391
30	283.181030273438
30.0200004577637	196.296417236328
30.0400009155273	127.421928405762
30.0599994659424	70.4559936523438
30.0799999237061	147.342102050781
30.1000003814697	117.667388916016
30.1200008392334	108.791351318359
30.1399993896484	224.555084228516
30.1599998474121	130.789535522461
30.1800003051758	99.1438903808594
30.2000007629395	122.433570861816
30.2199993133545	101.022979736328
30.2399997711182	47.8159408569336
30.2600002288818	135.777160644531
30.2800006866455	144.812850952148
30.2999992370605	145.472320556641
30.3199996948242	64.2534866333008
30.3400001525879	195.249145507813
30.3600006103516	121.456130981445
30.3799991607666	156.523712158203
30.3999996185303	233.71760559082
30.4200000762939	187.253692626953
30.4400005340576	29.1114082336426
30.4599990844727	294.199920654297
30.4799995422363	195.485916137695
30.5	176.777069091797
30.5200004577637	166.084838867188
30.5400009155273	136.500518798828
30.5599994659424	79.1297149658203
30.5799999237061	182.132904052734
30.6000003814697	162.080154418945
30.6200008392334	214.170883178711
30.6399993896484	287.464691162109
30.6599998474121	179.328948974609
30.6800003051758	282.518737792969
30.7000007629395	177.475646972656
30.7199993133545	101.571495056152
30.7399997711182	256.003204345703
30.7600002288818	99.845329284668
30.7800006866455	174.379943847656
30.7999992370605	136.704879760742
30.8199996948242	133.924224853516
30.8400001525879	82.3088607788086
30.8600006103516	159.541885375977
30.8799991607666	206.875549316406
30.8999996185303	158.420837402344
30.9200000762939	113.817977905273
30.9400005340576	265.166717529297
30.9599990844727	126.555824279785
30.9799995422363	0
31	154.250610351563
31.0200004577637	201.456359863281
31.0400009155273	77.4221725463867
31.0599994659424	105.050033569336
31.0799999237061	105.446731567383
31.1000003814697	212.629623413086
31.1200008392334	267.792419433594
31.1399993896484	116.956390380859
31.1599998474121	117.685989379883
31.1800003051758	158.077926635742
31.2000007629395	165.889129638672
31.2199993133545	269.084228515625
31.2399997711182	180.908843994141
31.2600002288818	226.536331176758
31.2800006866455	151.510665893555
31.2999992370605	243.976318359375
31.3199996948242	244.181411743164
31.3400001525879	157.089431762695
31.3600006103516	108.826904296875
31.3799991607666	115.180702209473
31.3999996185303	93.7374725341797
31.4200000762939	164.091217041016
31.4400005340576	137.912582397461
31.4599990844727	307.883483886719
31.4799995422363	169.464324951172
31.5	286.588165283203
31.5200004577637	315.928649902344
31.5400009155273	298.462585449219
31.5599994659424	342.539520263672
31.5799999237061	412.701782226563
31.6000003814697	484.977172851563
31.6200008392334	598.541748046875
31.6399993896484	926.839782714844
31.6599998474121	1395.31225585938
31.6800003051758	2018.58679199219
31.7000007629395	2150.58422851563
31.7199993133545	1961.07580566406
31.7399997711182	1775.65393066406
31.7600002288818	1497.2919921875
31.7800006866455	1528.80151367188
31.7999992370605	1217.99096679688
31.8199996948242	1088.76806640625
31.8400001525879	443.838897705078
31.8600006103516	540.551330566406
31.8799991607666	453.830017089844
31.8999996185303	305.606597900391
31.9200000762939	244.675186157227
31.9400005340576	219.251174926758
31.9599990844727	417.236633300781
31.9799995422363	215.374221801758
32	248.227279663086
32.0200004577637	216.076324462891
32.0400009155273	151.610641479492
32.060001373291	137.659484863281
32.0800018310547	183.707305908203
32.0999984741211	132.209243774414
32.1199989318848	117.682991027832
32.1399993896484	292.419677734375
32.1599998474121	136.376983642578
32.1800003051758	176.40071105957
32.2000007629395	96.9545516967773
32.2200012207031	128.701843261719
32.2400016784668	131.295043945313
32.2599983215332	217.515823364258
32.2799987792969	125.29744720459
32.2999992370605	187.044235229492
32.3199996948242	167.658157348633
32.3400001525879	254.710876464844
32.3600006103516	120.29581451416
32.3800010681152	174.689071655273
32.4000015258789	141.883880615234
32.4199981689453	119.133186340332
32.439998626709	185.168441772461
32.4599990844727	219.242248535156
32.4799995422363	145.656616210938
32.5	205.993698120117
32.5200004577637	210.419967651367
32.5400009155273	118.280883789063
32.560001373291	167.366287231445
32.5800018310547	131.783569335938
32.5999984741211	174.306579589844
32.6199989318848	83.9443359375
32.6399993896484	93.0373611450195
32.6599998474121	135.259078979492
32.6800003051758	125.015869140625
32.7000007629395	156.781539916992
32.7200012207031	90.202522277832
32.7400016784668	108.476692199707
32.7599983215332	161.612609863281
32.7799987792969	161.764938354492
32.7999992370605	150.46452331543
32.8199996948242	167.176010131836
32.8400001525879	207.960540771484
32.8600006103516	207.090194702148
32.8800010681152	126.10319519043
32.9000015258789	21.4293975830078
32.9199981689453	180.313140869141
32.939998626709	95.6967163085938
32.9599990844727	143.528930664063
32.9799995422363	163.131805419922
33	238.609573364258
33.0200004577637	143.540786743164
33.0400009155273	132.964462280273
33.060001373291	74.4252395629883
33.0800018310547	155.389038085938
33.0999984741211	136.383972167969
33.1199989318848	186.170791625977
33.1399993896484	176.319473266602
33.1599998474121	108.876853942871
33.1800003051758	145.740005493164
33.2000007629395	199.697845458984
33.2200012207031	72.5649566650391
33.2400016784668	173.090911865234
33.2599983215332	145.765243530273
33.2799987792969	167.188827514648
33.2999992370605	199.563018798828
33.3199996948242	133.803161621094
33.3400001525879	154.024124145508
33.3600006103516	95.4837493896484
33.3800010681152	22.4002265930176
33.4000015258789	169.005889892578
33.4199981689453	261.814056396484
33.439998626709	164.390014648438
33.4599990844727	199.398498535156
33.4799995422363	139.767227172852
33.5	141.765655517578
33.5200004577637	178.704940795898
33.5400009155273	136.689422607422
33.560001373291	109.425788879395
33.5800018310547	257.69482421875
33.5999984741211	264.4541015625
33.6199989318848	183.167846679688
33.6399993896484	128.700790405273
33.6599998474121	105.748023986816
33.6800003051758	154.657470703125
33.7000007629395	130.049774169922
33.7200012207031	150.151916503906
33.7400016784668	60.9095764160156
33.7599983215332	143.437469482422
33.7799987792969	219.165679931641
33.7999992370605	156.62239074707
33.8199996948242	208.031692504883
33.8400001525879	129.240570068359
33.8600006103516	97.1184005737305
33.8800010681152	186.706085205078
33.9000015258789	47.9986763000488
33.9199981689453	215.137069702148
33.939998626709	135.530914306641
33.9599990844727	207.333679199219
33.9799995422363	184.614959716797
34	171.202774047852
34.0200004577637	172.467361450195
34.0400009155273	96.6334838867188
34.060001373291	64.0882186889648
34.0800018310547	143.67561340332
34.0999984741211	157.081619262695
34.1199989318848	106.707550048828
34.1399993896484	152.432922363281
34.1599998474121	147.992813110352
34.1800003051758	231.935852050781
34.2000007629395	292.031219482422
34.2200012207031	263.626495361328
34.2400016784668	224.400482177734
34.2599983215332	227.010650634766
34.2799987792969	217.455337524414
34.2999992370605	376.265106201172
34.3199996948242	547.1533203125
34.3400001525879	861.957702636719
34.3600006103516	1345.92346191406
34.3800010681152	832.520874023438
34.4000015258789	774.618041992188
34.4199981689453	717.725463867188
34.439998626709	676.196105957031
34.4599990844727	863.564758300781
34.4799995422363	529.847045898438
34.5	355.51318359375
34.5200004577637	396.172668457031
34.5400009155273	297.16455078125
34.560001373291	297.103576660156
34.5800018310547	178.962020874023
34.5999984741211	119.701995849609
34.6199989318848	183.406219482422
34.6399993896484	128.767807006836
34.6599998474121	190.144073486328
34.6800003051758	109.734954833984
34.7000007629395	119.538345336914
34.7200012207031	154.689636230469
34.7400016784668	192.94352722168
34.7599983215332	162.364822387695
34.7799987792969	31.3529739379883
34.7999992370605	161.704132080078
34.8199996948242	122.963623046875
34.8400001525879	151.770217895508
34.8600006103516	242.605056762695
34.8800010681152	180.591690063477
34.9000015258789	128.66178894043
34.9199981689453	98.0654602050781
34.939998626709	118.126502990723
34.9599990844727	113.84838104248
34.9799995422363	166.310165405273
35	134.650939941406
35.0200004577637	138.647079467773
35.0400009155273	116.063003540039
35.060001373291	165.057159423828
35.0800018310547	101.432167053223
35.0999984741211	128.798904418945
35.1199989318848	63.559944152832
35.1399993896484	172.28434753418
35.1599998474121	75.5444107055664
35.1800003051758	29.105037689209
35.2000007629395	163.976135253906
35.2200012207031	54.6670036315918
35.2400016784668	28.6671695709229
35.2599983215332	219.868423461914
35.2799987792969	74.8525161743164
35.2999992370605	176.387329101563
35.3199996948242	170.699569702148
35.3400001525879	186.089538574219
35.3600006103516	205.104064941406
35.3800010681152	163.915878295898
35.4000015258789	93.8451156616211
35.4199981689453	85.8809509277344
35.439998626709	130.824523925781
35.4599990844727	165.587539672852
35.4799995422363	170.450042724609
35.5	296.594879150391
35.5200004577637	124.467681884766
35.5400009155273	253.398559570313
35.560001373291	88.0110855102539
35.5800018310547	81.1588439941406
35.5999984741211	153.703308105469
35.6199989318848	54.5348739624023
35.6399993896484	206.193450927734
35.6599998474121	137.98876953125
35.6800003051758	117.245307922363
35.7000007629395	145.058410644531
35.7200012207031	124.519401550293
35.7400016784668	79.2605285644531
35.7599983215332	131.776321411133
35.7799987792969	94.0924987792969
35.7999992370605	300.817718505859
35.8199996948242	188.909713745117
35.8400001525879	156.687042236328
35.8600006103516	152.06559753418
35.8800010681152	125.579833984375
35.9000015258789	161.856582641602
35.9199981689453	282.406677246094
35.939998626709	213.191696166992
35.9599990844727	219.747573852539
35.9799995422363	264.473205566406
36	355.172668457031
36.0200004577637	416.422943115234
36.0400009155273	392.400756835938
36.060001373291	377.002624511719
36.0800018310547	419.394195556641
36.0999984741211	630.044982910156
36.1199989318848	1013.16546630859
36.1399993896484	1803.34936523438
36.1599998474121	2237.01489257813
36.1800003051758	2794.4248046875
36.2000007629395	2516.81884765625
36.2200012207031	1972.708984375
36.2400016784668	1588.23266601563
36.2599983215332	1883.84130859375
36.2799987792969	1895.99267578125
36.2999992370605	1449.34985351563
36.3199996948242	926.082763671875
36.3400001525879	682.808959960938
36.3600006103516	547.536010742188
36.3800010681152	415.535339355469
36.4000015258789	412.703460693359
36.4199981689453	313.453796386719
36.439998626709	185.806793212891
36.4599990844727	260.196472167969
36.4799995422363	255.811645507813
36.5	120.296005249023
36.5200004577637	273.756378173828
36.5400009155273	52.3929862976074
36.560001373291	84.4008178710938
36.5800018310547	207.573745727539
36.5999984741211	140.220520019531
36.6199989318848	123.800445556641
36.6399993896484	201.680740356445
36.6599998474121	96.4665451049805
36.6800003051758	215.20930480957
36.7000007629395	172.196060180664
36.7200012207031	94.9208221435547
36.7400016784668	187.430770874023
36.7599983215332	45.5322189331055
36.7799987792969	141.139602661133
36.7999992370605	51.588623046875
36.8199996948242	202.724670410156
36.8400001525879	137.174346923828
36.8600006103516	158.895095825195
36.8800010681152	139.828460693359
36.9000015258789	142.095916748047
36.9199981689453	173.70378112793
36.939998626709	109.960327148438
36.9599990844727	219.280242919922
36.9799995422363	117.716598510742
37	109.993133544922
37.0200004577637	101.036018371582
37.0400009155273	124.09139251709
37.060001373291	37.0486183166504
37.0800018310547	143.661346435547
37.0999984741211	106.355918884277
37.1199989318848	56.2950134277344
37.1399993896484	110.891342163086
37.1599998474121	169.956008911133
37.1800003051758	191.842193603516
37.2000007629395	232.570770263672
37.2200012207031	123.212890625
37.2400016784668	91.2232666015625
37.2599983215332	78.4345397949219
37.2799987792969	103.484336853027
37.2999992370605	0
37.3199996948242	161.987487792969
37.3400001525879	155.366256713867
37.3600006103516	130.984741210938
37.3800010681152	202.05632019043
37.4000015258789	175.924057006836
37.4199981689453	89.7166213989258
37.439998626709	81.0680847167969
37.4599990844727	62.9248504638672
37.4799995422363	44.209545135498
37.5	110.839256286621
37.5200004577637	134.968841552734
37.5400009155273	28.4833202362061
37.560001373291	117.599395751953
37.5800018310547	163.900970458984
37.5999984741211	118.855987548828
37.6199989318848	141.68017578125
37.6399993896484	165.272979736328
37.6599998474121	19.7415904998779
37.6800003051758	12.5832824707031
37.7000007629395	176.713958740234
37.7200012207031	187.633544921875
37.7400016784668	48.8404541015625
37.7599983215332	233.383331298828
37.7799987792969	157.038208007813
37.7999992370605	143.285598754883
37.8199996948242	177.004119873047
37.8400001525879	73.0942916870117
37.8600006103516	164.884216308594
37.8800010681152	79.5616912841797
37.9000015258789	69.484504699707
37.9199981689453	101.866439819336
37.939998626709	93.4612121582031
37.9599990844727	88.993896484375
37.9799995422363	199.310424804688
38	87.0232162475586
38.0200004577637	90.4584045410156
38.0400009155273	38.3051414489746
38.060001373291	213.311660766602
38.0800018310547	135.920227050781
38.0999984741211	68.2631454467773
38.1199989318848	109.96053314209
38.1399993896484	102.047393798828
38.1599998474121	162.462646484375
38.1800003051758	301.957214355469
38.2000007629395	310.457397460938
38.2200012207031	236.731079101563
38.2400016784668	134.086395263672
38.2599983215332	259.307495117188
38.2799987792969	341.573547363281
38.2999992370605	333.954559326172
38.3199996948242	359.610809326172
38.3400001525879	147.108627319336
38.3600006103516	234.756088256836
38.3800010681152	120.952629089355
38.4000015258789	60.2895278930664
38.4199981689453	116.32942199707
38.439998626709	245.041168212891
38.4599990844727	117.031379699707
38.4799995422363	154.774017333984
38.5	141.928100585938
38.5200004577637	136.443099975586
38.5400009155273	74.4167938232422
38.560001373291	167.527954101563
38.5800018310547	106.493095397949
38.5999984741211	13.6972589492798
38.6199989318848	0
38.6399993896484	24.2366104125977
38.6599998474121	12.3653984069824
38.6800003051758	127.704071044922
38.7000007629395	151.907516479492
38.7200012207031	73.9593353271484
38.7400016784668	105.531181335449
38.7599983215332	69.5239868164063
38.7799987792969	220.176116943359
38.7999992370605	214.751388549805
38.8199996948242	147.380569458008
38.8400001525879	32.5250396728516
38.8600006103516	146.670471191406
38.8800010681152	32.4966735839844
38.9000015258789	205.465270996094
38.9199981689453	34.1121482849121
38.939998626709	171.893524169922
38.9599990844727	144.478820800781
38.9799995422363	138.542617797852
39	147.294372558594
39.0200004577637	75.4721221923828
39.0400009155273	40.5823860168457
39.060001373291	70.8452987670898
39.0800018310547	193.806442260742
39.0999984741211	150.470397949219
39.1199989318848	139.670928955078
39.1399993896484	62.5541305541992
39.1599998474121	137.489639282227
39.1800003051758	246.604766845703
39.2000007629395	102.75715637207
39.2200012207031	145.413192749023
39.2400016784668	165.099517822266
39.2599983215332	126.244567871094
39.2799987792969	122.638610839844
39.2999992370605	94.6894607543945
39.3199996948242	101.107131958008
39.3400001525879	71.6469879150391
39.3600006103516	159.702575683594
39.3800010681152	74.0593872070313
39.4000015258789	131.885604858398
39.4199981689453	143.329956054688
39.439998626709	77.8947525024414
39.4599990844727	92.0119705200195
39.4799995422363	175.865280151367
39.5	127.502799987793
39.5200004577637	106.585632324219
39.5400009155273	119.92448425293
39.560001373291	64.4970092773438
39.5800018310547	110.41934967041
39.5999984741211	300.451599121094
39.6199989318848	196.209365844727
39.6399993896484	197.52604675293
39.6599998474121	198.590377807617
39.6800003051758	172.225814819336
39.7000007629395	175.066635131836
39.7200012207031	61.901252746582
39.7400016784668	187.06233215332
39.7599983215332	91.9926605224609
39.7799987792969	83.2279663085938
39.7999992370605	237.655975341797
39.8199996948242	120.168632507324
39.8400001525879	36.7248916625977
39.8600006103516	163.457977294922
39.8800010681152	210.392730712891
39.9000015258789	50.2138862609863
39.9199981689453	184.57421875
39.939998626709	81.4084320068359
39.9599990844727	134.241592407227
39.9799995422363	25.8148517608643
40	171.791534423828
40.0200004577637	100.617240905762
40.0400009155273	80.939582824707
40.060001373291	154.147537231445
40.0800018310547	0
40.0999984741211	108.794746398926
40.1199989318848	179.328491210938
40.1399993896484	241.090515136719
40.1599998474121	102.012504577637
40.1800003051758	183.832458496094
40.2000007629395	166.617889404297
40.2200012207031	111.997055053711
40.2400016784668	258.583648681641
40.2599983215332	386.597839355469
40.2799987792969	323.899291992188
40.2999992370605	327.898651123047
40.3199996948242	544.404846191406
40.3400001525879	428.474945068359
40.3600006103516	732.451416015625
40.3800010681152	1585.09643554688
40.4000015258789	1853.26354980469
40.4199981689453	1005.60821533203
40.439998626709	839.998901367188
40.4599990844727	670.819213867188
40.4799995422363	863.945190429688
40.5	1017.51477050781
40.5200004577637	861.240112304688
40.5400009155273	415.585632324219
40.560001373291	312.335754394531
40.5800018310547	251.534698486328
40.5999984741211	140.216506958008
40.6199989318848	214.370910644531
40.6399993896484	301.202758789063
40.6599998474121	265.642944335938
40.6800003051758	178.646621704102
40.7000007629395	193.991592407227
40.7200012207031	317.546478271484
40.7400016784668	146.972839355469
40.7599983215332	155.647720336914
40.7799987792969	198.086883544922
40.7999992370605	61.2436294555664
40.8199996948242	240.067489624023
40.8400001525879	46.6541557312012
40.8600006103516	128.829650878906
40.8800010681152	228.095367431641
40.9000015258789	99.6861190795898
40.9199981689453	0
40.939998626709	32.072582244873
40.9599990844727	84.8022689819336
40.9799995422363	84.2003402709961
41	156.495819091797
41.0200004577637	98.3047637939453
41.0400009155273	123.583869934082
41.060001373291	97.9247436523438
41.0800018310547	106.992301940918
41.0999984741211	125.271415710449
41.1199989318848	160.591033935547
41.1399993896484	21.0777397155762
41.1599998474121	103.416793823242
41.1800003051758	139.879379272461
41.2000007629395	15.2768440246582
41.2200012207031	123.733306884766
41.2400016784668	65.9457702636719
41.2599983215332	145.100372314453
41.2799987792969	51.3371162414551
41.2999992370605	113.019866943359
41.3199996948242	133.906219482422
41.3400001525879	34.2625045776367
41.3600006103516	100.863945007324
41.3800010681152	30.2975845336914
41.4000015258789	71.3546371459961
41.4199981689453	95.4579772949219
41.439998626709	170.214340209961
41.4599990844727	153.677719116211
41.4799995422363	185.949951171875
41.5	108.794120788574
41.5200004577637	34.3923416137695
41.5400009155273	0
41.560001373291	218.219116210938
41.5800018310547	164.140518188477
41.5999984741211	83.7491760253906
41.6199989318848	158.180404663086
41.6399993896484	54.1616897583008
41.6599998474121	83.5343246459961
41.6800003051758	317.784759521484
41.7000007629395	186.290924072266
41.7200012207031	46.975643157959
41.7400016784668	49.8005828857422
41.7599983215332	71.6232147216797
41.7799987792969	130.196899414063
41.7999992370605	172.019882202148
41.8199996948242	176.570556640625
41.8400001525879	51.6242370605469
41.8600006103516	52.2373275756836
41.8800010681152	110.867782592773
41.9000015258789	169.171585083008
41.9199981689453	90.5786437988281
41.939998626709	265.805969238281
41.9599990844727	214.786270141602
41.9799995422363	156.968414306641
42	37.3177795410156
42.0200004577637	27.3554191589355
42.0400009155273	124.727607727051
42.060001373291	130.861282348633
42.0800018310547	51.768741607666
42.0999984741211	107.270179748535
42.1199989318848	141.525360107422
42.1399993896484	117.098937988281
42.1599998474121	159.855346679688
42.1800003051758	97.4869232177734
42.2000007629395	162.957595825195
42.2200012207031	3.09258055686951
42.2400016784668	112.002738952637
42.2599983215332	56.6637992858887
42.2799987792969	150.733947753906
42.2999992370605	87.1523590087891
42.3199996948242	121.128692626953
42.3400001525879	35.2143096923828
42.3600006103516	34.5378723144531
42.3800010681152	85.7195892333984
42.4000015258789	126.341537475586
42.4199981689453	198.69059753418
42.439998626709	156.768508911133
42.4599990844727	149.176803588867
42.4799995422363	144.581588745117
42.5	235.462463378906
42.5200004577637	122.518287658691
42.5400009155273	40.2782707214355
42.560001373291	124.181419372559
42.5800018310547	251.678283691406
42.5999984741211	145.301483154297
42.6199989318848	135.398208618164
42.6399993896484	62.1112747192383
42.6599998474121	0.215025797486305
42.6800003051758	103.70140838623
42.7000007629395	116.303405761719
42.7200012207031	186.860931396484
42.7400016784668	87.2104415893555
42.7599983215332	217.172592163086
42.7799987792969	150.173599243164
42.7999992370605	92.9356155395508
42.8199996948242	174.503768920898
42.8400001525879	107.750434875488
42.8600006103516	0
42.8800010681152	76.1973419189453
42.9000015258789	91.7871398925781
42.9199981689453	120.459693908691
42.939998626709	62.3972434997559
42.9599990844727	126.017227172852
42.9799995422363	191.724914550781
43	293.033142089844
43.0200004577637	147.960525512695
43.0400009155273	137.268493652344
43.060001373291	68.4277496337891
43.0800018310547	65.0758438110352
43.0999984741211	14.4137382507324
43.1199989318848	104.408905029297
43.1399993896484	125.297698974609
43.1599998474121	64.2829742431641
43.1800003051758	156.986862182617
43.2000007629395	197.627990722656
43.2200012207031	288.140960693359
43.2400016784668	239.596282958984
43.2599983215332	254.916687011719
43.2799987792969	302.069305419922
43.2999992370605	217.297866821289
43.3199996948242	168.186981201172
43.3400001525879	239.558944702148
43.3600006103516	123.214050292969
43.3800010681152	220.149108886719
43.4000015258789	165.767135620117
43.4199981689453	220.240051269531
43.439998626709	48.1053199768066
43.4599990844727	128.676956176758
43.4799995422363	192.549819946289
43.5	244.644668579102
43.5200004577637	121.317993164063
43.5400009155273	150.600357055664
43.560001373291	99.4261245727539
43.5800018310547	162.42057800293
43.5999984741211	4.18764019012451
43.6199989318848	108.884544372559
43.6399993896484	158.917617797852
43.6599998474121	283.906158447266
43.6800003051758	77.3405380249023
43.7000007629395	146.00993347168
43.7200012207031	133.878707885742
43.7400016784668	65.5550079345703
43.7599983215332	105.423027038574
43.7799987792969	62.850341796875
43.7999992370605	60.3576393127441
43.8199996948242	181.792129516602
43.8400001525879	132.640716552734
43.8600006103516	124.042381286621
43.8800010681152	123.341522216797
43.9000015258789	88.0007858276367
43.9199981689453	55.2447052001953
43.939998626709	111.146797180176
43.9599990844727	140.132110595703
43.9799995422363	84.0120086669922
44	134.06706237793
44.0200004577637	99.8933258056641
44.0400009155273	182.643020629883
44.060001373291	29.0746116638184
44.0800018310547	75.0160140991211
44.0999984741211	131.571548461914
44.1199989318848	157.820419311523
44.1399993896484	54.3443756103516
44.1599998474121	46.3917617797852
44.1800003051758	0
44.2000007629395	214.963455200195
44.2200012207031	69.9576416015625
44.2400016784668	153.501312255859
44.2599983215332	76.4312515258789
44.2799987792969	96.6087265014648
44.2999992370605	120.158134460449
44.3199996948242	118.672241210938
44.3400001525879	53.3665390014648
44.3600006103516	107.989959716797
44.3800010681152	82.199577331543
44.4000015258789	52.794189453125
44.4199981689453	134.315048217773
44.439998626709	88.5931549072266
44.4599990844727	151.147537231445
44.4799995422363	82.7921600341797
44.5	115.238327026367
44.5200004577637	102.266326904297
44.5400009155273	101.16535949707
44.560001373291	151.815460205078
44.5800018310547	90.0243148803711
44.5999984741211	167.157241821289
44.6199989318848	87.9015121459961
44.6399993896484	107.570434570313
44.6599998474121	65.6568832397461
44.6800003051758	0
44.7000007629395	123.195404052734
44.7200012207031	117.739448547363
44.7400016784668	99.5094680786133
44.7599983215332	150.08821105957
44.7799987792969	66.3749160766602
44.7999992370605	128.044937133789
44.8199996948242	185.496032714844
44.8400001525879	155.996520996094
44.8600006103516	69.4202194213867
44.8800010681152	173.875595092773
44.9000015258789	97.5019989013672
44.9199981689453	106.900192260742
44.939998626709	100.213493347168
44.9599990844727	135.452331542969
44.9799995422363	158.533416748047
45	109.041084289551
45.0200004577637	50.0689697265625
45.0400009155273	153.361801147461
45.060001373291	126.545639038086
45.0800018310547	0.25160476565361
45.0999984741211	111.2109375
45.1199989318848	69.9074249267578
45.1399993896484	161.271835327148
45.1599998474121	35.5991172790527
45.1800003051758	76.5216598510742
45.2000007629395	195.724609375
45.2200012207031	116.841300964355
45.2400016784668	152.893203735352
45.2599983215332	39.0581016540527
45.2799987792969	209.501602172852
45.2999992370605	151.064331054688
45.3199996948242	69.1265411376953
45.3400001525879	153.042556762695
45.3600006103516	22.8932418823242
45.3800010681152	99.9761734008789
45.4000015258789	157.509643554688
45.4199981689453	112.650657653809
45.439998626709	153.470291137695
45.4599990844727	88.3449935913086
45.4799995422363	27.3109245300293
45.5	204.623748779297
45.5200004577637	0
45.5400009155273	101.145378112793
45.560001373291	92.4244155883789
45.5800018310547	24.4641342163086
45.5999984741211	216.412841796875
45.6199989318848	182.310363769531
45.6399993896484	98.0576782226563
45.6599998474121	66.8866577148438
45.6800003051758	60.889045715332
45.7000007629395	128.033615112305
45.7200012207031	83.4642486572266
45.7400016784668	197.963607788086
45.7599983215332	37.1584625244141
45.7799987792969	156.929397583008
45.7999992370605	139.984008789063
45.8199996948242	109.524765014648
45.8400001525879	78.6651077270508
45.8600006103516	45.2129898071289
45.8800010681152	102.584548950195
45.9000015258789	134.908142089844
45.9199981689453	117.479804992676
45.939998626709	172.561569213867
45.9599990844727	105.527214050293
45.9799995422363	133.605621337891
46	109.063438415527
46.0200004577637	120.763206481934
46.0400009155273	88.2085800170898
46.060001373291	61.8018455505371
46.0800018310547	127.032684326172
46.0999984741211	115.76390838623
46.1199989318848	89.2024307250977
46.1399993896484	144.935241699219
46.1599998474121	0
46.1800003051758	75.5935668945313
46.2000007629395	23.4542407989502
46.2200012207031	16.7868957519531
46.2400016784668	106.277603149414
46.2599983215332	145.965484619141
46.2799987792969	126.883529663086
46.2999992370605	136.215682983398
46.3199996948242	136.83854675293
46.3400001525879	117.861175537109
46.3600006103516	159.373245239258
46.3800010681152	130.107238769531
46.4000015258789	72.7375717163086
46.4199981689453	103.265449523926
46.439998626709	126.39217376709
46.4599990844727	118.322967529297
46.4799995422363	50.0414199829102
46.5	104.317512512207
46.5200004577637	233.565475463867
46.5400009155273	151.019622802734
46.560001373291	58.1385154724121
46.5800018310547	75.0911560058594
46.5999984741211	160.207763671875
46.6199989318848	115.059776306152
46.6399993896484	170.278289794922
46.6599998474121	32.9278984069824
46.6800003051758	186.474136352539
46.7000007629395	214.342849731445
46.7200012207031	0
46.7400016784668	91.637092590332
46.7599983215332	111.833786010742
46.7799987792969	174.076385498047
46.7999992370605	273.922424316406
46.8199996948242	99.4713745117188
46.8400001525879	263.299621582031
46.8600006103516	168.219604492188
46.8800010681152	185.888076782227
46.9000015258789	207.001403808594
46.9199981689453	147.472686767578
46.939998626709	264.393676757813
46.9599990844727	151.354553222656
46.9799995422363	156.00032043457
47	106.684173583984
47.0200004577637	243.470840454102
47.0400009155273	181.152847290039
47.060001373291	220.211532592773
47.0800018310547	172.495666503906
47.0999984741211	140.394454956055
47.1199989318848	140.033187866211
47.1399993896484	251.704208374023
47.1599998474121	128.343444824219
47.1800003051758	191.957534790039
47.2000007629395	75.7579040527344
47.2200012207031	201.958999633789
47.2400016784668	154.180938720703
47.2599983215332	170.552062988281
47.2799987792969	108.481063842773
47.2999992370605	158.867538452148
47.3199996948242	117.980918884277
47.3400001525879	252.517440795898
47.3600006103516	196.602890014648
47.3800010681152	139.526611328125
47.4000015258789	139.98974609375
47.4199981689453	346.351104736328
47.439998626709	479.100036621094
47.4599990844727	507.324737548828
47.4799995422363	626.3232421875
47.5	518.566711425781
47.5200004577637	321.211181640625
47.5400009155273	278.634033203125
47.560001373291	428.328399658203
47.5800018310547	510.758453369141
47.5999984741211	405.851135253906
47.6199989318848	300.442657470703
47.6399993896484	367.728088378906
47.6599998474121	175.567901611328
47.6800003051758	302.061828613281
47.7000007629395	123.794960021973
47.7200012207031	216.811599731445
47.7400016784668	229.045867919922
47.7599983215332	155.594360351563
47.7799987792969	127.883323669434
47.7999992370605	68.3675155639648
47.8199996948242	127.533050537109
47.8400001525879	75.5624618530273
47.8600006103516	192.18229675293
47.8800010681152	239.104461669922
47.9000015258789	106.742233276367
47.9199981689453	77.4839553833008
47.939998626709	200.056869506836
47.9599990844727	146.969375610352
47.9799995422363	93.4266586303711
48	214.029724121094
48.0200004577637	155.32453918457
48.0400009155273	196.887847900391
48.060001373291	73.7632064819336
48.0800018310547	113.555084228516
48.0999984741211	199.466094970703
48.1199989318848	55.3383750915527
48.1399993896484	129.240600585938
48.1599998474121	68.7391891479492
48.1800003051758	52.7202262878418
48.2000007629395	131.769317626953
48.2200012207031	191.958892822266
48.2400016784668	62.529914855957
48.2599983215332	0.0800476223230362
48.2799987792969	52.9496650695801
48.2999992370605	0
48.3199996948242	12.5776634216309
48.3400001525879	161.642578125
48.3600006103516	76.0673294067383
48.3800010681152	41.8181304931641
48.4000015258789	179.319473266602
48.4199981689453	108.193511962891
48.439998626709	187.73908996582
48.4599990844727	79.9933471679688
48.4799995422363	52.0168685913086
48.5	63.1790924072266
48.5200004577637	124.52507019043
48.5400009155273	46.6646995544434
48.560001373291	103.725738525391
48.5800018310547	27.9844856262207
48.5999984741211	178.522537231445
48.6199989318848	93.9786758422852
48.6399993896484	117.567459106445
48.6599998474121	198.423461914063
48.6800003051758	131.605346679688
48.7000007629395	160.781127929688
48.7200012207031	123.971237182617
48.7400016784668	121.978240966797
48.7599983215332	144.850738525391
48.7799987792969	157.519439697266
48.7999992370605	22.766731262207
48.8199996948242	167.147766113281
48.8400001525879	96.0832748413086
48.8600006103516	81.16357421875
48.8800010681152	112.53694152832
48.9000015258789	0
48.9199981689453	103.687301635742
48.939998626709	145.439987182617
48.9599990844727	164.482223510742
48.9799995422363	162.297927856445
49	143.220443725586
49.0200004577637	91.7737045288086
49.0400009155273	20.6375389099121
49.060001373291	0
49.0800018310547	216.39111328125
49.0999984741211	144.186096191406
49.1199989318848	54.553337097168
49.1399993896484	12.6326417922974
49.1599998474121	188.542205810547
49.1800003051758	226.620330810547
49.2000007629395	69.0604019165039
49.2200012207031	4.62267255783081
49.2400016784668	61.0529403686523
49.2599983215332	125.790367126465
49.2799987792969	0
49.2999992370605	10.8091850280762
49.3199996948242	101.553352355957
49.3400001525879	193.117614746094
49.3600006103516	43.4981498718262
49.3800010681152	43.389476776123
49.4000015258789	120.286521911621
49.4199981689453	45.9231033325195
49.439998626709	79.6338653564453
49.4599990844727	161.299301147461
49.4799995422363	133.696014404297
49.5	322.944580078125
49.5200004577637	145.844085693359
49.5400009155273	210.518356323242
49.560001373291	225.598831176758
49.5800018310547	411.586486816406
49.5999984741211	413.028717041016
49.6199989318848	339.611633300781
49.6399993896484	204.771453857422
49.6599998474121	152.083038330078
49.6800003051758	135.269638061523
49.7000007629395	186.672470092773
49.7200012207031	189.914886474609
49.7400016784668	106.419273376465
49.7599983215332	206.654724121094
49.7799987792969	158.420745849609
49.7999992370605	122.766746520996
49.8199996948242	205.462982177734
49.8400001525879	171.988174438477
49.8600006103516	24.7935333251953
49.8800010681152	207.964080810547
49.9000015258789	179.468948364258
49.9199981689453	151.922302246094
49.939998626709	139.49983215332
49.9599990844727	95.9757385253906
49.9799995422363	181.497283935547
50	40.8710136413574
50.0200004577637	90.7840194702148
50.0400009155273	48.2791023254395
50.060001373291	149.638748168945
50.0800018310547	127.812995910645
50.0999984741211	42.4155197143555
50.1199989318848	218.525009155273
50.1399993896484	62.5127296447754
50.1599998474121	124.484176635742
50.1800003051758	89.6949615478516
50.2000007629395	130.18603515625
50.2200012207031	111.644798278809
50.2400016784668	215.449172973633
50.2599983215332	157.323822021484
50.2799987792969	147.020080566406
50.2999992370605	205.002883911133
50.3199996948242	115.317207336426
50.3400001525879	75.0444030761719
50.3600006103516	137.355178833008
50.3800010681152	137.404235839844
50.4000015258789	186.309417724609
50.4199981689453	197.743560791016
50.439998626709	22.8229598999023
50.4599990844727	108.688850402832
50.4799995422363	160.268707275391
50.5	151.490753173828
50.5200004577637	80.876823425293
50.5400009155273	112.509819030762
50.560001373291	140.223617553711
50.5800018310547	128.858093261719
50.5999984741211	121.470207214355
50.6199989318848	234.993713378906
50.6399993896484	140.56819152832
50.6599998474121	183.222122192383
50.6800003051758	196.153610229492
50.7000007629395	83.3679885864258
50.7200012207031	79.2792587280273
50.7400016784668	270.430419921875
50.7599983215332	151.256240844727
50.7799987792969	191.603820800781
50.7999992370605	38.4464492797852
50.8199996948242	299.499572753906
50.8400001525879	44.7953872680664
50.8600006103516	65.2600402832031
50.8800010681152	129.266494750977
50.9000015258789	172.433258056641
50.9199981689453	85.7696380615234
50.939998626709	170.302612304688
50.9599990844727	60.3334693908691
50.9799995422363	126.72681427002
51	208.790313720703
51.0200004577637	201.988403320313
51.0400009155273	205.360153198242
51.060001373291	160.896621704102
51.0800018310547	134.012344360352
51.0999984741211	122.123046875
51.1199989318848	155.460235595703
51.1399993896484	59.3760108947754
51.1599998474121	124.851455688477
51.1800003051758	104.022789001465
51.2000007629395	90.1444778442383
51.2200012207031	144.872482299805
51.2400016784668	162.111511230469
51.2599983215332	161.598220825195
51.2799987792969	144.702178955078
51.2999992370605	109.795936584473
51.3199996948242	114.133506774902
51.3400001525879	155.276580810547
51.3600006103516	217.288436889648
51.3800010681152	111.264739990234
51.4000015258789	220.502059936523
51.4199981689453	95.0081405639648
51.439998626709	0
51.4599990844727	159.916458129883
51.4799995422363	69.2908172607422
51.5	68.0939788818359
51.5200004577637	184.01594543457
51.5400009155273	102.280517578125
51.560001373291	193.430099487305
51.5800018310547	284.723449707031
51.5999984741211	244.357864379883
51.6199989318848	162.978988647461
51.6399993896484	106.453269958496
51.6599998474121	81.7753982543945
51.6800003051758	104.952339172363
51.7000007629395	75.9531784057617
51.7200012207031	90.6925048828125
51.7400016784668	152.79248046875
51.7599983215332	134.496704101563
51.7799987792969	141.498046875
51.7999992370605	110.457511901855
51.8199996948242	140.230056762695
51.8400001525879	147.309875488281
51.8600006103516	162.596694946289
51.8800010681152	224.173278808594
51.9000015258789	51.9327278137207
51.9199981689453	188.058029174805
51.939998626709	143.203811645508
51.9599990844727	266.643432617188
51.9799995422363	155.430038452148
52	102.697151184082
52.0200004577637	136.292297363281
52.0400009155273	78.3260726928711
52.060001373291	117.621688842773
52.0800018310547	212.768859863281
52.0999984741211	141.153778076172
52.1199989318848	130.175338745117
52.1399993896484	60.8924789428711
52.1599998474121	235.334243774414
52.1800003051758	171.322540283203
52.2000007629395	46.852653503418
52.2200012207031	141.987686157227
52.2400016784668	113.6123046875
52.2599983215332	157.320953369141
52.2799987792969	205.366012573242
52.2999992370605	141.486206054688
52.3199996948242	174.393661499023
52.3400001525879	227.785415649414
52.3600006103516	152.911148071289
52.3800010681152	250.173263549805
52.4000015258789	153.611450195313
52.4199981689453	0
52.439998626709	153.971618652344
52.4599990844727	72.402717590332
52.4799995422363	99.0420532226563
52.5	154.412994384766
52.5200004577637	274.57861328125
52.5400009155273	111.70011138916
52.560001373291	60.1694030761719
52.5800018310547	149.741607666016
52.5999984741211	233.274612426758
52.6199989318848	180.233596801758
52.6399993896484	35.6141204833984
52.6599998474121	207.657104492188
52.6800003051758	24.8273105621338
52.7000007629395	133.830322265625
52.7200012207031	181.540573120117
52.7400016784668	192.570083618164
52.7599983215332	108.041801452637
52.7799987792969	70.1189727783203
52.7999992370605	110.261169433594
52.8199996948242	144.893402099609
52.8400001525879	174.204071044922
52.8600006103516	117.280082702637
52.8800010681152	18.2532920837402
52.9000015258789	82.77587890625
52.9199981689453	83.5746002197266
52.939998626709	36.7598991394043
52.9599990844727	100.986701965332
52.9799995422363	182.750717163086
53	219.148208618164
53.0200004577637	175.682861328125
53.0400009155273	156.527221679688
53.060001373291	119.269638061523
53.0800018310547	255.221786499023
53.0999984741211	162.769927978516
53.1199989318848	45.6394348144531
53.1399993896484	199.647583007813
53.1599998474121	229.244537353516
53.1800003051758	239.724090576172
53.2000007629395	182.135650634766
53.2200012207031	45.0908737182617
53.2400016784668	75.5922164916992
53.2599983215332	142.749099731445
53.2799987792969	177.188339233398
53.2999992370605	128.931106567383
53.3199996948242	224.203796386719
53.3400001525879	122.30638885498
53.3600006103516	266.969696044922
53.3800010681152	98.5603103637695
53.4000015258789	62.8532028198242
53.4199981689453	38.4430923461914
53.439998626709	189.933746337891
53.4599990844727	130.096542358398
53.4799995422363	149.825866699219
53.5	144.32373046875
53.5200004577637	128.128768920898
53.5400009155273	109.727424621582
53.560001373291	177.001647949219
53.5800018310547	127.120262145996
53.5999984741211	219.981384277344
53.6199989318848	133.843704223633
53.6399993896484	66.5225296020508
53.6599998474121	159.730453491211
53.6800003051758	152.576919555664
53.7000007629395	62.3138236999512
53.7200012207031	46.2965545654297
53.7400016784668	144.546539306641
53.7599983215332	71.7726058959961
53.7799987792969	118.263687133789
53.7999992370605	97.9879989624023
53.8199996948242	162.499130249023
53.8400001525879	178.279525756836
53.8600006103516	261.374267578125
53.8800010681152	183.420989990234
53.9000015258789	92.2563858032227
53.9199981689453	34.3705825805664
53.939998626709	60.0121955871582
53.9599990844727	107.763038635254
53.9799995422363	6.50393152236938
54	170.799377441406
54.0200004577637	220.153549194336
54.0400009155273	51.5649528503418
54.060001373291	219.551544189453
54.0800018310547	116.00569152832
54.0999984741211	183.349868774414
54.1199989318848	114.599594116211
54.1399993896484	17.9171695709229
54.1599998474121	124.585815429688
54.1800003051758	134.952056884766
54.2000007629395	174.527297973633
54.2200012207031	130.658630371094
54.2400016784668	209.03791809082
54.2599983215332	145.405792236328
54.2799987792969	145.498901367188
54.2999992370605	195.579544067383
54.3199996948242	84.6075286865234
54.3400001525879	264.0478515625
54.3600006103516	171.373825073242
54.3800010681152	210.083541870117
54.4000015258789	183.672317504883
54.4199981689453	175.470794677734
54.439998626709	198.975646972656
54.4599990844727	188.791900634766
54.4799995422363	112.633666992188
54.5	58.8713760375977
54.5200004577637	264.278198242188
54.5400009155273	170.795394897461
54.560001373291	190.182159423828
54.5800018310547	184.143371582031
54.5999984741211	84.1453857421875
54.6199989318848	118.831100463867
54.6399993896484	76.1009979248047
54.6599998474121	221.651000976563
54.6800003051758	213.9111328125
54.7000007629395	151.845474243164
54.7200012207031	198.616363525391
54.7400016784668	168.699172973633
54.7599983215332	260.130065917969
54.7799987792969	72.6789703369141
54.7999992370605	249.699142456055
54.8199996948242	109.347496032715
54.8400001525879	193.510772705078
54.8600006103516	165.849731445313
54.8800010681152	124.86784362793
54.9000015258789	166.45768737793
54.9199981689453	80.5686874389648
54.939998626709	178.162307739258
54.9599990844727	215.226318359375
54.9799995422363	57.267017364502
55	176.240341186523
55.0200004577637	227.908477783203
55.0400009155273	77.0099258422852
55.060001373291	122.147735595703
55.0800018310547	201.360046386719
55.0999984741211	78.4249649047852
55.1199989318848	138.993194580078
55.1399993896484	154.516937255859
55.1599998474121	124.676361083984
55.1800003051758	72.1999282836914
55.2000007629395	215.965621948242
55.2200012207031	115.31999206543
55.2400016784668	148.872802734375
55.2599983215332	212.644760131836
55.2799987792969	209.234786987305
55.2999992370605	257.689422607422
55.3199996948242	223.260040283203
55.3400001525879	123.423904418945
55.3600006103516	167.430313110352
55.3800010681152	200.611557006836
55.4000015258789	245.136535644531
55.4199981689453	146.398345947266
55.439998626709	133.141937255859
55.4599990844727	34.6419410705566
55.4799995422363	276.380645751953
55.5	248.304595947266
55.5200004577637	138.013656616211
55.5400009155273	148.422225952148
55.560001373291	130.960830688477
55.5800018310547	106.935501098633
55.5999984741211	216.693313598633
55.6199989318848	234.122268676758
55.6399993896484	195.706512451172
55.6599998474121	95.297248840332
55.6800003051758	97.9348068237305
55.7000007629395	141.952972412109
55.7200012207031	149.847274780273
55.7400016784668	159.383453369141
55.7599983215332	290.733520507813
55.7799987792969	228.257263183594
55.7999992370605	113.616119384766
55.8199996948242	261.558776855469
55.8400001525879	187.620697021484
55.8600006103516	184.374801635742
55.8800010681152	190.615982055664
55.9000015258789	26.1781005859375
55.9199981689453	187.240097045898
55.939998626709	180.198547363281
55.9599990844727	118.207649230957
55.9799995422363	69.395378112793
56	154.52897644043
56.0200004577637	159.40299987793
56.0400009155273	300.779907226563
56.060001373291	74.5303802490234
56.0800018310547	162.065231323242
56.0999984741211	214.339706420898
56.1199989318848	167.413482666016
56.1399993896484	299.999114990234
56.1599998474121	206.701583862305
56.1800003051758	51.3894157409668
56.2000007629395	127.886734008789
56.2200012207031	182.330535888672
56.2400016784668	276.189300537109
56.2599983215332	378.345245361328
56.2799987792969	89.1182479858398
56.2999992370605	128.594177246094
56.3199996948242	238.260147094727
56.3400001525879	250.084609985352
56.3600006103516	241.753921508789
56.3800010681152	339.484313964844
56.4000015258789	269.302734375
56.4199981689453	434.476470947266
56.439998626709	397.563751220703
56.4599990844727	640.209594726563
56.4799995422363	742.841247558594
56.5	858.343383789063
56.5200004577637	888.904602050781
56.5400009155273	728.553344726563
56.560001373291	703.35986328125
56.5800018310547	537.404418945313
56.5999984741211	517.3427734375
56.6199989318848	646.788269042969
56.6399993896484	806.381103515625
56.6599998474121	705.005249023438
56.6800003051758	815.256408691406
56.7000007629395	472.233642578125
56.7200012207031	479.173126220703
56.7400016784668	437.964172363281
56.7599983215332	428.929840087891
56.7799987792969	351.464050292969
56.7999992370605	329.454254150391
56.8199996948242	317.972381591797
56.8400001525879	377.128753662109
56.8600006103516	258.876007080078
56.8800010681152	246.546936035156
56.9000015258789	183.347671508789
56.9199981689453	316.416320800781
56.939998626709	82.9494400024414
56.9599990844727	153.032791137695
56.9799995422363	169.266998291016
57	225.148971557617
57.0200004577637	188.895004272461
57.0400009155273	231.555740356445
57.060001373291	179.148101806641
57.0800018310547	324.520294189453
57.0999984741211	149.17578125
57.1199989318848	185.901138305664
57.1399993896484	147.284088134766
57.1599998474121	173.567916870117
57.1800003051758	276.531433105469
57.2000007629395	172.159423828125
57.2200012207031	100.70426940918
57.2400016784668	216.039886474609
57.2599983215332	185.343826293945
57.2799987792969	145.602996826172
57.2999992370605	204.171752929688
57.3199996948242	186.761291503906
57.3400001525879	177.395889282227
57.3600006103516	257.637084960938
57.3800010681152	152.590942382813
57.4000015258789	281.620727539063
57.4199981689453	166.286178588867
57.439998626709	105.532127380371
57.4599990844727	181.123092651367
57.4799995422363	227.104110717773
57.5	192.506759643555
57.5200004577637	315.965118408203
57.5400009155273	152.592346191406
57.560001373291	66.6657409667969
57.5800018310547	249.037246704102
57.5999984741211	143.682159423828
57.6199989318848	102.56755065918
57.6399993896484	85.6587905883789
57.6599998474121	233.725738525391
57.6800003051758	121.558227539063
57.7000007629395	161.388641357422
57.7200012207031	243.917999267578
57.7400016784668	200.450485229492
57.7599983215332	174.7392578125
57.7799987792969	205.089782714844
57.7999992370605	313.04736328125
57.8199996948242	223.867797851563
57.8400001525879	201.909042358398
57.8600006103516	114.901824951172
57.8800010681152	195.591079711914
57.9000015258789	221.191299438477
57.9199981689453	145.149749755859
57.939998626709	185.157623291016
57.9599990844727	219.760559082031
57.9799995422363	190.378677368164
58	219.647109985352
58.0200004577637	116.935752868652
58.0400009155273	132.143157958984
58.060001373291	302.222259521484
58.0800018310547	261.729919433594
58.0999984741211	156.206237792969
58.1199989318848	100.100616455078
58.1399993896484	93.4780197143555
58.1599998474121	151.983871459961
58.1800003051758	190.842163085938
58.2000007629395	224.239624023438
58.2200012207031	245.950805664063
58.2400016784668	238.469573974609
58.2599983215332	135.064422607422
58.2799987792969	151.854507446289
58.2999992370605	217.288436889648
58.3199996948242	170.864135742188
58.3400001525879	93.4351119995117
58.3600006103516	113.729782104492
58.3800010681152	140.279739379883
58.4000015258789	258.693359375
58.4199981689453	159.302398681641
58.439998626709	158.37467956543
58.4599990844727	121.528419494629
58.4799995422363	352.89208984375
58.5	174.517837524414
58.5200004577637	181.889785766602
58.5400009155273	221.186492919922
58.560001373291	139.848190307617
58.5800018310547	274.868988037109
58.5999984741211	321.593414306641
58.6199989318848	131.714080810547
58.6399993896484	106.094512939453
58.6599998474121	232.848617553711
58.6800003051758	249.211959838867
58.7000007629395	227.074844360352
58.7200012207031	170.225982666016
58.7400016784668	213.873626708984
58.7599983215332	107.005409240723
58.7799987792969	142.894805908203
58.7999992370605	173.572708129883
58.8199996948242	38.7974166870117
58.8400001525879	93.6322631835938
58.8600006103516	175.168182373047
58.8800010681152	213.169006347656
58.9000015258789	274.294250488281
58.9199981689453	180.430252075195
58.939998626709	96.6645965576172
58.9599990844727	219.022827148438
58.9799995422363	231.308410644531
59	117.32738494873
59.0200004577637	187.421829223633
59.0400009155273	249.752624511719
59.060001373291	89.7668228149414
59.0800018310547	185.696731567383
59.0999984741211	181.437240600586
59.1199989318848	150.526321411133
59.1399993896484	371.709655761719
59.1599998474121	121.841484069824
59.1800003051758	105.772911071777
59.2000007629395	234.081115722656
59.2200012207031	196.512481689453
59.2400016784668	160.296981811523
59.2599983215332	222.406463623047
59.2799987792969	219.239852905273
59.2999992370605	204.666122436523
59.3199996948242	155.451232910156
59.3400001525879	180.416229248047
59.3600006103516	146.079147338867
59.3800010681152	237.614868164063
59.4000015258789	193.147232055664
59.4199981689453	114.680328369141
59.439998626709	137.083435058594
59.4599990844727	183.05940246582
59.4799995422363	213.038665771484
59.5	274.721282958984
59.5200004577637	208.431411743164
59.5400009155273	182.853408813477
59.560001373291	171.663848876953
59.5800018310547	204.612503051758
59.5999984741211	96.5205307006836
59.6199989318848	264.490234375
59.6399993896484	182.022842407227
59.6599998474121	294.857849121094
59.6800003051758	120.915817260742
59.7000007629395	272.309265136719
59.7200012207031	196.709045410156
59.7400016784668	163.140121459961
59.7599983215332	197.505004882813
59.7799987792969	272.871734619141
59.7999992370605	224.105865478516
59.8199996948242	209.643844604492
59.8400001525879	205.458206176758
59.8600006103516	250.887802124023
59.8800010681152	193.010009765625
59.9000015258789	92.8577041625977
59.9199981689453	152.728149414063
59.939998626709	155.987121582031
59.9599990844727	229.552963256836
59.9799995422363	276.810241699219
60	174.871398925781
60.0200004577637	132.719650268555
60.0400009155273	83.5950164794922
60.060001373291	309.395324707031
60.0800018310547	176.17822265625
60.0999984741211	218.032119750977
60.1199989318848	81.4112930297852
60.1399993896484	90.9915084838867
60.1599998474121	194.815948486328
60.1800003051758	221.481063842773
60.2000007629395	226.463928222656
60.2200012207031	105.830627441406
60.2400016784668	217.321853637695
60.2599983215332	231.229507446289
60.2799987792969	144.991180419922
60.2999992370605	243.506439208984
60.3199996948242	181.638320922852
60.3400001525879	238.883056640625
60.3600006103516	161.229949951172
60.3800010681152	150.02604675293
60.4000015258789	153.394302368164
60.4199981689453	98.2187576293945
60.439998626709	161.491409301758
60.4599990844727	116.877578735352
60.4799995422363	116.212364196777
60.5	221.35417175293
60.5200004577637	164.099075317383
60.5400009155273	95.4714279174805
60.560001373291	204.632369995117
60.5800018310547	169.131576538086
60.5999984741211	177.126846313477
60.6199989318848	128.606323242188
60.6399993896484	242.278671264648
60.6599998474121	250.905227661133
60.6800003051758	118.289161682129
60.7000007629395	218.409317016602
60.7200012207031	128.168350219727
60.7400016784668	155.616638183594
60.7599983215332	140.319595336914
60.7799987792969	226.818130493164
60.7999992370605	177.334625244141
60.8199996948242	287.487243652344
60.8400001525879	143.316024780273
60.8600006103516	295.064483642578
60.8800010681152	216.551940917969
60.9000015258789	169.137847900391
60.9199981689453	119.961242675781
60.939998626709	184.583053588867
60.9599990844727	94.3450927734375
60.9799995422363	109.307579040527
61	157.832931518555
61.0200004577637	199.563262939453
61.0400009155273	130.78337097168
61.060001373291	152.163055419922
61.0800018310547	200.569931030273
61.0999984741211	191.153167724609
61.1199989318848	236.632202148438
61.1399993896484	172.870239257813
61.1599998474121	115.299644470215
61.1800003051758	149.36897277832
61.2000007629395	101.359039306641
61.2200012207031	159.756652832031
61.2400016784668	162.538360595703
61.2599983215332	132.41877746582
61.2799987792969	150.640106201172
61.2999992370605	17.111967086792
61.3199996948242	104.442016601563
61.3400001525879	151.846755981445
61.3600006103516	230.750579833984
61.3800010681152	294.97607421875
61.4000015258789	212.793121337891
61.4199981689453	142.526916503906
61.439998626709	206.82536315918
61.4599990844727	192.35563659668
61.4799995422363	163.197280883789
61.5	50.7647247314453
61.5200004577637	141.203567504883
61.5400009155273	174.571563720703
61.560001373291	115.081924438477
61.5800018310547	191.245956420898
61.5999984741211	168.965927124023
61.6199989318848	175.466415405273
61.6399993896484	56.6942405700684
61.6599998474121	61.5445327758789
61.6800003051758	148.827911376953
61.7000007629395	90.9040985107422
61.7200012207031	124.298973083496
61.7400016784668	289.326690673828
61.7599983215332	179.120315551758
61.7799987792969	304.241027832031
61.7999992370605	115.826011657715
61.8199996948242	134.835037231445
61.8400001525879	161.330017089844
61.8600006103516	195.806976318359
61.8800010681152	145.252975463867
61.9000015258789	154.663208007813
61.9199981689453	181.576248168945
61.939998626709	121.157814025879
61.9599990844727	174.307510375977
61.9799995422363	133.324462890625
62	118.502258300781
62.0200004577637	171.853942871094
62.0400009155273	106.64916229248
62.060001373291	198.853790283203
62.0800018310547	165.419815063477
62.0999984741211	141.545135498047
62.1199989318848	164.636795043945
62.1399993896484	14.5357875823975
62.1599998474121	45.1433372497559
62.1800003051758	154.97151184082
62.2000007629395	66.2295837402344
62.2200012207031	212.538635253906
62.2400016784668	151.074829101563
62.2599983215332	100.774032592773
62.2799987792969	228.648864746094
62.2999992370605	118.194885253906
62.3199996948242	203.025054931641
62.3400001525879	120.69898223877
62.3600006103516	149.126678466797
62.3800010681152	141.915985107422
62.4000015258789	245.528717041016
62.4199981689453	184.697174072266
62.439998626709	211.684631347656
62.4599990844727	234.179306030273
62.4799995422363	250.385940551758
62.5	294.255554199219
62.5200004577637	202.105026245117
62.5400009155273	287.646820068359
62.560001373291	236.660186767578
62.5800018310547	161.723358154297
62.5999984741211	65.7423858642578
62.6199989318848	124.903793334961
62.6399993896484	131.919281005859
62.6599998474121	257.103637695313
62.6800003051758	258.443237304688
62.7000007629395	374.587890625
62.7200012207031	387.951263427734
62.7400016784668	565.587890625
62.7599983215332	622.466064453125
62.7799987792969	596.921142578125
62.7999992370605	651.668640136719
62.8199996948242	489.799102783203
62.8400001525879	318.360382080078
62.8600006103516	382.627380371094
62.8800010681152	308.105346679688
62.9000015258789	424.774230957031
62.9199981689453	479.103179931641
62.939998626709	594.707214355469
62.9599990844727	554.997375488281
62.9799995422363	441.951385498047
63	355.768249511719
63.0200004577637	351.802642822266
63.0400009155273	348.767150878906
63.060001373291	154.365142822266
63.0800018310547	251.51252746582
63.0999984741211	99.0132293701172
63.1199989318848	179.269088745117
63.1399993896484	241.554718017578
63.1599998474121	250.918273925781
63.1800003051758	195.29768371582
63.2000007629395	118.893394470215
63.2200012207031	167.117446899414
63.2400016784668	197.853546142578
63.2599983215332	121.545845031738
63.2799987792969	151.287582397461
63.2999992370605	217.89794921875
63.3199996948242	218.314468383789
63.3400001525879	224.195053100586
63.3600006103516	192.835754394531
63.3800010681152	183.219421386719
63.4000015258789	168.583801269531
63.4199981689453	181.176132202148
63.439998626709	291.698944091797
63.4599990844727	186.26203918457
63.4799995422363	248.458633422852
63.5	165.534317016602
63.5200004577637	160.017944335938
63.5400009155273	181.41130065918
63.560001373291	187.136932373047
63.5800018310547	233.762664794922
63.5999984741211	189.984344482422
63.6199989318848	214.195816040039
63.6399993896484	213.476989746094
63.6599998474121	196.074249267578
63.6800003051758	371.146179199219
63.7000007629395	373.862884521484
63.7200012207031	326.284149169922
63.7400016784668	311.934234619141
63.7599983215332	330.260070800781
63.7799987792969	95.378547668457
63.7999992370605	54.434642791748
63.8199996948242	199.645584106445
63.8400001525879	315.785949707031
63.8600006103516	327.987182617188
63.8800010681152	273.402465820313
63.9000015258789	314.697143554688
63.9199981689453	148.428131103516
63.939998626709	148.525634765625
63.9599990844727	297.276733398438
63.9799995422363	229.250213623047
64	250.779525756836
64.0199966430664	62.6823539733887
64.0400009155273	207.705322265625
64.0599975585938	151.250946044922
64.0800018310547	108.771606445313
64.0999984741211	141.649887084961
64.120002746582	127.979644775391
64.1399993896484	194.10090637207
64.1600036621094	146.062896728516
64.1800003051758	128.836883544922
64.1999969482422	188.628799438477
64.2200012207031	133.750579833984
64.2399978637695	242.228820800781
64.2600021362305	150.404586791992
64.2799987792969	73.3921203613281
64.3000030517578	76.2771072387695
64.3199996948242	162.450744628906
64.3399963378906	133.703338623047
64.3600006103516	279.154266357422
64.379997253418	122.440124511719
64.4000015258789	97.2608947753906
64.4199981689453	137.745300292969
64.4400024414063	132.108627319336
64.4599990844727	102.567436218262
64.4800033569336	156.668319702148
64.5	0
64.5199966430664	43.0908508300781
64.5400009155273	182.207794189453
64.5599975585938	157.555084228516
64.5800018310547	219.166870117188
64.5999984741211	149.515365600586
64.620002746582	57.0144386291504
64.6399993896484	159.973403930664
64.6600036621094	261.270416259766
64.6800003051758	163.329071044922
64.6999969482422	153.096755981445
64.7200012207031	123.588485717773
64.7399978637695	151.079147338867
64.7600021362305	129.592620849609
64.7799987792969	152.074371337891
64.8000030517578	184.797790527344
64.8199996948242	214.699630737305
64.8399963378906	93.5101928710938
64.8600006103516	181.189987182617
64.879997253418	183.977981567383
64.9000015258789	174.567657470703
64.9199981689453	0
64.9400024414063	111.074905395508
64.9599990844727	176.058975219727
64.9800033569336	253.612777709961
65	136.313201904297
65.0199966430664	139.234741210938
65.0400009155273	230.110733032227
65.0599975585938	153.21940612793
65.0800018310547	97.5519714355469
65.0999984741211	211.905517578125
65.120002746582	80.9841613769531
65.1399993896484	102.063858032227
65.1600036621094	180.173614501953
65.1800003051758	44.7094116210938
65.1999969482422	181.595321655273
65.2200012207031	130.566360473633
65.2399978637695	234.460067749023
65.2600021362305	148.104339599609
65.2799987792969	92.6176376342773
65.3000030517578	94.4062576293945
65.3199996948242	144.607986450195
65.3399963378906	63.5707168579102
65.3600006103516	142.561599731445
65.379997253418	174.448287963867
65.4000015258789	141.840789794922
65.4199981689453	189.003494262695
65.4400024414063	150.936859130859
65.4599990844727	137.895111083984
65.4800033569336	29.6752796173096
65.5	272.692626953125
65.5199966430664	106.8740234375
65.5400009155273	185.732666015625
65.5599975585938	215.644104003906
65.5800018310547	114.675201416016
65.5999984741211	153.900375366211
65.620002746582	154.5576171875
65.6399993896484	222.314178466797
65.6600036621094	162.100509643555
65.6800003051758	237.51513671875
65.6999969482422	268.457855224609
65.7200012207031	198.363296508789
65.7399978637695	260.786193847656
65.7600021362305	369.781402587891
65.7799987792969	139.852737426758
65.8000030517578	183.801681518555
65.8199996948242	323.363433837891
65.8399963378906	261.67578125
65.8600006103516	237.045135498047
65.879997253418	286.851226806641
65.9000015258789	177.191040039063
65.9199981689453	269.260284423828
65.9400024414063	249.444808959961
65.9599990844727	78.2114944458008
65.9800033569336	232.828552246094
66	111.803550720215
66.0199966430664	202.371398925781
66.0400009155273	174.662811279297
66.0599975585938	289.218841552734
66.0800018310547	184.574249267578
66.0999984741211	108.043075561523
66.120002746582	152.534622192383
66.1399993896484	126.649452209473
66.1600036621094	300.117645263672
66.1800003051758	231.815643310547
66.1999969482422	236.896514892578
66.2200012207031	123.680534362793
66.2399978637695	235.959442138672
66.2600021362305	207.821685791016
66.2799987792969	178.621978759766
66.3000030517578	255.882766723633
66.3199996948242	93.1132278442383
66.3399963378906	274.115447998047
66.3600006103516	131.209930419922
66.379997253418	387.677673339844
66.4000015258789	79.5317306518555
66.4199981689453	177.61083984375
66.4400024414063	193.190383911133
66.4599990844727	211.846145629883
66.4800033569336	163.413986206055
66.5	262.750793457031
66.5199966430664	145.276306152344
66.5400009155273	159.876098632813
66.5599975585938	190.495101928711
66.5800018310547	329.303192138672
66.5999984741211	204.242599487305
66.620002746582	86.1131439208984
66.6399993896484	259.66357421875
66.6600036621094	223.240249633789
66.6800003051758	167.082931518555
66.6999969482422	197.058853149414
66.7200012207031	204.764739990234
66.7399978637695	59.9757957458496
66.7600021362305	224.391708374023
66.7799987792969	132.304931640625
66.8000030517578	129.383972167969
66.8199996948242	84.944206237793
66.8399963378906	289.026123046875
66.8600006103516	106.403366088867
66.879997253418	58.9337043762207
66.9000015258789	158.597961425781
66.9199981689453	156.325561523438
66.9400024414063	149.088241577148
66.9599990844727	136.203628540039
66.9800033569336	197.225555419922
67	273.254272460938
67.0199966430664	216.859588623047
67.0400009155273	255.316543579102
67.0599975585938	135.53450012207
67.0800018310547	102.46321105957
67.0999984741211	254.755477905273
67.120002746582	182.550567626953
67.1399993896484	90.834342956543
67.1600036621094	164.398529052734
67.1800003051758	179.301483154297
67.1999969482422	108.156112670898
67.2200012207031	202.65478515625
67.2399978637695	270.326354980469
67.2600021362305	65.1681976318359
67.2799987792969	280.543212890625
67.3000030517578	81.8618087768555
67.3199996948242	140.498336791992
67.3399963378906	132.124176025391
67.3600006103516	253.115081787109
67.379997253418	215.144836425781
67.4000015258789	240.35481262207
67.4199981689453	184.461166381836
67.4400024414063	50.7236938476563
67.4599990844727	164.452117919922
67.4800033569336	95.1684494018555
67.5	161.49494934082
67.5199966430664	192.389892578125
67.5400009155273	90.1924133300781
67.5599975585938	183.445724487305
67.5800018310547	162.838592529297
67.5999984741211	69.9664688110352
67.620002746582	188.097412109375
67.6399993896484	260.796875
67.6600036621094	279.547393798828
67.6800003051758	152.022796630859
67.6999969482422	71.9061279296875
67.7200012207031	330.207000732422
67.7399978637695	188.614471435547
67.7600021362305	225.146530151367
67.7799987792969	396.400512695313
67.8000030517578	370.288208007813
67.8199996948242	450.799255371094
67.8399963378906	438.440612792969
67.8600006103516	581.788757324219
67.879997253418	471.995941162109
67.9000015258789	501.616119384766
67.9199981689453	398.013977050781
67.9400024414063	441.544250488281
67.9599990844727	309.128784179688
67.9800033569336	373.081848144531
68	300.115447998047
68.0199966430664	436.106781005859
68.0400009155273	567.478881835938
68.0599975585938	587.0234375
68.0800018310547	399.772705078125
68.0999984741211	248.257873535156
68.120002746582	198.175888061523
68.1399993896484	378.042541503906
68.1600036621094	337.627960205078
68.1800003051758	123.733291625977
68.1999969482422	189.244964599609
68.2200012207031	150.96907043457
68.2399978637695	138.920166015625
68.2600021362305	256.499359130859
68.2799987792969	169.965789794922
68.3000030517578	102.90015411377
68.3199996948242	203.789260864258
68.3399963378906	71.816650390625
68.3600006103516	233.293792724609
68.379997253418	92.7624893188477
68.4000015258789	244.726150512695
68.4199981689453	88.8190612792969
68.4400024414063	256.323608398438
68.4599990844727	210.136795043945
68.4800033569336	208.318664550781
68.5	99.0573959350586
68.5199966430664	84.153564453125
68.5400009155273	234.930877685547
68.5599975585938	201.982772827148
68.5800018310547	162.011840820313
68.5999984741211	103.52889251709
68.620002746582	375.296569824219
68.6399993896484	72.9402465820313
68.6600036621094	144.576919555664
68.6800003051758	213.713531494141
68.6999969482422	223.282928466797
68.7200012207031	175.108123779297
68.7399978637695	276.0673828125
68.7600021362305	85.6897506713867
68.7799987792969	194.908645629883
68.8000030517578	314.158264160156
68.8199996948242	201.561706542969
68.8399963378906	89.3583450317383
68.8600006103516	276.687469482422
68.879997253418	101.321388244629
68.9000015258789	265.862243652344
68.9199981689453	208.529449462891
68.9400024414063	357.303375244141
68.9599990844727	284.022186279297
68.9800033569336	505.384429931641
69	289.119049072266
69.0199966430664	414.020721435547
69.0400009155273	350.978637695313
69.0599975585938	409.392425537109
69.0800018310547	246.514587402344
69.0999984741211	311.547180175781
69.120002746582	327.435333251953
69.1399993896484	329.641540527344
69.1600036621094	321.655364990234
69.1800003051758	426.101226806641
69.1999969482422	310.457458496094
69.2200012207031	188.448257446289
69.2399978637695	245.083236694336
69.2600021362305	265.950744628906
69.2799987792969	196.877105712891
69.3000030517578	265.131774902344
69.3199996948242	198.073608398438
69.3399963378906	259.454772949219
69.3600006103516	232.881896972656
69.379997253418	136.775909423828
69.4000015258789	157.300186157227
69.4199981689453	182.782485961914
69.4400024414063	251.74397277832
69.4599990844727	96.2856369018555
69.4800033569336	41.5669860839844
69.5	187.744354248047
69.5199966430664	335.287231445313
69.5400009155273	155.689529418945
69.5599975585938	257.846527099609
69.5800018310547	308.003387451172
69.5999984741211	196.15087890625
69.620002746582	207.998718261719
69.6399993896484	243.91926574707
69.6600036621094	140.592132568359
69.6800003051758	69.7041625976563
69.6999969482422	329.438507080078
69.7200012207031	147.814483642578
69.7399978637695	98.3291320800781
69.7600021362305	126.784706115723
69.7799987792969	113.703483581543
69.8000030517578	77.7276306152344
69.8199996948242	149.617034912109
69.8399963378906	188.224716186523
69.8600006103516	42.9605751037598
69.879997253418	95.5181274414063
69.9000015258789	211.28483581543
69.9199981689453	189.706695556641
69.9400024414063	308.503509521484
69.9599990844727	155.836944580078
69.9800033569336	186.617462158203
70	163.364364624023
70.0199966430664	171.091979980469
70.0400009155273	124.333206176758
70.0599975585938	157.451293945313
70.0800018310547	244.846878051758
70.0999984741211	123.538703918457
70.120002746582	212.235122680664
70.1399993896484	251.53759765625
70.1600036621094	297.665252685547
70.1800003051758	192.330352783203
70.1999969482422	227.278549194336
70.2200012207031	290.701171875
70.2399978637695	272.444976806641
70.2600021362305	68.720703125
70.2799987792969	160.124847412109
70.3000030517578	118.439788818359
70.3199996948242	121.884155273438
70.3399963378906	202.286315917969
70.3600006103516	219.561950683594
70.379997253418	121.089462280273
70.4000015258789	184.824142456055
70.4199981689453	193.95231628418
70.4400024414063	186.76188659668
70.4599990844727	72.6657257080078
70.4800033569336	164.040939331055
70.5	121.392974853516
70.5199966430664	174.190765380859
70.5400009155273	123.627304077148
70.5599975585938	149.310195922852
70.5800018310547	272.528747558594
70.5999984741211	81.5948104858398
70.620002746582	149.144409179688
70.6399993896484	139.819076538086
70.6600036621094	83.5402069091797
70.6800003051758	37.4019584655762
70.6999969482422	152.887237548828
70.7200012207031	175.776397705078
70.7399978637695	64.8423919677734
70.7600021362305	190.838882446289
70.7799987792969	230.976531982422
70.8000030517578	183.106826782227
70.8199996948242	227.384689331055
70.8399963378906	186.04411315918
70.8600006103516	145.714462280273
70.879997253418	150.172698974609
70.9000015258789	205.090057373047
70.9199981689453	66.8816223144531
70.9400024414063	178.161712646484
70.9599990844727	138.99494934082
70.9800033569336	156.047332763672
71	55.1241798400879
71.0199966430664	135.983932495117
71.0400009155273	236.223983764648
71.0599975585938	213.089431762695
71.0800018310547	203.545806884766
71.0999984741211	77.7602157592773
71.120002746582	229.325378417969
71.1399993896484	208.185546875
71.1600036621094	215.743759155273
71.1800003051758	170.815887451172
71.1999969482422	195.300384521484
71.2200012207031	94.0721740722656
71.2399978637695	150.894866943359
71.2600021362305	124.252700805664
71.2799987792969	151.506622314453
71.3000030517578	232.683258056641
71.3199996948242	159.303939819336
71.3399963378906	171.545364379883
71.3600006103516	72.9655609130859
71.379997253418	145.309951782227
71.4000015258789	95.7537612915039
71.4199981689453	244.117889404297
71.4400024414063	301.081298828125
71.4599990844727	155.239822387695
71.4800033569336	198.054214477539
71.5	129.992492675781
71.5199966430664	105.961044311523
71.5400009155273	230.962188720703
71.5599975585938	114.382835388184
71.5800018310547	158.598678588867
71.5999984741211	236.237060546875
71.620002746582	29.9973773956299
71.6399993896484	142.945907592773
71.6600036621094	58.2676887512207
71.6800003051758	162.271713256836
71.6999969482422	200.909393310547
71.7200012207031	282.994232177734
71.7399978637695	121.433662414551
71.7600021362305	129.734115600586
71.7799987792969	255.698120117188
71.8000030517578	114.137939453125
71.8199996948242	40.1325187683105
71.8399963378906	163.001815795898
71.8600006103516	127.475791931152
71.879997253418	157.948516845703
71.9000015258789	245.971557617188
71.9199981689453	171.947738647461
71.9400024414063	124.460563659668
71.9599990844727	175.847900390625
71.9800033569336	168.235961914063
72	79.4279327392578
72.0199966430664	104.771987915039
72.0400009155273	143.373901367188
72.0599975585938	185.151229858398
72.0800018310547	341.556060791016
72.0999984741211	319.994720458984
72.120002746582	259.275085449219
72.1399993896484	299.215454101563
72.1600036621094	216.179504394531
72.1800003051758	225.245559692383
72.1999969482422	176.84765625
72.2200012207031	151.470550537109
72.2399978637695	238.317230224609
72.2600021362305	116.073432922363
72.2799987792969	204.253662109375
72.3000030517578	114.896102905273
72.3199996948242	170.162139892578
72.3399963378906	112.27335357666
72.3600006103516	170.505187988281
72.379997253418	187.391815185547
72.4000015258789	229.418838500977
72.4199981689453	232.039215087891
72.4400024414063	148.090850830078
72.4599990844727	176.312850952148
72.4800033569336	256.142425537109
72.5	186.470977783203
72.5199966430664	116.410980224609
72.5400009155273	244.578979492188
72.5599975585938	201.171752929688
72.5800018310547	191.857162475586
72.5999984741211	285.829528808594
72.620002746582	177.950317382813
72.6399993896484	150.617599487305
72.6600036621094	122.875801086426
72.6800003051758	285.601928710938
72.6999969482422	235.799835205078
72.7200012207031	191.056991577148
72.7399978637695	196.477783203125
72.7600021362305	149.342636108398
72.7799987792969	187.462295532227
72.8000030517578	104.606163024902
72.8199996948242	155.012634277344
72.8399963378906	71.0717468261719
72.8600006103516	125.887046813965
72.879997253418	108.854881286621
72.9000015258789	259.566497802734
72.9199981689453	196.527481079102
72.9400024414063	233.292495727539
72.9599990844727	122.862449645996
72.9800033569336	137.955413818359
73	180.133056640625
73.0199966430664	97.2223815917969
73.0400009155273	158.012664794922
73.0599975585938	117.863174438477
73.0800018310547	210.50862121582
73.0999984741211	173.49543762207
73.120002746582	172.209274291992
73.1399993896484	164.47673034668
73.1600036621094	52.8319473266602
73.1800003051758	188.653549194336
73.1999969482422	124.178672790527
73.2200012207031	187.762542724609
73.2399978637695	102.520530700684
73.2600021362305	135.538787841797
73.2799987792969	27.0997180938721
73.3000030517578	152.354843139648
73.3199996948242	93.9198455810547
73.3399963378906	120.175285339355
73.3600006103516	98.7836151123047
73.379997253418	142.686187744141
73.4000015258789	130.594528198242
73.4199981689453	205.16975402832
73.4400024414063	158.008178710938
73.4599990844727	101.66707611084
73.4800033569336	81.2494430541992
73.5	90.3699417114258
73.5199966430664	173.22802734375
73.5400009155273	226.949432373047
73.5599975585938	261.205200195313
73.5800018310547	213.688583374023
73.5999984741211	146.984756469727
73.620002746582	25.8660259246826
73.6399993896484	129.208938598633
73.6600036621094	179.332473754883
73.6800003051758	43.5298843383789
73.6999969482422	115.647605895996
73.7200012207031	191.998794555664
73.7399978637695	128.301528930664
73.7600021362305	142.855865478516
73.7799987792969	118.239646911621
73.8000030517578	158.600845336914
73.8199996948242	214.22932434082
73.8399963378906	88.7683792114258
73.8600006103516	211.363708496094
73.879997253418	81.6958770751953
73.9000015258789	120.677543640137
73.9199981689453	202.515472412109
73.9400024414063	153.74186706543
73.9599990844727	95.4907302856445
73.9800033569336	149.657928466797
74	197.041656494141
74.0199966430664	95.6432647705078
74.0400009155273	133.134414672852
74.0599975585938	113.436981201172
74.0800018310547	173.911468505859
74.0999984741211	227.546356201172
74.120002746582	147.279266357422
74.1399993896484	227.930267333984
74.1600036621094	145.148330688477
74.1800003051758	144.544784545898
74.1999969482422	56.6745262145996
74.2200012207031	167.484771728516
74.2399978637695	55.3291435241699
74.2600021362305	143.616363525391
74.2799987792969	143.747146606445
74.3000030517578	258.119873046875
74.3199996948242	44.8788986206055
74.3399963378906	138.06477355957
74.3600006103516	113.486190795898
74.379997253418	167.806350708008
74.4000015258789	172.261856079102
74.4199981689453	108.789199829102
74.4400024414063	223.215103149414
74.4599990844727	129.458435058594
74.4800033569336	196.204360961914
74.5	166.701873779297
74.5199966430664	91.7445297241211
74.5400009155273	116.826225280762
74.5599975585938	117.152099609375
74.5800018310547	131.08447265625
74.5999984741211	111.697425842285
74.620002746582	109.293846130371
74.6399993896484	229.385375976563
74.6600036621094	142.9931640625
74.6800003051758	229.273635864258
74.6999969482422	214.999771118164
74.7200012207031	95.7382965087891
74.7399978637695	114.347534179688
74.7600021362305	153.473617553711
74.7799987792969	82.0233306884766
74.8000030517578	68.9684982299805
74.8199996948242	165.87385559082
74.8399963378906	126.207466125488
74.8600006103516	174.281585693359
74.879997253418	120.467437744141
74.9000015258789	88.902961730957
74.9199981689453	11.7756233215332
74.9400024414063	97.5909118652344
74.9599990844727	124.608901977539
74.9800033569336	185.763137817383
75	260.954711914063
75.0199966430664	150.016815185547
75.0400009155273	210.952774047852
75.0599975585938	83.5226593017578
75.0800018310547	59.2231254577637
75.0999984741211	68.0685043334961
75.120002746582	155.044738769531
75.1399993896484	183.289596557617
75.1600036621094	128.888977050781
75.1800003051758	158.226409912109
75.1999969482422	156.668884277344
75.2200012207031	81.6024169921875
75.2399978637695	160.669448852539
75.2600021362305	150.596557617188
75.2799987792969	164.957534790039
75.3000030517578	155.209915161133
75.3199996948242	166.744873046875
75.3399963378906	169.758682250977
75.3600006103516	79.046272277832
75.379997253418	178.914077758789
75.4000015258789	185.06103515625
75.4199981689453	160.629318237305
75.4400024414063	165.930618286133
75.4599990844727	127.885879516602
75.4800033569336	179.73371887207
75.5	47.9927139282227
75.5199966430664	185.317977905273
75.5400009155273	87.8488616943359
75.5599975585938	102.900032043457
75.5800018310547	183.235137939453
75.5999984741211	211.012756347656
75.620002746582	185.790252685547
75.6399993896484	108.703330993652
75.6600036621094	269.675018310547
75.6800003051758	179.92707824707
75.6999969482422	118.691841125488
75.7200012207031	286.442535400391
75.7399978637695	171.297561645508
75.7600021362305	202.100402832031
75.7799987792969	266.886535644531
75.8000030517578	257.644897460938
75.8199996948242	224.149276733398
75.8399963378906	250.333755493164
75.8600006103516	209.238403320313
75.879997253418	267.343872070313
75.9000015258789	45.0827445983887
75.9199981689453	127.233924865723
75.9400024414063	155.901458740234
75.9599990844727	168.18505859375
75.9800033569336	118.521064758301
76	103.665596008301
76.0199966430664	36.4465789794922
76.0400009155273	140.644729614258
76.0599975585938	137.17594909668
76.0800018310547	168.145553588867
76.0999984741211	123.006645202637
76.120002746582	64.2916259765625
76.1399993896484	180.311157226563
76.1600036621094	149.535125732422
76.1800003051758	228.191177368164
76.1999969482422	222.992813110352
76.2200012207031	86.4811706542969
76.2399978637695	119.960289001465
76.2600021362305	91.254508972168
76.2799987792969	188.453552246094
76.3000030517578	200.87663269043
76.3199996948242	111.456428527832
76.3399963378906	221.832733154297
76.3600006103516	44.5877532958984
76.379997253418	94.9826583862305
76.4000015258789	108.58846282959
76.4199981689453	117.309722900391
76.4400024414063	127.187141418457
76.4599990844727	235.575744628906
76.4800033569336	67.3128356933594
76.5	201.988891601563
76.5199966430664	189.977447509766
76.5400009155273	76.5066833496094
76.5599975585938	200.988983154297
76.5800018310547	230.512512207031
76.5999984741211	100.782829284668
76.620002746582	164.181732177734
76.6399993896484	125.157417297363
76.6600036621094	108.413375854492
76.6800003051758	156.337097167969
76.6999969482422	140.039352416992
76.7200012207031	103.399353027344
76.7399978637695	73.2823944091797
76.7600021362305	95.7508316040039
76.7799987792969	223.555648803711
76.8000030517578	103.304374694824
76.8199996948242	201.665512084961
76.8399963378906	172.991073608398
76.8600006103516	154.627868652344
76.879997253418	116.524940490723
76.9000015258789	263.477966308594
76.9199981689453	238.292083740234
76.9400024414063	191.896545410156
76.9599990844727	223.015747070313
76.9800033569336	182.212005615234
77	166.666290283203
77.0199966430664	253.876235961914
77.0400009155273	189.724990844727
77.0599975585938	178.322967529297
77.0800018310547	182.657485961914
77.0999984741211	116.405166625977
77.120002746582	150.50373840332
77.1399993896484	144.218734741211
77.1600036621094	250.503768920898
77.1800003051758	126.911605834961
77.1999969482422	110.436111450195
77.2200012207031	177.10563659668
77.2399978637695	198.593322753906
77.2600021362305	128.953186035156
77.2799987792969	267.743347167969
77.3000030517578	109.158210754395
77.3199996948242	107.787719726563
77.3399963378906	120.885200500488
77.3600006103516	137.043197631836
77.379997253418	75.6597518920898
77.4000015258789	51.5707321166992
77.4199981689453	185.031265258789
77.4400024414063	237.719390869141
77.4599990844727	230.083312988281
77.4800033569336	136.4912109375
77.5	75.8796844482422
77.5199966430664	100.66854095459
77.5400009155273	83.6875
77.5599975585938	193.834106445313
77.5800018310547	91.9286956787109
77.5999984741211	110.984519958496
77.620002746582	183.767868041992
77.6399993896484	54.8732681274414
77.6600036621094	110.851783752441
77.6800003051758	30.8113040924072
77.6999969482422	172.181640625
77.7200012207031	248.891860961914
77.7399978637695	206.128601074219
77.7600021362305	212.381240844727
77.7799987792969	86.9034652709961
77.8000030517578	137.389709472656
77.8199996948242	216.90869140625
77.8399963378906	71.0353469848633
77.8600006103516	98.7363586425781
77.879997253418	144.092056274414
77.9000015258789	153.823577880859
77.9199981689453	42.5881233215332
77.9400024414063	222.605972290039
77.9599990844727	59.1034507751465
77.9800033569336	165.246780395508
78	127.164703369141
78.0199966430664	180.339935302734
78.0400009155273	121.99146270752
78.0599975585938	39.6258506774902
78.0800018310547	116.807861328125
78.0999984741211	85.4677200317383
78.120002746582	147.549362182617
78.1399993896484	154.050476074219
78.1600036621094	187.121444702148
78.1800003051758	87.4987564086914
78.1999969482422	140.478393554688
78.2200012207031	112.212295532227
78.2399978637695	76.8652648925781
78.2600021362305	154.834579467773
78.2799987792969	112.113777160645
78.3000030517578	123.239036560059
78.3199996948242	64.7800445556641
78.3399963378906	157.633071899414
78.3600006103516	115.949150085449
78.379997253418	239.781799316406
78.4000015258789	71.1119689941406
78.4199981689453	139.721557617188
78.4400024414063	135.173309326172
78.4599990844727	120.065994262695
78.4800033569336	95.6885070800781
78.5	263.557556152344
78.5199966430664	164.110900878906
78.5400009155273	6.6107497215271
78.5599975585938	145.569732666016
78.5800018310547	95.2134552001953
78.5999984741211	157.538436889648
78.620002746582	148.741195678711
78.6399993896484	198.452743530273
78.6600036621094	163.345138549805
78.6800003051758	74.9799194335938
78.6999969482422	172.944046020508
78.7200012207031	159.259231567383
78.7399978637695	175.921630859375
78.7600021362305	34.9137077331543
78.7799987792969	91.1502075195313
78.8000030517578	157.824111938477
78.8199996948242	194.925964355469
78.8399963378906	69.2922897338867
78.8600006103516	150.457397460938
78.879997253418	232.457534790039
78.9000015258789	126.482086181641
78.9199981689453	150.768203735352
78.9400024414063	157.687835693359
78.9599990844727	63.9180107116699
78.9800033569336	224.565551757813
79	141.841888427734
79.0199966430664	211.549362182617
79.0400009155273	60.0588989257813
79.0599975585938	128.933837890625
79.0800018310547	69.4475555419922
79.0999984741211	112.911010742188
79.120002746582	119.20125579834
79.1399993896484	216.282684326172
79.1600036621094	73.615608215332
79.1800003051758	92.2985229492188
79.1999969482422	116.149597167969
79.2200012207031	145.673690795898
79.2399978637695	157.194412231445
79.2600021362305	0
79.2799987792969	141.141784667969
79.3000030517578	159.18083190918
79.3199996948242	189.859481811523
79.3399963378906	175.432662963867
79.3600006103516	144.831970214844
79.379997253418	118.811622619629
79.4000015258789	201.859649658203
79.4199981689453	146.253021240234
79.4400024414063	115.057426452637
79.4599990844727	158.55908203125
79.4800033569336	11.5958881378174
79.5	150.243560791016
79.5199966430664	104.744674682617
79.5400009155273	39.2848701477051
79.5599975585938	66.0090713500977
79.5800018310547	86.0826644897461
79.5999984741211	16.7741718292236
79.620002746582	129.142791748047
79.6399993896484	69.5048370361328
79.6600036621094	212.441604614258
79.6800003051758	77.4186096191406
79.6999969482422	127.469467163086
79.7200012207031	63.0738945007324
79.7399978637695	170.334350585938
79.7600021362305	126.277656555176
79.7799987792969	131.228469848633
79.8000030517578	142.802001953125
79.8199996948242	98.876091003418
79.8399963378906	131.691848754883
79.8600006103516	32.4270553588867
79.879997253418	167.711669921875
79.9000015258789	135.27490234375
79.9199981689453	116.371078491211
79.9400024414063	33.0513916015625
79.9599990844727	140.589828491211
79.9800033569336	58.9436073303223
80	136.832962036133
