2_001/1	
θ/2θ, °	Intensity, cps
20	236.901977539063
20.0200004577637	131.664031982422
20.0400009155273	83.3374176025391
20.0599994659424	200.850784301758
20.0799999237061	212.926223754883
20.1000003814697	317.965148925781
20.1200008392334	185.671493530273
20.1399993896484	186.570999145508
20.1599998474121	233.047027587891
20.1800003051758	130.119522094727
20.2000007629395	158.325698852539
20.2199993133545	269.087524414063
20.2399997711182	276.764770507813
20.2600002288818	241.745788574219
20.2800006866455	318.109558105469
20.2999992370605	191.789199829102
20.3199996948242	296.479583740234
20.3400001525879	240.97541809082
20.3600006103516	273.818969726563
20.3799991607666	269.310485839844
20.3999996185303	264.07958984375
20.4200000762939	216.806137084961
20.4400005340576	122.363334655762
20.4599990844727	230.475769042969
20.4799995422363	228.309219360352
20.5	255.428192138672
20.5200004577637	164.810409545898
20.5400009155273	365.553863525391
20.5599994659424	211.142349243164
20.5799999237061	232.082702636719
20.6000003814697	258.250671386719
20.6200008392334	158.071319580078
20.6399993896484	182.804092407227
20.6599998474121	133.086822509766
20.6800003051758	293.165893554688
20.7000007629395	268.843994140625
20.7199993133545	188.33837890625
20.7399997711182	238.364761352539
20.7600002288818	193.608337402344
20.7800006866455	188.702545166016
20.7999992370605	360.552490234375
20.8199996948242	323.047943115234
20.8400001525879	184.885848999023
20.8600006103516	116.253227233887
20.8799991607666	270.896148681641
20.8999996185303	153.087432861328
20.9200000762939	186.535980224609
20.9400005340576	294.202331542969
20.9599990844727	225.59733581543
20.9799995422363	217.58186340332
21	189.739288330078
21.0200004577637	59.8552589416504
21.0400009155273	254.093124389648
21.0599994659424	158.199447631836
21.0799999237061	193.914672851563
21.1000003814697	142.85710144043
21.1200008392334	149.915130615234
21.1399993896484	229.532363891602
21.1599998474121	95.2649002075195
21.1800003051758	77.4574890136719
21.2000007629395	211.177108764648
21.2199993133545	206.334487915039
21.2399997711182	254.377334594727
21.2600002288818	243.766128540039
21.2800006866455	160.214904785156
21.2999992370605	243.248168945313
21.3199996948242	118.761344909668
21.3400001525879	180.495422363281
21.3600006103516	207.257797241211
21.3799991607666	198.189987182617
21.3999996185303	203.941589355469
21.4200000762939	162.662506103516
21.4400005340576	165.613388061523
21.4599990844727	182.578460693359
21.4799995422363	124.453186035156
21.5	260.631134033203
21.5200004577637	179.616744995117
21.5400009155273	325.826354980469
21.5599994659424	179.196090698242
21.5799999237061	212.706832885742
21.6000003814697	240.283462524414
21.6200008392334	284.858703613281
21.6399993896484	263.270172119141
21.6599998474121	180.021423339844
21.6800003051758	278.559326171875
21.7000007629395	120.839935302734
21.7199993133545	139.661437988281
21.7399997711182	234.493865966797
21.7600002288818	130.480834960938
21.7800006866455	149.306304931641
21.7999992370605	260.300720214844
21.8199996948242	225.246398925781
21.8400001525879	182.808547973633
21.8600006103516	237.279846191406
21.8799991607666	267.501586914063
21.8999996185303	177.241180419922
21.9200000762939	260.767578125
21.9400005340576	273.455444335938
21.9599990844727	110.720558166504
21.9799995422363	186.084014892578
22	198.567443847656
22.0200004577637	189.350372314453
22.0400009155273	146.010971069336
22.0599994659424	153.761764526367
22.0799999237061	185.409378051758
22.1000003814697	93.384521484375
22.1200008392334	61.2233810424805
22.1399993896484	144.923126220703
22.1599998474121	237.974502563477
22.1800003051758	97.0680389404297
22.2000007629395	347.180816650391
22.2199993133545	243.742446899414
22.2399997711182	173.688125610352
22.2600002288818	222.243301391602
22.2800006866455	138.530181884766
22.2999992370605	222.001983642578
22.3199996948242	325.502685546875
22.3400001525879	100.689140319824
22.3600006103516	181.206283569336
22.3799991607666	217.574813842773
22.3999996185303	335.122436523438
22.4200000762939	190.500930786133
22.4400005340576	188.733383178711
22.4599990844727	206.837814331055
22.4799995422363	122.928161621094
22.5	154.813110351563
22.5200004577637	110.971282958984
22.5400009155273	130.275909423828
22.5599994659424	207.539169311523
22.5799999237061	241.688766479492
22.6000003814697	283.931427001953
22.6200008392334	188.969787597656
22.6399993896484	232.498016357422
22.6599998474121	159.387466430664
22.6800003051758	160.96012878418
22.7000007629395	188.29948425293
22.7199993133545	196.659896850586
22.7399997711182	159.042175292969
22.7600002288818	275.206634521484
22.7800006866455	297.719055175781
22.7999992370605	366.161682128906
22.8199996948242	353.306640625
22.8400001525879	211.329681396484
22.8600006103516	439.075988769531
22.8799991607666	538.982543945313
22.8999996185303	418.889739990234
22.9200000762939	625.9853515625
22.9400005340576	790.921630859375
22.9599990844727	1084.88549804688
22.9799995422363	1471.78405761719
23	1463.10046386719
23.0200004577637	1525.78430175781
23.0400009155273	1195.94604492188
23.0599994659424	1033.35473632813
23.0799999237061	567.996032714844
23.1000003814697	440.962310791016
23.1200008392334	410.651519775391
23.1399993896484	359.593872070313
23.1599998474121	313.191314697266
23.1800003051758	186.000717163086
23.2000007629395	139.440795898438
23.2199993133545	332.168365478516
23.2399997711182	228.949615478516
23.2600002288818	137.454803466797
23.2800006866455	149.736267089844
23.2999992370605	227.282287597656
23.3199996948242	286.656829833984
23.3400001525879	213.595886230469
23.3600006103516	190.339599609375
23.3799991607666	266.258972167969
23.3999996185303	217.615280151367
23.4200000762939	305.264770507813
23.4400005340576	192.32551574707
23.4599990844727	241.333969116211
23.4799995422363	167.269683837891
23.5	261.9521484375
23.5200004577637	234.047805786133
23.5400009155273	171.226531982422
23.5599994659424	288.898345947266
23.5799999237061	164.66813659668
23.6000003814697	153.210632324219
23.6200008392334	160.338027954102
23.6399993896484	219.629745483398
23.6599998474121	125.488372802734
23.6800003051758	155.689331054688
23.7000007629395	164.279586791992
23.7199993133545	246.464614868164
23.7399997711182	168.276382446289
23.7600002288818	231.197860717773
23.7800006866455	203.037292480469
23.7999992370605	219.755249023438
23.8199996948242	91.0843505859375
23.8400001525879	234.117660522461
23.8600006103516	48.781379699707
23.8799991607666	92.8839569091797
23.8999996185303	343.761779785156
23.9200000762939	298.799926757813
23.9400005340576	289.846588134766
23.9599990844727	174.426605224609
23.9799995422363	221.152450561523
24	195.623596191406
24.0200004577637	305.909027099609
24.0400009155273	210.273529052734
24.0599994659424	152.129592895508
24.0799999237061	185.979583740234
24.1000003814697	180.783554077148
24.1200008392334	174.806442260742
24.1399993896484	118.645462036133
24.1599998474121	104.009941101074
24.1800003051758	113.600006103516
24.2000007629395	225.912521362305
24.2199993133545	185.478317260742
24.2399997711182	175.155166625977
24.2600002288818	234.240417480469
24.2800006866455	144.266235351563
24.2999992370605	222.30339050293
24.3199996948242	146.127395629883
24.3400001525879	213.085098266602
24.3600006103516	172.993011474609
24.3799991607666	116.347709655762
24.3999996185303	122.829536437988
24.4200000762939	253.894195556641
24.4400005340576	203.315567016602
24.4599990844727	228.911697387695
24.4799995422363	159.272537231445
24.5	190.150390625
24.5200004577637	225.788467407227
24.5400009155273	240.259506225586
24.5599994659424	333.281585693359
24.5799999237061	343.232543945313
24.6000003814697	187.977142333984
24.6200008392334	232.194778442383
24.6399993896484	179.956497192383
24.6599998474121	113.688636779785
24.6800003051758	106.712036132813
24.7000007629395	216.306793212891
24.7199993133545	199.950286865234
24.7399997711182	255.646667480469
24.7600002288818	133.467178344727
24.7800006866455	207.369857788086
24.7999992370605	226.662399291992
24.8199996948242	203.279449462891
24.8400001525879	205.627975463867
24.8600006103516	321.874694824219
24.8799991607666	306.092987060547
24.8999996185303	110.131591796875
24.9200000762939	202.588607788086
24.9400005340576	162.391326904297
24.9599990844727	252.405426025391
24.9799995422363	194.770309448242
25	175.046615600586
25.0200004577637	251.003387451172
25.0400009155273	243.100204467773
25.0599994659424	211.123321533203
25.0799999237061	186.547027587891
25.1000003814697	188.722412109375
25.1200008392334	228.718002319336
25.1399993896484	68.4520111083984
25.1599998474121	144.959365844727
25.1800003051758	325.881286621094
25.2000007629395	284.712951660156
25.2199993133545	150.12663269043
25.2399997711182	111.295219421387
25.2600002288818	179.257095336914
25.2800006866455	192.384872436523
25.2999992370605	167.034378051758
25.3199996948242	167.193252563477
25.3400001525879	307.029968261719
25.3600006103516	218.337814331055
25.3799991607666	144.633972167969
25.3999996185303	165.765487670898
25.4200000762939	164.044982910156
25.4400005340576	114.906898498535
25.4599990844727	131.173889160156
25.4799995422363	232.217483520508
25.5	181.099960327148
25.5200004577637	253.285751342773
25.5400009155273	242.685806274414
25.5599994659424	143.83366394043
25.5799999237061	236.266174316406
25.6000003814697	314.771301269531
25.6200008392334	201.114212036133
25.6399993896484	269.098999023438
25.6599998474121	238.607986450195
25.6800003051758	162.478042602539
25.7000007629395	165.044052124023
25.7199993133545	209.011657714844
25.7399997711182	140.664596557617
25.7600002288818	130.781814575195
25.7800006866455	206.355102539063
25.7999992370605	198.277450561523
25.8199996948242	37.3503684997559
25.8400001525879	208.794357299805
25.8600006103516	255.232894897461
25.8799991607666	215.87565612793
25.8999996185303	92.0610198974609
25.9200000762939	151.022003173828
25.9400005340576	210.191146850586
25.9599990844727	71.0751953125
25.9799995422363	206.135894775391
26	206.952896118164
26.0200004577637	96.7719421386719
26.0400009155273	246.341201782227
26.0599994659424	213.921356201172
26.0799999237061	252.612716674805
26.1000003814697	174.147674560547
26.1200008392334	137.191802978516
26.1399993896484	175.671096801758
26.1599998474121	190.392028808594
26.1800003051758	193.915771484375
26.2000007629395	272.678436279297
26.2199993133545	216.094924926758
26.2399997711182	66.8778533935547
26.2600002288818	190.965591430664
26.2800006866455	154.934051513672
26.2999992370605	107.671829223633
26.3199996948242	187.078598022461
26.3400001525879	147.401473999023
26.3600006103516	262.697082519531
26.3799991607666	141.377746582031
26.3999996185303	271.540832519531
26.4200000762939	158.47265625
26.4400005340576	276.608062744141
26.4599990844727	269.737854003906
26.4799995422363	369.909729003906
26.5	152.735916137695
26.5200004577637	210.923355102539
26.5400009155273	150.767944335938
26.5599994659424	225.587768554688
26.5799999237061	168.441589355469
26.6000003814697	212.658325195313
26.6200008392334	109.629592895508
26.6399993896484	224.3427734375
26.6599998474121	151.567535400391
26.6800003051758	351.050415039063
26.7000007629395	244.160232543945
26.7199993133545	350.948089599609
26.7399997711182	236.977844238281
26.7600002288818	145.538208007813
26.7800006866455	234.788436889648
26.7999992370605	217.149383544922
26.8199996948242	175.850891113281
26.8400001525879	239.845581054688
26.8600006103516	191.097259521484
26.8799991607666	220.88752746582
26.8999996185303	286.058013916016
26.9200000762939	268.211334228516
26.9400005340576	377.501129150391
26.9599990844727	203.768737792969
26.9799995422363	294.10791015625
27	136.121673583984
27.0200004577637	312.273651123047
27.0400009155273	274.764282226563
27.0599994659424	199.475067138672
27.0799999237061	364.649047851563
27.1000003814697	316.443634033203
27.1200008392334	199.262634277344
27.1399993896484	247.48860168457
27.1599998474121	190.163452148438
27.1800003051758	359.916015625
27.2000007629395	209.018661499023
27.2199993133545	358.971496582031
27.2399997711182	264.284698486328
27.2600002288818	320.956970214844
27.2800006866455	347.410247802734
27.2999992370605	454.704376220703
27.3199996948242	508.815307617188
27.3400001525879	654.551635742188
27.3600006103516	553.979125976563
27.3799991607666	855.473510742188
27.3999996185303	890.101440429688
27.4200000762939	1146.91906738281
27.4400005340576	1558.48034667969
27.4599990844727	2974.30102539063
27.4799995422363	4940.86279296875
27.5	7812.68798828125
27.5200004577637	9263.7021484375
27.5400009155273	6980.3916015625
27.5599994659424	6207.798828125
27.5799999237061	6184.212890625
27.6000003814697	4524.06787109375
27.6200008392334	2968.31079101563
27.6399993896484	1875.50451660156
27.6599998474121	1404.6533203125
27.6800003051758	819.223693847656
27.7000007629395	790.189208984375
27.7199993133545	674.897338867188
27.7399997711182	702.979797363281
27.7600002288818	518.166625976563
27.7800006866455	304.794372558594
27.7999992370605	355.470855712891
27.8199996948242	307.670013427734
27.8400001525879	385.987579345703
27.8600006103516	240.918121337891
27.8799991607666	267.643402099609
27.8999996185303	404.404510498047
27.9200000762939	295.936218261719
27.9400005340576	289.333526611328
27.9599990844727	349.349243164063
27.9799995422363	245.516708374023
28	274.927337646484
28.0200004577637	209.429046630859
28.0400009155273	206.073318481445
28.0599994659424	192.75325012207
28.0799999237061	266.490386962891
28.1000003814697	90.4379119873047
28.1200008392334	223.926849365234
28.1399993896484	188.582290649414
28.1599998474121	205.413467407227
28.1800003051758	227.284088134766
28.2000007629395	232.492980957031
28.2199993133545	306.994079589844
28.2399997711182	285.691528320313
28.2600002288818	259.699829101563
28.2800006866455	196.887237548828
28.2999992370605	254.35954284668
28.3199996948242	197.14225769043
28.3400001525879	314.155334472656
28.3600006103516	267.222229003906
28.3799991607666	162.671356201172
28.3999996185303	200.590713500977
28.4200000762939	180.398132324219
28.4400005340576	257.543212890625
28.4599990844727	144.052337646484
28.4799995422363	105.254623413086
28.5	285.537963867188
28.5200004577637	214.975891113281
28.5400009155273	144.930587768555
28.5599994659424	261.022674560547
28.5799999237061	312.595764160156
28.6000003814697	165.725433349609
28.6200008392334	223.036956787109
28.6399993896484	168.327072143555
28.6599998474121	389.712341308594
28.6800003051758	290.970520019531
28.7000007629395	222.746887207031
28.7199993133545	116.298622131348
28.7399997711182	220.19206237793
28.7600002288818	223.451812744141
28.7800006866455	319.739440917969
28.7999992370605	252.006790161133
28.8199996948242	209.224990844727
28.8400001525879	154.797088623047
28.8600006103516	193.203201293945
28.8799991607666	205.003082275391
28.8999996185303	114.263916015625
28.9200000762939	276.255157470703
28.9400005340576	117.738914489746
28.9599990844727	117.994781494141
28.9799995422363	104.216499328613
29	273.533721923828
29.0200004577637	257.361633300781
29.0400009155273	226.833755493164
29.0599994659424	249.373397827148
29.0799999237061	195.394638061523
29.1000003814697	200.468551635742
29.1200008392334	41.6185455322266
29.1399993896484	184.311904907227
29.1599998474121	277.865112304688
29.1800003051758	158.663162231445
29.2000007629395	203.370697021484
29.2199993133545	163.95393371582
29.2399997711182	121.093406677246
29.2600002288818	142.243942260742
29.2800006866455	223.440139770508
29.2999992370605	337.120422363281
29.3199996948242	147.635238647461
29.3400001525879	313.212158203125
29.3600006103516	243.842468261719
29.3799991607666	225.533020019531
29.3999996185303	209.415969848633
29.4200000762939	95.3806838989258
29.4400005340576	189.841278076172
29.4599990844727	104.353507995605
29.4799995422363	189.268356323242
29.5	110.593528747559
29.5200004577637	214.079315185547
29.5400009155273	184.326324462891
29.5599994659424	258.121520996094
29.5799999237061	209.986938476563
29.6000003814697	203.220138549805
29.6200008392334	208.835601806641
29.6399993896484	291.985168457031
29.6599998474121	166.774703979492
29.6800003051758	249.823944091797
29.7000007629395	177.090515136719
29.7199993133545	238.069946289063
29.7399997711182	180.005416870117
29.7600002288818	115.406585693359
29.7800006866455	153.728164672852
29.7999992370605	108.119445800781
29.8199996948242	134.641998291016
29.8400001525879	205.498413085938
29.8600006103516	48.0239562988281
29.8799991607666	181.911071777344
29.8999996185303	114.654006958008
29.9200000762939	176.493179321289
29.9400005340576	220.651931762695
29.9599990844727	99.8245086669922
29.9799995422363	139.564331054688
30	244.063919067383
30.0200004577637	174.071868896484
30.0400009155273	278.513061523438
30.0599994659424	179.036254882813
30.0799999237061	229.964950561523
30.1000003814697	159.571411132813
30.1200008392334	105.040863037109
30.1399993896484	199.626327514648
30.1599998474121	213.170425415039
30.1800003051758	260.591278076172
30.2000007629395	267.876403808594
30.2199993133545	254.458343505859
30.2399997711182	236.515274047852
30.2600002288818	162.171340942383
30.2800006866455	225.406311035156
30.2999992370605	227.831878662109
30.3199996948242	217.233917236328
30.3400001525879	41.1959342956543
30.3600006103516	142.19367980957
30.3799991607666	113.778175354004
30.3999996185303	189.903457641602
30.4200000762939	236.46858215332
30.4400005340576	140.029357910156
30.4599990844727	50.351936340332
30.4799995422363	88.722412109375
30.5	221.248748779297
30.5200004577637	208.025665283203
30.5400009155273	174.132919311523
30.5599994659424	212.389358520508
30.5799999237061	145.193542480469
30.6000003814697	237.558853149414
30.6200008392334	112.855163574219
30.6399993896484	183.307815551758
30.6599998474121	168.954879760742
30.6800003051758	270.186004638672
30.7000007629395	44.3378562927246
30.7199993133545	251.03645324707
30.7399997711182	99.4414749145508
30.7600002288818	238.803741455078
30.7800006866455	289.5498046875
30.7999992370605	307.936004638672
30.8199996948242	257.73388671875
30.8400001525879	263.843933105469
30.8600006103516	261.413482666016
30.8799991607666	249.906661987305
30.8999996185303	189.158645629883
30.9200000762939	99.3882293701172
30.9400005340576	215.601806640625
30.9599990844727	280.800933837891
30.9799995422363	251.620208740234
31	307.54833984375
31.0200004577637	247.071502685547
31.0400009155273	175.971282958984
31.0599994659424	196.979049682617
31.0799999237061	241.456405639648
31.1000003814697	272.247680664063
31.1200008392334	270.596252441406
31.1399993896484	212.450454711914
31.1599998474121	173.684677124023
31.1800003051758	169.099563598633
31.2000007629395	231.254730224609
31.2199993133545	176.347839355469
31.2399997711182	239.291000366211
31.2600002288818	208.90380859375
31.2800006866455	264.432769775391
31.2999992370605	244.182052612305
31.3199996948242	112.223243713379
31.3400001525879	318.277954101563
31.3600006103516	368.007415771484
31.3799991607666	391.495300292969
31.3999996185303	344.545501708984
31.4200000762939	337.465515136719
31.4400005340576	477.278442382813
31.4599990844727	342.437896728516
31.4799995422363	498.181091308594
31.5	511.864562988281
31.5200004577637	621.838684082031
31.5400009155273	788.382385253906
31.5599994659424	771.967895507813
31.5799999237061	1047.02416992188
31.6000003814697	1116.67309570313
31.6200008392334	1303.75305175781
31.6399993896484	1534.36877441406
31.6599998474121	1861.88110351563
31.6800003051758	2280.09887695313
31.7000007629395	2780.36596679688
31.7199993133545	3135.57666015625
31.7399997711182	3090.55102539063
31.7600002288818	2796.17578125
31.7800006866455	2468.04248046875
31.7999992370605	2451.4111328125
31.8199996948242	2114.84741210938
31.8400001525879	1824.26733398438
31.8600006103516	1834.66247558594
31.8799991607666	1212.62280273438
31.8999996185303	1037.91809082031
31.9200000762939	828.372375488281
31.9400005340576	830.197082519531
31.9599990844727	745.422485351563
31.9799995422363	570.228698730469
32	486.994873046875
32.0200004577637	583.674682617188
32.0400009155273	509.124206542969
32.060001373291	446.189331054688
32.0800018310547	232.798202514648
32.0999984741211	477.504180908203
32.1199989318848	210.548812866211
32.1399993896484	222.987747192383
32.1599998474121	257.341186523438
32.1800003051758	275.35205078125
32.2000007629395	225.961791992188
32.2200012207031	164.854537963867
32.2400016784668	276.154113769531
32.2599983215332	254.89680480957
32.2799987792969	238.436172485352
32.2999992370605	204.57551574707
32.3199996948242	267.003845214844
32.3400001525879	339.038604736328
32.3600006103516	257.579742431641
32.3800010681152	285.021484375
32.4000015258789	281.96875
32.4199981689453	288.920837402344
32.439998626709	307.987609863281
32.4599990844727	148.990417480469
32.4799995422363	285.478790283203
32.5	284.319854736328
32.5200004577637	204.362640380859
32.5400009155273	195.525405883789
32.560001373291	243.919342041016
32.5800018310547	160.98046875
32.5999984741211	362.974884033203
32.6199989318848	332.869201660156
32.6399993896484	198.592437744141
32.6599998474121	239.60986328125
32.6800003051758	255.947143554688
32.7000007629395	189.531921386719
32.7200012207031	78.2181854248047
32.7400016784668	143.580062866211
32.7599983215332	172.337829589844
32.7799987792969	137.906875610352
32.7999992370605	179.758514404297
32.8199996948242	213.221618652344
32.8400001525879	183.144790649414
32.8600006103516	175.672332763672
32.8800010681152	204.632568359375
32.9000015258789	363.993530273438
32.9199981689453	192.914596557617
32.939998626709	286.771270751953
32.9599990844727	185.513763427734
32.9799995422363	235.260192871094
33	144.811508178711
33.0200004577637	132.667938232422
33.0400009155273	195.868453979492
33.060001373291	209.446365356445
33.0800018310547	170.879089355469
33.0999984741211	176.594299316406
33.1199989318848	144.510238647461
33.1399993896484	224.897811889648
33.1599998474121	188.698669433594
33.1800003051758	198.295059204102
33.2000007629395	177.850509643555
33.2200012207031	396.165893554688
33.2400016784668	122.915725708008
33.2599983215332	222.068359375
33.2799987792969	286.099578857422
33.2999992370605	201.011749267578
33.3199996948242	154.997634887695
33.3400001525879	98.4888458251953
33.3600006103516	116.932312011719
33.3800010681152	252.748641967773
33.4000015258789	273.422637939453
33.4199981689453	264.588470458984
33.439998626709	144.971130371094
33.4599990844727	358.331878662109
33.4799995422363	225.772659301758
33.5	204.991622924805
33.5200004577637	152.005294799805
33.5400009155273	216.953765869141
33.560001373291	175.204818725586
33.5800018310547	242.768753051758
33.5999984741211	280.972290039063
33.6199989318848	206.682022094727
33.6399993896484	280.080352783203
33.6599998474121	252.429550170898
33.6800003051758	150.653778076172
33.7000007629395	160.838623046875
33.7200012207031	185.089431762695
33.7400016784668	135.63801574707
33.7599983215332	140.330688476563
33.7799987792969	214.112823486328
33.7999992370605	205.027557373047
33.8199996948242	184.425567626953
33.8400001525879	240.250900268555
33.8600006103516	165.903396606445
33.8800010681152	92.8625869750977
33.9000015258789	244.764282226563
33.9199981689453	255.308044433594
33.939998626709	307.619812011719
33.9599990844727	158.779769897461
33.9799995422363	230.43327331543
34	282.727661132813
34.0200004577637	235.735656738281
34.0400009155273	389.862640380859
34.060001373291	308.371124267578
34.0800018310547	311.159973144531
34.0999984741211	340.009216308594
34.1199989318848	441.965728759766
34.1399993896484	486.746887207031
34.1599998474121	445.776977539063
34.1800003051758	493.429809570313
34.2000007629395	498.479370117188
34.2200012207031	874.772827148438
34.2400016784668	906.817504882813
34.2599983215332	889.681579589844
34.2799987792969	1092.09936523438
34.2999992370605	1364.71215820313
34.3199996948242	1480.81860351563
34.3400001525879	1714.94836425781
34.3600006103516	2249.7880859375
34.3800010681152	2464.29223632813
34.4000015258789	2611.15502929688
34.4199981689453	2270.38208007813
34.439998626709	2090.91772460938
34.4599990844727	1951.58996582031
34.4799995422363	1823.45739746094
34.5	1401.34643554688
34.5200004577637	1428.95227050781
34.5400009155273	1127.11560058594
34.560001373291	880.234802246094
34.5800018310547	871.717346191406
34.5999984741211	667.588500976563
34.6199989318848	624.762573242188
34.6399993896484	598.339721679688
34.6599998474121	501.778961181641
34.6800003051758	544.684936523438
34.7000007629395	423.061279296875
34.7200012207031	413.469329833984
34.7400016784668	274.604827880859
34.7599983215332	354.571044921875
34.7799987792969	349.865936279297
34.7999992370605	346.129669189453
34.8199996948242	394.44677734375
34.8400001525879	274.326843261719
34.8600006103516	327.268737792969
34.8800010681152	267.74658203125
34.9000015258789	225.352066040039
34.9199981689453	262.981964111328
34.939998626709	244.891403198242
34.9599990844727	164.598831176758
34.9799995422363	218.632385253906
35	183.135360717773
35.0200004577637	224.418182373047
35.0400009155273	220.341262817383
35.060001373291	314.109130859375
35.0800018310547	261.349304199219
35.0999984741211	266.053741455078
35.1199989318848	314.409729003906
35.1399993896484	306.460479736328
35.1599998474121	275.537231445313
35.1800003051758	248.99055480957
35.2000007629395	224.354202270508
35.2200012207031	379.500640869141
35.2400016784668	274.199127197266
35.2599983215332	264.473510742188
35.2799987792969	284.245086669922
35.2999992370605	321.277374267578
35.3199996948242	243.393753051758
35.3400001525879	341.653503417969
35.3600006103516	290.171295166016
35.3800010681152	210.688125610352
35.4000015258789	414.330291748047
35.4199981689453	197.363235473633
35.439998626709	293.319793701172
35.4599990844727	343.365325927734
35.4799995422363	323.664276123047
35.5	247.058486938477
35.5200004577637	280.197814941406
35.5400009155273	322.229919433594
35.560001373291	285.344451904297
35.5800018310547	317.973907470703
35.5999984741211	297.284790039063
35.6199989318848	317.774597167969
35.6399993896484	267.562316894531
35.6599998474121	336.768432617188
35.6800003051758	343.521636962891
35.7000007629395	300.240539550781
35.7200012207031	224.051239013672
35.7400016784668	315.591186523438
35.7599983215332	338.804595947266
35.7799987792969	359.275146484375
35.7999992370605	154.455291748047
35.8199996948242	421.495178222656
35.8400001525879	371.728179931641
35.8600006103516	484.861846923828
35.8800010681152	442.031036376953
35.9000015258789	595.107971191406
35.9199981689453	758.400146484375
35.939998626709	931.504699707031
35.9599990844727	793.346069335938
35.9799995422363	954.126098632813
36	1060.69299316406
36.0200004577637	1103.84387207031
36.0400009155273	1386.65637207031
36.060001373291	1760.73364257813
36.0800018310547	1828.31811523438
36.0999984741211	2100.88061523438
36.1199989318848	2728.3759765625
36.1399993896484	3011.27807617188
36.1599998474121	3435.33740234375
36.1800003051758	4245.400390625
36.2000007629395	4634.029296875
36.2200012207031	4778.24560546875
36.2400016784668	4842.1044921875
36.2599983215332	4616.8173828125
36.2799987792969	4155.16943359375
36.2999992370605	4011.07348632813
36.3199996948242	3810.09643554688
36.3400001525879	3043.50952148438
36.3600006103516	2927.08129882813
36.3800010681152	2024.57495117188
36.4000015258789	2034.55627441406
36.4199981689453	1503.998046875
36.439998626709	1608.80444335938
36.4599990844727	1176.94152832031
36.4799995422363	1038.80187988281
36.5	846.932556152344
36.5200004577637	727.622802734375
36.5400009155273	608.3330078125
36.560001373291	620.755676269531
36.5800018310547	470.610870361328
36.5999984741211	475.389007568359
36.6199989318848	364.289916992188
36.6399993896484	410.093017578125
36.6599998474121	452.950439453125
36.6800003051758	374.556274414063
36.7000007629395	536.499938964844
36.7200012207031	352.034881591797
36.7400016784668	284.922271728516
36.7599983215332	309.304290771484
36.7799987792969	299.545166015625
36.7999992370605	324.397888183594
36.8199996948242	303.99560546875
36.8400001525879	282.059814453125
36.8600006103516	240.462448120117
36.8800010681152	230.562561035156
36.9000015258789	405.220336914063
36.9199981689453	360.220855712891
36.939998626709	354.648956298828
36.9599990844727	287.468597412109
36.9799995422363	357.858184814453
37	282.940979003906
37.0200004577637	274.798950195313
37.0400009155273	248.362503051758
37.060001373291	249.284591674805
37.0800018310547	258.897491455078
37.0999984741211	216.862716674805
37.1199989318848	176.880126953125
37.1399993896484	248.185852050781
37.1599998474121	322.768157958984
37.1800003051758	280.279876708984
37.2000007629395	168.813690185547
37.2200012207031	176.06803894043
37.2400016784668	252.98258972168
37.2599983215332	254.094848632813
37.2799987792969	314.348205566406
37.2999992370605	253.36735534668
37.3199996948242	292.108825683594
37.3400001525879	280.604858398438
37.3600006103516	337.406982421875
37.3800010681152	269.884674072266
37.4000015258789	187.815200805664
37.4199981689453	247.979476928711
37.439998626709	397.773864746094
37.4599990844727	100.46410369873
37.4799995422363	178.606964111328
37.5	283.772155761719
37.5200004577637	219.983322143555
37.5400009155273	127.275947570801
37.560001373291	199.540115356445
37.5800018310547	144.890411376953
37.5999984741211	264.653167724609
37.6199989318848	360.401123046875
37.6399993896484	291.083435058594
37.6599998474121	181.287338256836
37.6800003051758	175.035339355469
37.7000007629395	162.225357055664
37.7200012207031	175.442520141602
37.7400016784668	302.067718505859
37.7599983215332	144.144485473633
37.7799987792969	288.418121337891
37.7999992370605	175.069671630859
37.8199996948242	133.154022216797
37.8400001525879	299.58642578125
37.8600006103516	275.051055908203
37.8800010681152	235.893127441406
37.9000015258789	154.520492553711
37.9199981689453	262.074615478516
37.939998626709	369.885131835938
37.9599990844727	254.315643310547
37.9799995422363	323.613250732422
38	341.064025878906
38.0200004577637	260.036346435547
38.0400009155273	431.831665039063
38.060001373291	418.046966552734
38.0800018310547	582.222229003906
38.0999984741211	529.027404785156
38.1199989318848	930.658264160156
38.1399993896484	835.381164550781
38.1599998474121	1171.78564453125
38.1800003051758	2062.36767578125
38.2000007629395	2968.70434570313
38.2200012207031	3643.37841796875
38.2400016784668	2991.8056640625
38.2599983215332	2241.65405273438
38.2799987792969	2072.09448242188
38.2999992370605	2262.56005859375
38.3199996948242	2272.29248046875
38.3400001525879	1707.39685058594
38.3600006103516	1173.99035644531
38.3800010681152	983.732116699219
38.4000015258789	700.979431152344
38.4199981689453	415.511993408203
38.439998626709	457.715698242188
38.4599990844727	431.793121337891
38.4799995422363	427.393890380859
38.5	339.292755126953
38.5200004577637	194.874954223633
38.5400009155273	263.63818359375
38.560001373291	196.549209594727
38.5800018310547	276.163604736328
38.5999984741211	214.231216430664
38.6199989318848	130.912200927734
38.6399993896484	165.679458618164
38.6599998474121	265.504180908203
38.6800003051758	221.897842407227
38.7000007629395	370.147583007813
38.7200012207031	325.663116455078
38.7400016784668	290.924011230469
38.7599983215332	192.905090332031
38.7799987792969	244.425582885742
38.7999992370605	303.921264648438
38.8199996948242	205.788681030273
38.8400001525879	159.88005065918
38.8600006103516	223.420211791992
38.8800010681152	190.036483764648
38.9000015258789	220.689422607422
38.9199981689453	182.489532470703
38.939998626709	187.246810913086
38.9599990844727	181.324768066406
38.9799995422363	171.573394775391
39	111.217628479004
39.0200004577637	243.601577758789
39.0400009155273	128.862152099609
39.060001373291	271.883361816406
39.0800018310547	162.319854736328
39.0999984741211	239.607543945313
39.1199989318848	434.518585205078
39.1399993896484	200.965179443359
39.1599998474121	178.057189941406
39.1800003051758	109.101737976074
39.2000007629395	252.074630737305
39.2200012207031	187.424057006836
39.2400016784668	247.29167175293
39.2599983215332	243.596450805664
39.2799987792969	228.945541381836
39.2999992370605	124.435081481934
39.3199996948242	265.04296875
39.3400001525879	161.165298461914
39.3600006103516	170.494903564453
39.3800010681152	155.412796020508
39.4000015258789	244.222763061523
39.4199981689453	146.503662109375
39.439998626709	207.303527832031
39.4599990844727	166.558197021484
39.4799995422363	172.211791992188
39.5	197.873443603516
39.5200004577637	260.621185302734
39.5400009155273	158.095336914063
39.560001373291	165.558288574219
39.5800018310547	294.572509765625
39.5999984741211	303.672149658203
39.6199989318848	287.656494140625
39.6399993896484	161.447372436523
39.6599998474121	260.544067382813
39.6800003051758	274.445373535156
39.7000007629395	212.121704101563
39.7200012207031	156.068695068359
39.7400016784668	194.711471557617
39.7599983215332	202.390335083008
39.7799987792969	215.839920043945
39.7999992370605	204.586837768555
39.8199996948242	220.230972290039
39.8400001525879	233.374984741211
39.8600006103516	321.916229248047
39.8800010681152	304.583587646484
39.9000015258789	200.224411010742
39.9199981689453	148.80143737793
39.939998626709	234.651382446289
39.9599990844727	159.349853515625
39.9799995422363	224.66877746582
40	248.615570068359
40.0200004577637	210.306503295898
40.0400009155273	266.480743408203
40.060001373291	223.013961791992
40.0800018310547	393.477600097656
40.0999984741211	179.690048217773
40.1199989318848	230.131500244141
40.1399993896484	320.413513183594
40.1599998474121	290.888122558594
40.1800003051758	462.447418212891
40.2000007629395	526.455322265625
40.2200012207031	590.810241699219
40.2400016784668	473.018707275391
40.2599983215332	612.239990234375
40.2799987792969	774.797607421875
40.2999992370605	727.005981445313
40.3199996948242	1048.58776855469
40.3400001525879	1679.62854003906
40.3600006103516	2285.15234375
40.3800010681152	3376.06567382813
40.4000015258789	3799.6904296875
40.4199981689453	3495.5029296875
40.439998626709	3112.01049804688
40.4599990844727	2240.20288085938
40.4799995422363	2430.744140625
40.5	2378.56616210938
40.5200004577637	2256.2236328125
40.5400009155273	1902.88854980469
40.560001373291	1329.25317382813
40.5800018310547	901.653747558594
40.5999984741211	687.212219238281
40.6199989318848	593.079956054688
40.6399993896484	488.780517578125
40.6599998474121	422.859100341797
40.6800003051758	308.590698242188
40.7000007629395	348.254730224609
40.7200012207031	172.561065673828
40.7400016784668	295.195495605469
40.7599983215332	365.386474609375
40.7799987792969	351.050506591797
40.7999992370605	144.381683349609
40.8199996948242	208.168838500977
40.8400001525879	295.259216308594
40.8600006103516	357.596496582031
40.8800010681152	167.02326965332
40.9000015258789	110.466209411621
40.9199981689453	246.5478515625
40.939998626709	215.728073120117
40.9599990844727	250.747329711914
40.9799995422363	199.490737915039
41	288.338043212891
41.0200004577637	138.603408813477
41.0400009155273	216.683151245117
41.060001373291	102.609230041504
41.0800018310547	201.505981445313
41.0999984741211	246.975509643555
41.1199989318848	283.382751464844
41.1399993896484	216.501968383789
41.1599998474121	320.766815185547
41.1800003051758	325.004821777344
41.2000007629395	350.708526611328
41.2200012207031	348.925262451172
41.2400016784668	86.4065322875977
41.2599983215332	243.822174072266
41.2799987792969	246.480667114258
41.2999992370605	215.806350708008
41.3199996948242	234.965560913086
41.3400001525879	137.781555175781
41.3600006103516	104.437911987305
41.3800010681152	178.472961425781
41.4000015258789	322.285247802734
41.4199981689453	142.909301757813
41.439998626709	227.827194213867
41.4599990844727	299.364074707031
41.4799995422363	116.91724395752
41.5	264.252258300781
41.5200004577637	260.602325439453
41.5400009155273	324.127319335938
41.560001373291	226.803131103516
41.5800018310547	153.818832397461
41.5999984741211	169.994125366211
41.6199989318848	263.935485839844
41.6399993896484	176.431518554688
41.6599998474121	242.390823364258
41.6800003051758	146.847717285156
41.7000007629395	200.428146362305
41.7200012207031	240.715057373047
41.7400016784668	193.687744140625
41.7599983215332	212.747940063477
41.7799987792969	133.143920898438
41.7999992370605	224.765960693359
41.8199996948242	275.786254882813
41.8400001525879	175.074035644531
41.8600006103516	200.300689697266
41.8800010681152	149.609588623047
41.9000015258789	210.399429321289
41.9199981689453	205.616836547852
41.939998626709	133.895202636719
41.9599990844727	151.736434936523
41.9799995422363	185.448715209961
42	153.104187011719
42.0200004577637	130.187347412109
42.0400009155273	144.000213623047
42.060001373291	149.427520751953
42.0800018310547	184.362823486328
42.0999984741211	47.8980178833008
42.1199989318848	183.427581787109
42.1399993896484	42.2016716003418
42.1599998474121	164.065002441406
42.1800003051758	161.847625732422
42.2000007629395	131.370727539063
42.2200012207031	208.421051025391
42.2400016784668	94.0701675415039
42.2599983215332	256.829833984375
42.2799987792969	17.863073348999
42.2999992370605	192.945129394531
42.3199996948242	180.317443847656
42.3400001525879	121.212631225586
42.3600006103516	237.508193969727
42.3800010681152	91.1085433959961
42.4000015258789	0
42.4199981689453	127.415336608887
42.439998626709	152.351913452148
42.4599990844727	161.369812011719
42.4799995422363	284.341278076172
42.5	244.435150146484
42.5200004577637	193.273574829102
42.5400009155273	151.848007202148
42.560001373291	73.6504287719727
42.5800018310547	333.888610839844
42.5999984741211	205.517166137695
42.6199989318848	217.404968261719
42.6399993896484	198.66015625
42.6599998474121	78.8097991943359
42.6800003051758	231.176681518555
42.7000007629395	114.532165527344
42.7200012207031	159.604721069336
42.7400016784668	154.152648925781
42.7599983215332	256.327270507813
42.7799987792969	211.208618164063
42.7999992370605	153.368499755859
42.8199996948242	80.5223083496094
42.8400001525879	200.048950195313
42.8600006103516	193.516021728516
42.8800010681152	158.145065307617
42.9000015258789	212.284759521484
42.9199981689453	264.908142089844
42.939998626709	314.859680175781
42.9599990844727	217.250549316406
42.9799995422363	156.796279907227
43	349.91357421875
43.0200004577637	211.600723266602
43.0400009155273	354.571197509766
43.060001373291	304.259735107422
43.0800018310547	295.747100830078
43.0999984741211	391.996185302734
43.1199989318848	377.902313232422
43.1399993896484	239.54475402832
43.1599998474121	347.837432861328
43.1800003051758	470.988616943359
43.2000007629395	472.705749511719
43.2200012207031	492.459503173828
43.2400016784668	821.141845703125
43.2599983215332	882.904968261719
43.2799987792969	1209.30810546875
43.2999992370605	1583.62292480469
43.3199996948242	1383.42126464844
43.3400001525879	1136.12097167969
43.3600006103516	897.767456054688
43.3800010681152	932.529296875
43.4000015258789	960.330322265625
43.4199981689453	1193.78393554688
43.439998626709	674.409912109375
43.4599990844727	618.239685058594
43.4799995422363	462.509521484375
43.5	403.311676025391
43.5200004577637	474.557098388672
43.5400009155273	330.271575927734
43.560001373291	284.666046142578
43.5800018310547	380.723785400391
43.5999984741211	289.257995605469
43.6199989318848	160.124908447266
43.6399993896484	241.630889892578
43.6599998474121	250.878173828125
43.6800003051758	172.866241455078
43.7000007629395	212.703475952148
43.7200012207031	247.64567565918
43.7400016784668	184.507766723633
43.7599983215332	198.207824707031
43.7799987792969	260.624145507813
43.7999992370605	202.916809082031
43.8199996948242	189.776489257813
43.8400001525879	153.240524291992
43.8600006103516	165.154876708984
43.8800010681152	284.939666748047
43.9000015258789	155.755661010742
43.9199981689453	124.605995178223
43.939998626709	256.073852539063
43.9599990844727	212.744476318359
43.9799995422363	142.610504150391
44	248.483932495117
44.0200004577637	166.981292724609
44.0400009155273	105.444274902344
44.060001373291	166.628616333008
44.0800018310547	186.726928710938
44.0999984741211	142.842788696289
44.1199989318848	46.6247215270996
44.1399993896484	131.240341186523
44.1599998474121	153.023132324219
44.1800003051758	166.23210144043
44.2000007629395	129.914627075195
44.2200012207031	108.531936645508
44.2400016784668	100.358711242676
44.2599983215332	130.849975585938
44.2799987792969	184.582901000977
44.2999992370605	147.425354003906
44.3199996948242	218.60432434082
44.3400001525879	268.606262207031
44.3600006103516	139.506622314453
44.3800010681152	192.918350219727
44.4000015258789	176.174652099609
44.4199981689453	128.72785949707
44.439998626709	133.898788452148
44.4599990844727	94.6542816162109
44.4799995422363	191.340835571289
44.5	210.78987121582
44.5200004577637	129.125244140625
44.5400009155273	147.52180480957
44.560001373291	224.34326171875
44.5800018310547	156.598434448242
44.5999984741211	146.298492431641
44.6199989318848	165.528656005859
44.6399993896484	244.191864013672
44.6599998474121	79.4180068969727
44.6800003051758	131.20866394043
44.7000007629395	260.380187988281
44.7200012207031	124.786315917969
44.7400016784668	182.208602905273
44.7599983215332	136.990844726563
44.7799987792969	247.517929077148
44.7999992370605	159.193237304688
44.8199996948242	260.382141113281
44.8400001525879	199.626770019531
44.8600006103516	208.468292236328
44.8800010681152	252.698287963867
44.9000015258789	93.9408645629883
44.9199981689453	94.1057357788086
44.939998626709	145.038986206055
44.9599990844727	139.260955810547
44.9799995422363	95.3167114257813
45	225.890426635742
45.0200004577637	183.632553100586
45.0400009155273	66.1676940917969
45.060001373291	247.266571044922
45.0800018310547	160.314224243164
45.0999984741211	226.103469848633
45.1199989318848	140.300872802734
45.1399993896484	152.295715332031
45.1599998474121	190.870483398438
45.1800003051758	166.07666015625
45.2000007629395	59.8255653381348
45.2200012207031	278.726043701172
45.2400016784668	126.664260864258
45.2599983215332	292.893493652344
45.2799987792969	205.116577148438
45.2999992370605	172.108581542969
45.3199996948242	55.0454902648926
45.3400001525879	195.93147277832
45.3600006103516	223.434143066406
45.3800010681152	115.983695983887
45.4000015258789	164.353424072266
45.4199981689453	280.411376953125
45.439998626709	172.000762939453
45.4599990844727	102.046325683594
45.4799995422363	195.245468139648
45.5	347.765747070313
45.5200004577637	254.26838684082
45.5400009155273	204.357330322266
45.560001373291	183.698684692383
45.5800018310547	242.664260864258
45.5999984741211	190.589859008789
45.6199989318848	190.965118408203
45.6399993896484	203.094085693359
45.6599998474121	235.283172607422
45.6800003051758	105.414672851563
45.7000007629395	299.0908203125
45.7200012207031	361.037963867188
45.7400016784668	185.957412719727
45.7599983215332	157.142822265625
45.7799987792969	240.88313293457
45.7999992370605	321.390960693359
45.8199996948242	531.84033203125
45.8400001525879	696.051025390625
45.8600006103516	997.34326171875
45.8800010681152	890.829956054688
45.9000015258789	483.701721191406
45.9199981689453	529.503540039063
45.939998626709	662.313171386719
45.9599990844727	494.782348632813
45.9799995422363	624.110595703125
46	413.569854736328
46.0200004577637	525.3779296875
46.0400009155273	251.597259521484
46.060001373291	205.513259887695
46.0800018310547	293.000122070313
46.0999984741211	320.108795166016
46.1199989318848	273.048217773438
46.1399993896484	276.808441162109
46.1599998474121	318.393341064453
46.1800003051758	271.087921142578
46.2000007629395	186.725006103516
46.2200012207031	57.0111465454102
46.2400016784668	157.404159545898
46.2599983215332	262.507690429688
46.2799987792969	127.219390869141
46.2999992370605	209.653427124023
46.3199996948242	122.556015014648
46.3400001525879	212.976867675781
46.3600006103516	179.198120117188
46.3800010681152	219.729965209961
46.4000015258789	118.24365234375
46.4199981689453	256.76904296875
46.439998626709	238.861572265625
46.4599990844727	284.695983886719
46.4799995422363	227.695388793945
46.5	77.2624206542969
46.5200004577637	238.283920288086
46.5400009155273	257.526885986328
46.560001373291	95.7956237792969
46.5800018310547	270.178161621094
46.5999984741211	310.537414550781
46.6199989318848	205.420440673828
46.6399993896484	264.600921630859
46.6599998474121	338.27783203125
46.6800003051758	127.345237731934
46.7000007629395	208.253280639648
46.7200012207031	197.285629272461
46.7400016784668	120.378288269043
46.7599983215332	79.1060409545898
46.7799987792969	206.010299682617
46.7999992370605	197.594528198242
46.8199996948242	274.728729248047
46.8400001525879	128.266586303711
46.8600006103516	266.256561279297
46.8800010681152	205.088684082031
46.9000015258789	293.466125488281
46.9199981689453	124.8134765625
46.939998626709	270.979431152344
46.9599990844727	441.073760986328
46.9799995422363	594.171936035156
47	693.004516601563
47.0200004577637	490.697235107422
47.0400009155273	538.440185546875
47.060001373291	512.677795410156
47.0800018310547	558.466918945313
47.0999984741211	414.631500244141
47.1199989318848	402.348999023438
47.1399993896484	627.42333984375
47.1599998474121	376.590393066406
47.1800003051758	482.672515869141
47.2000007629395	408.143798828125
47.2200012207031	433.711639404297
47.2400016784668	472.865539550781
47.2599983215332	400.178894042969
47.2799987792969	474.127288818359
47.2999992370605	508.533325195313
47.3199996948242	531.419006347656
47.3400001525879	543.615173339844
47.3600006103516	653.072631835938
47.3800010681152	826.605712890625
47.4000015258789	730.91015625
47.4199981689453	921.520812988281
47.439998626709	881.075927734375
47.4599990844727	1094.89880371094
47.4799995422363	1426.03051757813
47.5	1350.16674804688
47.5200004577637	1393.59655761719
47.5400009155273	1173.28759765625
47.560001373291	1063.63623046875
47.5800018310547	1071.32788085938
47.5999984741211	998.741027832031
47.6199989318848	1001.23779296875
47.6399993896484	856.4775390625
47.6599998474121	793.264282226563
47.6800003051758	851.461486816406
47.7000007629395	732.730163574219
47.7200012207031	669.748901367188
47.7400016784668	514.154846191406
47.7599983215332	585.230285644531
47.7799987792969	539.451049804688
47.7999992370605	529.765991210938
47.8199996948242	431.227172851563
47.8400001525879	350.839660644531
47.8600006103516	477.225738525391
47.8800010681152	414.141479492188
47.9000015258789	327.743774414063
47.9199981689453	366.1201171875
47.939998626709	324.400543212891
47.9599990844727	269.689636230469
47.9799995422363	281.294525146484
48	289.037719726563
48.0200004577637	304.790985107422
48.0400009155273	286.066833496094
48.060001373291	205.102188110352
48.0800018310547	160.661743164063
48.0999984741211	302.03564453125
48.1199989318848	179.506729125977
48.1399993896484	253.920028686523
48.1599998474121	238.037292480469
48.1800003051758	364.626770019531
48.2000007629395	31.3243732452393
48.2200012207031	258.399353027344
48.2400016784668	131.544219970703
48.2599983215332	261.235687255859
48.2799987792969	161.727920532227
48.2999992370605	279.730560302734
48.3199996948242	234.296905517578
48.3400001525879	320.649627685547
48.3600006103516	197.847702026367
48.3800010681152	321.912139892578
48.4000015258789	105.345413208008
48.4199981689453	198.492462158203
48.439998626709	197.024642944336
48.4599990844727	142.263137817383
48.4799995422363	267.830963134766
48.5	143.991119384766
48.5200004577637	143.476837158203
48.5400009155273	154.603805541992
48.560001373291	176.189407348633
48.5800018310547	352.373382568359
48.5999984741211	205.660995483398
48.6199989318848	255.587692260742
48.6399993896484	222.275543212891
48.6599998474121	283.631195068359
48.6800003051758	244.793014526367
48.7000007629395	249.129364013672
48.7200012207031	163.264984130859
48.7400016784668	193.229400634766
48.7599983215332	183.951446533203
48.7799987792969	163.411895751953
48.7999992370605	292.095092773438
48.8199996948242	245.26432800293
48.8400001525879	260.923400878906
48.8600006103516	233.477355957031
48.8800010681152	182.184463500977
48.9000015258789	119.441848754883
48.9199981689453	117.508239746094
48.939998626709	316.003479003906
48.9599990844727	177.454513549805
48.9799995422363	165.083374023438
49	124.508453369141
49.0200004577637	56.160099029541
49.0400009155273	303.708953857422
49.060001373291	203.923599243164
49.0800018310547	244.305221557617
49.0999984741211	308.714019775391
49.1199989318848	204.830993652344
49.1399993896484	306.758728027344
49.1599998474121	237.125961303711
49.1800003051758	168.286224365234
49.2000007629395	298.987976074219
49.2200012207031	249.774475097656
49.2400016784668	262.310119628906
49.2599983215332	81.5476379394531
49.2799987792969	171.684432983398
49.2999992370605	69.5256881713867
49.3199996948242	267.568725585938
49.3400001525879	210.698471069336
49.3600006103516	363.964996337891
49.3800010681152	496.015991210938
49.4000015258789	427.625579833984
49.4199981689453	317.915893554688
49.439998626709	439.573455810547
49.4599990844727	488.123687744141
49.4799995422363	625.927001953125
49.5	750.726440429688
49.5200004577637	827.223876953125
49.5400009155273	881.096374511719
49.560001373291	1535.20422363281
49.5800018310547	2166.11840820313
49.5999984741211	2624.06860351563
49.6199989318848	2406.017578125
49.6399993896484	1976.88781738281
49.6599998474121	1645.70361328125
49.6800003051758	1581.37548828125
49.7000007629395	1290.65576171875
49.7200012207031	1621.44128417969
49.7400016784668	1749.09423828125
49.7599983215332	1212.86938476563
49.7799987792969	994.341247558594
49.7999992370605	614.076171875
49.8199996948242	749.4052734375
49.8400001525879	639.101623535156
49.8600006103516	414.358551025391
49.8800010681152	369.972198486328
49.9000015258789	197.499710083008
49.9199981689453	233.382064819336
49.939998626709	237.644805908203
49.9599990844727	353.164184570313
49.9799995422363	332.489654541016
50	252.406204223633
50.0200004577637	224.685028076172
50.0400009155273	168.450698852539
50.060001373291	242.639389038086
50.0800018310547	156.795379638672
50.0999984741211	180.135543823242
50.1199989318848	214.146881103516
50.1399993896484	206.126434326172
50.1599998474121	175.110946655273
50.1800003051758	257.022369384766
50.2000007629395	110.355667114258
50.2200012207031	164.389892578125
50.2400016784668	333.319305419922
50.2599983215332	158.337844848633
50.2799987792969	169.164245605469
50.2999992370605	346.135681152344
50.3199996948242	285.772735595703
50.3400001525879	162.727096557617
50.3600006103516	148.515914916992
50.3800010681152	122.184600830078
50.4000015258789	185.544692993164
50.4199981689453	227.487640380859
50.439998626709	206.79736328125
50.4599990844727	265.401397705078
50.4799995422363	195.174697875977
50.5	271.043334960938
50.5200004577637	241.501968383789
50.5400009155273	118.591934204102
50.560001373291	204.063278198242
50.5800018310547	254.009628295898
50.5999984741211	263.202423095703
50.6199989318848	223.124893188477
50.6399993896484	205.372802734375
50.6599998474121	187.956130981445
50.6800003051758	310.648590087891
50.7000007629395	368.122680664063
50.7200012207031	127.043403625488
50.7400016784668	145.512573242188
50.7599983215332	290.378662109375
50.7799987792969	98.4492416381836
50.7999992370605	137.975311279297
50.8199996948242	149.171951293945
50.8400001525879	190.717468261719
50.8600006103516	175.911972045898
50.8800010681152	147.172668457031
50.9000015258789	206.034866333008
50.9199981689453	193.395385742188
50.939998626709	207.282470703125
50.9599990844727	172.560501098633
50.9799995422363	225.957061767578
51	196.08447265625
51.0200004577637	179.222732543945
51.0400009155273	317.070068359375
51.060001373291	219.311172485352
51.0800018310547	363.626342773438
51.0999984741211	327.839630126953
51.1199989318848	345.690338134766
51.1399993896484	302.753967285156
51.1599998474121	513.647888183594
51.1800003051758	626.726989746094
51.2000007629395	842.493103027344
51.2200012207031	839.370849609375
51.2400016784668	663.5322265625
51.2599983215332	592.413391113281
51.2799987792969	420.323272705078
51.2999992370605	492.786041259766
51.3199996948242	621.291076660156
51.3400001525879	465.689636230469
51.3600006103516	582.640869140625
51.3800010681152	439.121948242188
51.4000015258789	259.841674804688
51.4199981689453	310.757354736328
51.439998626709	218.038818359375
51.4599990844727	238.566619873047
51.4799995422363	209.870910644531
51.5	346.108337402344
51.5200004577637	82.7607574462891
51.5400009155273	111.172027587891
51.560001373291	355.949035644531
51.5800018310547	228.209106445313
51.5999984741211	210.38166809082
51.6199989318848	126.224609375
51.6399993896484	145.711502075195
51.6599998474121	90.6537017822266
51.6800003051758	133.225616455078
51.7000007629395	304.666076660156
51.7200012207031	139.634796142578
51.7400016784668	258.508331298828
51.7599983215332	209.590179443359
51.7799987792969	320.982391357422
51.7999992370605	135.149108886719
51.8199996948242	283.838562011719
51.8400001525879	330.796051025391
51.8600006103516	301.820556640625
51.8800010681152	452.179046630859
51.9000015258789	461.978546142578
51.9199981689453	270.38330078125
51.939998626709	360.909637451172
51.9599990844727	248.826477050781
51.9799995422363	198.182464599609
52	325.924041748047
52.0200004577637	293.440185546875
52.0400009155273	219.314605712891
52.060001373291	391.334686279297
52.0800018310547	262.491760253906
52.0999984741211	325.518646240234
52.1199989318848	216.386596679688
52.1399993896484	131.972778320313
52.1599998474121	161.27702331543
52.1800003051758	166.440658569336
52.2000007629395	172.248748779297
52.2200012207031	109.332099914551
52.2400016784668	98.9358825683594
52.2599983215332	241.296691894531
52.2799987792969	389.504333496094
52.2999992370605	267.710815429688
52.3199996948242	84.6438751220703
52.3400001525879	372.617706298828
52.3600006103516	167.306930541992
52.3800010681152	104.531845092773
52.4000015258789	207.653335571289
52.4199981689453	218.568069458008
52.439998626709	224.512786865234
52.4599990844727	189.994140625
52.4799995422363	225.345413208008
52.5	194.257446289063
52.5200004577637	109.715866088867
52.5400009155273	199.952575683594
52.560001373291	176.011444091797
52.5800018310547	281.985717773438
52.5999984741211	169.60302734375
52.6199989318848	292.486206054688
52.6399993896484	134.996612548828
52.6599998474121	275.867584228516
52.6800003051758	90.0996398925781
52.7000007629395	98.2696838378906
52.7200012207031	223.40168762207
52.7400016784668	295.237213134766
52.7599983215332	180.330322265625
52.7799987792969	204.140411376953
52.7999992370605	106.537315368652
52.8199996948242	135.33186340332
52.8400001525879	140.566802978516
52.8600006103516	183.441009521484
52.8800010681152	169.043014526367
52.9000015258789	196.811950683594
52.9199981689453	228.669967651367
52.939998626709	301.297027587891
52.9599990844727	296.758850097656
52.9799995422363	112.419776916504
53	99.2073211669922
53.0200004577637	82.2629852294922
53.0400009155273	122.25611114502
53.060001373291	291.916381835938
53.0800018310547	270.7236328125
53.0999984741211	350.772369384766
53.1199989318848	284.753967285156
53.1399993896484	94.3335494995117
53.1599998474121	196.798873901367
53.1800003051758	282.072235107422
53.2000007629395	166.896041870117
53.2200012207031	127.685012817383
53.2400016784668	44.1902542114258
53.2599983215332	209.681838989258
53.2799987792969	210.083908081055
53.2999992370605	249.59831237793
53.3199996948242	180.723220825195
53.3400001525879	79.8286514282227
53.3600006103516	162.797897338867
53.3800010681152	251.278686523438
53.4000015258789	157.41764831543
53.4199981689453	185.476715087891
53.439998626709	172.779815673828
53.4599990844727	317.878326416016
53.4799995422363	212.90266418457
53.5	126.788940429688
53.5200004577637	216.705810546875
53.5400009155273	303.851684570313
53.560001373291	249.541702270508
53.5800018310547	149.951507568359
53.5999984741211	197.034774780273
53.6199989318848	176.374252319336
53.6399993896484	144.960372924805
53.6599998474121	131.351745605469
53.6800003051758	223.164321899414
53.7000007629395	214.293029785156
53.7200012207031	94.1736373901367
53.7400016784668	159.372116088867
53.7599983215332	210.904037475586
53.7799987792969	180.79524230957
53.7999992370605	161.798385620117
53.8199996948242	197.942565917969
53.8400001525879	173.237670898438
53.8600006103516	142.102630615234
53.8800010681152	126.888450622559
53.9000015258789	260.218109130859
53.9199981689453	259.403076171875
53.939998626709	251.195953369141
53.9599990844727	160.406097412109
53.9799995422363	204.534744262695
54	146.605026245117
54.0200004577637	203.204360961914
54.0400009155273	233.896133422852
54.060001373291	159.485046386719
54.0800018310547	173.329574584961
54.0999984741211	254.148513793945
54.1199989318848	212.618026733398
54.1399993896484	240.101470947266
54.1599998474121	237.308013916016
54.1800003051758	158.651962280273
54.2000007629395	265.051605224609
54.2200012207031	177.04377746582
54.2400016784668	300.786804199219
54.2599983215332	148.357315063477
54.2799987792969	169.798156738281
54.2999992370605	185.622787475586
54.3199996948242	128.533569335938
54.3400001525879	245.544815063477
54.3600006103516	228.452102661133
54.3800010681152	195.739776611328
54.4000015258789	300.553741455078
54.4199981689453	299.723236083984
54.439998626709	160.58154296875
54.4599990844727	108.751312255859
54.4799995422363	224.430313110352
54.5	63.6814880371094
54.5200004577637	158.895141601563
54.5400009155273	109.635444641113
54.560001373291	71.1374969482422
54.5800018310547	195.885223388672
54.5999984741211	187.812286376953
54.6199989318848	177.678833007813
54.6399993896484	246.570739746094
54.6599998474121	89.8795776367188
54.6800003051758	261.751159667969
54.7000007629395	160.854995727539
54.7200012207031	265.607116699219
54.7400016784668	262.283874511719
54.7599983215332	279.953674316406
54.7799987792969	243.107955932617
54.7999992370605	217.07438659668
54.8199996948242	221.268493652344
54.8400001525879	284.017639160156
54.8600006103516	187.578704833984
54.8800010681152	188.351852416992
54.9000015258789	209.357040405273
54.9199981689453	271.391052246094
54.939998626709	239.733428955078
54.9599990844727	291.345489501953
54.9799995422363	185.590316772461
55	221.701782226563
55.0200004577637	253.481826782227
55.0400009155273	253.359680175781
55.060001373291	229.839202880859
55.0800018310547	243.758666992188
55.0999984741211	210.633056640625
55.1199989318848	45.6852493286133
55.1399993896484	340.092224121094
55.1599998474121	267.293151855469
55.1800003051758	258.040374755859
55.2000007629395	308.910461425781
55.2200012207031	134.714248657227
55.2400016784668	218.094131469727
55.2599983215332	196.086074829102
55.2799987792969	354.837066650391
55.2999992370605	195.756286621094
55.3199996948242	261.441497802734
55.3400001525879	124.310455322266
55.3600006103516	87.0714340209961
55.3800010681152	316.183959960938
55.4000015258789	198.154144287109
55.4199981689453	225.596160888672
55.439998626709	314.702697753906
55.4599990844727	149.927658081055
55.4799995422363	289.629302978516
55.5	219.450103759766
55.5200004577637	305.384185791016
55.5400009155273	302.427307128906
55.560001373291	177.194869995117
55.5800018310547	201.772369384766
55.5999984741211	178.930480957031
55.6199989318848	225.155456542969
55.6399993896484	321.41455078125
55.6599998474121	181.431732177734
55.6800003051758	203.376235961914
55.7000007629395	226.922790527344
55.7200012207031	313.114868164063
55.7400016784668	265.122497558594
55.7599983215332	284.206268310547
55.7799987792969	255.229797363281
55.7999992370605	172.38948059082
55.8199996948242	269.414367675781
55.8400001525879	291.664672851563
55.8600006103516	224.001190185547
55.8800010681152	153.578887939453
55.9000015258789	312.873443603516
55.9199981689453	315.82763671875
55.939998626709	145.203399658203
55.9599990844727	201.061660766602
55.9799995422363	362.467407226563
56	221.854629516602
56.0200004577637	196.087600708008
56.0400009155273	297.21630859375
56.060001373291	312.129028320313
56.0800018310547	409.348236083984
56.0999984741211	551.855285644531
56.1199989318848	514.293823242188
56.1399993896484	314.335021972656
56.1599998474121	355.546234130859
56.1800003051758	484.971008300781
56.2000007629395	291.286926269531
56.2200012207031	448.110412597656
56.2400016784668	369.703460693359
56.2599983215332	609.611083984375
56.2799987792969	407.072814941406
56.2999992370605	783.393493652344
56.3199996948242	542.260192871094
56.3400001525879	490.045837402344
56.3600006103516	849.86767578125
56.3800010681152	825.947509765625
56.4000015258789	867.584533691406
56.4199981689453	1070.64611816406
56.439998626709	1063.29748535156
56.4599990844727	1383.20056152344
56.4799995422363	1259.82995605469
56.5	1766.61535644531
56.5200004577637	1882.74938964844
56.5400009155273	1994.98266601563
56.560001373291	2126.22387695313
56.5800018310547	1996.83715820313
56.5999984741211	1908.90502929688
56.6199989318848	1709.86328125
56.6399993896484	1860.48120117188
56.6599998474121	1868.76501464844
56.6800003051758	1879.70300292969
56.7000007629395	1789.18249511719
56.7200012207031	1443.71069335938
56.7400016784668	1468.12890625
56.7599983215332	1730.89624023438
56.7799987792969	1500.52038574219
56.7999992370605	1270.337890625
56.8199996948242	1520.65185546875
56.8400001525879	1917.59851074219
56.8600006103516	2246.44775390625
56.8800010681152	1718.85900878906
56.9000015258789	1296.25939941406
56.9199981689453	1206.72924804688
56.939998626709	1026.77124023438
56.9599990844727	1045.31469726563
56.9799995422363	1136.63879394531
57	1075.76318359375
57.0200004577637	1133.12573242188
57.0400009155273	927.112609863281
57.060001373291	615.337280273438
57.0800018310547	645.419738769531
57.0999984741211	623.556030273438
57.1199989318848	586.6962890625
57.1399993896484	430.236267089844
57.1599998474121	506.983642578125
57.1800003051758	361.352386474609
57.2000007629395	249.167785644531
57.2200012207031	422.844848632813
57.2400016784668	404.62646484375
57.2599983215332	442.8564453125
57.2799987792969	313.101806640625
57.2999992370605	324.049743652344
57.3199996948242	277.477508544922
57.3400001525879	170.703506469727
57.3600006103516	199.533508300781
57.3800010681152	264.765502929688
57.4000015258789	315.109741210938
57.4199981689453	280.974395751953
57.439998626709	347.699035644531
57.4599990844727	329.310241699219
57.4799995422363	365.618072509766
57.5	390.115203857422
57.5200004577637	270.738983154297
57.5400009155273	238.859970092773
57.560001373291	241.70085144043
57.5800018310547	194.859924316406
57.5999984741211	246.871994018555
57.6199989318848	298.575744628906
57.6399993896484	124.000305175781
57.6599998474121	275.654846191406
57.6800003051758	176.034408569336
57.7000007629395	189.219833374023
57.7200012207031	211.198150634766
57.7400016784668	208.805801391602
57.7599983215332	201.837738037109
57.7799987792969	246.048309326172
57.7999992370605	265.871185302734
57.8199996948242	203.852035522461
57.8400001525879	242.272827148438
57.8600006103516	327.702392578125
57.8800010681152	189.350387573242
57.9000015258789	156.437118530273
57.9199981689453	227.819900512695
57.939998626709	242.723724365234
57.9599990844727	231.803924560547
57.9799995422363	186.382766723633
58	245.20329284668
58.0200004577637	151.052825927734
58.0400009155273	313.185394287109
58.060001373291	151.886734008789
58.0800018310547	258.558288574219
58.0999984741211	77.2524948120117
58.1199989318848	325.341156005859
58.1399993896484	217.155029296875
58.1599998474121	327.602661132813
58.1800003051758	254.63948059082
58.2000007629395	273.422607421875
58.2200012207031	329.351257324219
58.2400016784668	308.513397216797
58.2599983215332	292.318054199219
58.2799987792969	269.935760498047
58.2999992370605	238.508117675781
58.3199996948242	156.662460327148
58.3400001525879	103.776245117188
58.3600006103516	194.453399658203
58.3800010681152	233.21891784668
58.4000015258789	290.689849853516
58.4199981689453	153.693267822266
58.439998626709	381.064910888672
58.4599990844727	111.035713195801
58.4799995422363	341.884216308594
58.5	112.871513366699
58.5200004577637	326.520294189453
58.5400009155273	163.917297363281
58.560001373291	147.684051513672
58.5800018310547	279.774810791016
58.5999984741211	161.475341796875
58.6199989318848	270.313140869141
58.6399993896484	247.256286621094
58.6599998474121	312.085906982422
58.6800003051758	127.924705505371
58.7000007629395	289.616058349609
58.7200012207031	152.405624389648
58.7400016784668	371.140197753906
58.7599983215332	249.429977416992
58.7799987792969	136.960906982422
58.7999992370605	200.889251708984
58.8199996948242	264.744354248047
58.8400001525879	173.804122924805
58.8600006103516	159.707000732422
58.8800010681152	283.774597167969
58.9000015258789	176.416549682617
58.9199981689453	256.020233154297
58.939998626709	318.154388427734
58.9599990844727	215.086364746094
58.9799995422363	343.086700439453
59	104.509803771973
59.0200004577637	268.078582763672
59.0400009155273	184.126693725586
59.060001373291	301.321563720703
59.0800018310547	247.656066894531
59.0999984741211	273.78564453125
59.1199989318848	227.855072021484
59.1399993896484	270.687927246094
59.1599998474121	197.460418701172
59.1800003051758	168.678329467773
59.2000007629395	140.331298828125
59.2200012207031	240.341339111328
59.2400016784668	170.764724731445
59.2599983215332	219.349899291992
59.2799987792969	193.147430419922
59.2999992370605	313.549468994141
59.3199996948242	137.471801757813
59.3400001525879	206.762161254883
59.3600006103516	183.799240112305
59.3800010681152	240.688705444336
59.4000015258789	240.349700927734
59.4199981689453	195.648773193359
59.439998626709	227.498657226563
59.4599990844727	240.680282592773
59.4799995422363	277.964080810547
59.5	219.096176147461
59.5200004577637	309.759857177734
59.5400009155273	283.617706298828
59.560001373291	144.005859375
59.5800018310547	238.918838500977
59.5999984741211	215.796508789063
59.6199989318848	129.703582763672
59.6399993896484	250.741317749023
59.6599998474121	138.736221313477
59.6800003051758	229.09309387207
59.7000007629395	219.364593505859
59.7200012207031	331.584808349609
59.7400016784668	301.938232421875
59.7599983215332	389.179046630859
59.7799987792969	220.484802246094
59.7999992370605	187.716400146484
59.8199996948242	377.6767578125
59.8400001525879	75.8500900268555
59.8600006103516	310.579956054688
59.8800010681152	326.597198486328
59.9000015258789	339.203857421875
59.9199981689453	255.030471801758
59.939998626709	159.857955932617
59.9599990844727	177.134811401367
59.9799995422363	212.573257446289
60	341.922332763672
60.0200004577637	292.532379150391
60.0400009155273	90.8454971313477
60.060001373291	75.4477462768555
60.0800018310547	158.538696289063
60.0999984741211	260.175018310547
60.1199989318848	214.558990478516
60.1399993896484	315.082427978516
60.1599998474121	188.179000854492
60.1800003051758	189.881607055664
60.2000007629395	371.918884277344
60.2200012207031	162.279098510742
60.2400016784668	267.965484619141
60.2599983215332	199.208480834961
60.2799987792969	240.437576293945
60.2999992370605	334.210174560547
60.3199996948242	343.965057373047
60.3400001525879	164.313461303711
60.3600006103516	276.948455810547
60.3800010681152	226.366470336914
60.4000015258789	253.687896728516
60.4199981689453	220.842559814453
60.439998626709	153.491073608398
60.4599990844727	259.974975585938
60.4799995422363	221.283615112305
60.5	251.683349609375
60.5200004577637	83.1043930053711
60.5400009155273	275.336578369141
60.560001373291	255.156555175781
60.5800018310547	171.049026489258
60.5999984741211	177.040054321289
60.6199989318848	347.289093017578
60.6399993896484	202.134307861328
60.6599998474121	284.832489013672
60.6800003051758	175.55029296875
60.7000007629395	244.943649291992
60.7200012207031	378.244079589844
60.7400016784668	263.579162597656
60.7599983215332	196.178298950195
60.7799987792969	196.321685791016
60.7999992370605	197.145034790039
60.8199996948242	91.6538619995117
60.8400001525879	364.092681884766
60.8600006103516	242.528686523438
60.8800010681152	264.747406005859
60.9000015258789	249.936325073242
60.9199981689453	342.571624755859
60.939998626709	289.43994140625
60.9599990844727	293.732849121094
60.9799995422363	180.024459838867
61	179.288436889648
61.0200004577637	250.340042114258
61.0400009155273	54.3510932922363
61.060001373291	233.249404907227
61.0800018310547	248.800247192383
61.0999984741211	112.999557495117
61.1199989318848	146.453414916992
61.1399993896484	319.778137207031
61.1599998474121	301.874725341797
61.1800003051758	220.726593017578
61.2000007629395	324.230133056641
61.2200012207031	345.730407714844
61.2400016784668	299.910522460938
61.2599983215332	217.832000732422
61.2799987792969	204.583404541016
61.2999992370605	247.058258056641
61.3199996948242	150.17919921875
61.3400001525879	188.255569458008
61.3600006103516	221.725494384766
61.3800010681152	258.454895019531
61.4000015258789	206.962005615234
61.4199981689453	341.352691650391
61.439998626709	219.888656616211
61.4599990844727	285.460021972656
61.4799995422363	277.056488037109
61.5	274.474426269531
61.5200004577637	295.941040039063
61.5400009155273	321.227691650391
61.560001373291	300.364044189453
61.5800018310547	222.067687988281
61.5999984741211	268.753845214844
61.6199989318848	306.751953125
61.6399993896484	257.224365234375
61.6599998474121	193.488952636719
61.6800003051758	226.74137878418
61.7000007629395	250.05419921875
61.7200012207031	238.60954284668
61.7400016784668	242.636825561523
61.7599983215332	88.8670120239258
61.7799987792969	233.509796142578
61.7999992370605	253.559768676758
61.8199996948242	308.743011474609
61.8400001525879	195.89762878418
61.8600006103516	263.358093261719
61.8800010681152	221.912948608398
61.9000015258789	128.601348876953
61.9199981689453	219.939880371094
61.939998626709	191.287994384766
61.9599990844727	349.154083251953
61.9799995422363	337.634979248047
62	173.41682434082
62.0200004577637	301.661834716797
62.0400009155273	252.906112670898
62.060001373291	218.627090454102
62.0800018310547	211.687225341797
62.0999984741211	234.497177124023
62.1199989318848	233.991317749023
62.1399993896484	351.134552001953
62.1599998474121	191.873382568359
62.1800003051758	333.392242431641
62.2000007629395	265.031463623047
62.2200012207031	452.581390380859
62.2400016784668	202.124938964844
62.2599983215332	313.650482177734
62.2799987792969	347.215393066406
62.2999992370605	342.100250244141
62.3199996948242	372.598327636719
62.3400001525879	489.315734863281
62.3600006103516	351.703308105469
62.3800010681152	481.659759521484
62.4000015258789	362.090942382813
62.4199981689453	613.992553710938
62.439998626709	651.731872558594
62.4599990844727	551.306091308594
62.4799995422363	533.834594726563
62.5	676.5673828125
62.5200004577637	680.772216796875
62.5400009155273	559.058349609375
62.560001373291	658.83447265625
62.5800018310547	648.189880371094
62.5999984741211	772.860412597656
62.6199989318848	862.471435546875
62.6399993896484	1057.8115234375
62.6599998474121	1106.22326660156
62.6800003051758	1319.7265625
62.7000007629395	1678.59716796875
62.7200012207031	1682.83557128906
62.7400016784668	2104.00610351563
62.7599983215332	2463.40258789063
62.7799987792969	2503.56982421875
62.7999992370605	2343.93115234375
62.8199996948242	2423.96069335938
62.8400001525879	1975.27673339844
62.8600006103516	1923.95422363281
62.8800010681152	1915.6484375
62.9000015258789	1836.34680175781
62.9199981689453	2193.41284179688
62.939998626709	1947.71936035156
62.9599990844727	2000.76208496094
62.9799995422363	1932.6318359375
63	1500.90783691406
63.0200004577637	1392.48327636719
63.0400009155273	1205.28076171875
63.060001373291	1243.10205078125
63.0800018310547	999.189025878906
63.0999984741211	1010.65478515625
63.1199989318848	1016.42803955078
63.1399993896484	854.3427734375
63.1599998474121	819.915588378906
63.1800003051758	750.985107421875
63.2000007629395	629.373718261719
63.2200012207031	625.061462402344
63.2400016784668	612.682312011719
63.2599983215332	493.05810546875
63.2799987792969	463.622283935547
63.2999992370605	345.968688964844
63.3199996948242	579.541381835938
63.3400001525879	391.963714599609
63.3600006103516	571.0615234375
63.3800010681152	417.345489501953
63.4000015258789	546.924499511719
63.4199981689453	499.600830078125
63.439998626709	458.745819091797
63.4599990844727	621.587646484375
63.4799995422363	333.671661376953
63.5	483.103851318359
63.5200004577637	533.9619140625
63.5400009155273	649.400573730469
63.560001373291	394.720062255859
63.5800018310547	522.837036132813
63.5999984741211	539.666137695313
63.6199989318848	650.87109375
63.6399993896484	908.288391113281
63.6599998474121	1118.79541015625
63.6800003051758	1263.74145507813
63.7000007629395	1301.6259765625
63.7200012207031	1468.7138671875
63.7400016784668	1215.49633789063
63.7599983215332	1134.45520019531
63.7799987792969	1121.76416015625
63.7999992370605	925.59326171875
63.8199996948242	803.496032714844
63.8400001525879	747.951416015625
63.8600006103516	920.111267089844
63.8800010681152	1053.146484375
63.9000015258789	812.919494628906
63.9199981689453	723.127258300781
63.939998626709	654.5380859375
63.9599990844727	479.859924316406
63.9799995422363	396.839660644531
64	549.231201171875
64.0199966430664	319.833129882813
64.0400009155273	454.255432128906
64.0599975585938	453.414154052734
64.0800018310547	435.887084960938
64.0999984741211	256.951782226563
64.120002746582	322.819427490234
64.1399993896484	346.999816894531
64.1600036621094	357.577392578125
64.1800003051758	264.555786132813
64.1999969482422	286.826019287109
64.2200012207031	347.277587890625
64.2399978637695	237.71305847168
64.2600021362305	231.020401000977
64.2799987792969	274.579315185547
64.3000030517578	282.040649414063
64.3199996948242	352.101623535156
64.3399963378906	295.225799560547
64.3600006103516	327.404174804688
64.379997253418	218.647338867188
64.4000015258789	231.670257568359
64.4199981689453	423.024047851563
64.4400024414063	349.902008056641
64.4599990844727	419.782745361328
64.4800033569336	200.757171630859
64.5	196.180297851563
64.5199966430664	245.333908081055
64.5400009155273	398.937103271484
64.5599975585938	178.853408813477
64.5800018310547	284.104858398438
64.5999984741211	246.71076965332
64.620002746582	219.35954284668
64.6399993896484	336.241271972656
64.6600036621094	271.788970947266
64.6800003051758	257.967834472656
64.6999969482422	444.002624511719
64.7200012207031	173.807373046875
64.7399978637695	187.437042236328
64.7600021362305	313.304107666016
64.7799987792969	388.446624755859
64.8000030517578	227.375076293945
64.8199996948242	291.376312255859
64.8399963378906	348.27001953125
64.8600006103516	277.930053710938
64.879997253418	305.252105712891
64.9000015258789	199.483978271484
64.9199981689453	159.046951293945
64.9400024414063	241.123397827148
64.9599990844727	327.889923095703
64.9800033569336	337.848724365234
65	238.693466186523
65.0199966430664	264.303009033203
65.0400009155273	203.213119506836
65.0599975585938	219.826919555664
65.0800018310547	200.232192993164
65.0999984741211	242.751892089844
65.120002746582	374.862365722656
65.1399993896484	229.89192199707
65.1600036621094	302.114807128906
65.1800003051758	297.689605712891
65.1999969482422	272.902465820313
65.2200012207031	219.862243652344
65.2399978637695	222.2734375
65.2600021362305	293.538635253906
65.2799987792969	210.621520996094
65.3000030517578	253.127593994141
65.3199996948242	364.340789794922
65.3399963378906	186.991088867188
65.3600006103516	353.110870361328
65.379997253418	304.096435546875
65.4000015258789	218.733184814453
65.4199981689453	231.405227661133
65.4400024414063	322.041076660156
65.4599990844727	168.852508544922
65.4800033569336	257.309295654297
65.5	307.744720458984
65.5199966430664	349.596710205078
65.5400009155273	239.596740722656
65.5599975585938	342.520202636719
65.5800018310547	302.064971923828
65.5999984741211	265.863433837891
65.620002746582	310.453643798828
65.6399993896484	242.078018188477
65.6600036621094	445.699523925781
65.6800003051758	250.999328613281
65.6999969482422	280.696228027344
65.7200012207031	489.743499755859
65.7399978637695	630.463195800781
65.7600021362305	607.69580078125
65.7799987792969	819.842895507813
65.8000030517578	972.333374023438
65.8199996948242	1163.70434570313
65.8399963378906	1381.61535644531
65.8600006103516	1675.55578613281
65.879997253418	1292.97570800781
65.9000015258789	1057.75646972656
65.9199981689453	997.933471679688
65.9400024414063	729.669738769531
65.9599990844727	761.682556152344
65.9800033569336	919.277160644531
66	830.723083496094
66.0199966430664	852.333923339844
66.0400009155273	976.59619140625
66.0599975585938	814.01123046875
66.0800018310547	892.404602050781
66.0999984741211	702.604370117188
66.120002746582	607.74853515625
66.1399993896484	385.094329833984
66.1600036621094	541.745178222656
66.1800003051758	430.777435302734
66.1999969482422	486.775970458984
66.2200012207031	576.270568847656
66.2399978637695	411.476623535156
66.2600021362305	404.069427490234
66.2799987792969	455.923156738281
66.3000030517578	365.260223388672
66.3199996948242	492.622283935547
66.3399963378906	417.559509277344
66.3600006103516	491.267700195313
66.379997253418	408.944122314453
66.4000015258789	298.783081054688
66.4199981689453	439.062957763672
66.4400024414063	515.34326171875
66.4599990844727	523.209350585938
66.4800033569336	296.653930664063
66.5	532.543701171875
66.5199966430664	476.60791015625
66.5400009155273	460.082244873047
66.5599975585938	425.403411865234
66.5800018310547	328.111450195313
66.5999984741211	392.396301269531
66.620002746582	414.960235595703
66.6399993896484	99.8825454711914
66.6600036621094	392.352813720703
66.6800003051758	268.489929199219
66.6999969482422	271.292388916016
66.7200012207031	162.790252685547
66.7399978637695	332.765289306641
66.7600021362305	189.256561279297
66.7799987792969	288.834075927734
66.8000030517578	267.228302001953
66.8199996948242	379.452209472656
66.8399963378906	228.672058105469
66.8600006103516	281.888122558594
66.879997253418	291.812652587891
66.9000015258789	401.606384277344
66.9199981689453	338.239562988281
66.9400024414063	186.510803222656
66.9599990844727	194.619873046875
66.9800033569336	218.842849731445
67	369.108703613281
67.0199966430664	197.921173095703
67.0400009155273	309.194885253906
67.0599975585938	432.980712890625
67.0800018310547	433.288269042969
67.0999984741211	225.77067565918
67.120002746582	194.212921142578
67.1399993896484	143.328659057617
67.1600036621094	363.421997070313
67.1800003051758	396.470764160156
67.1999969482422	402.799011230469
67.2200012207031	270.705169677734
67.2399978637695	198.218856811523
67.2600021362305	101.993461608887
67.2799987792969	296.79296875
67.3000030517578	357.242004394531
67.3199996948242	379.580902099609
67.3399963378906	377.974609375
67.3600006103516	404.542358398438
67.379997253418	195.412094116211
67.4000015258789	355.502593994141
67.4199981689453	285.460144042969
67.4400024414063	465.269836425781
67.4599990844727	332.057891845703
67.4800033569336	357.005462646484
67.5	405.760131835938
67.5199966430664	477.941741943359
67.5400009155273	517.487854003906
67.5599975585938	760.953063964844
67.5800018310547	711.797668457031
67.5999984741211	748.489074707031
67.620002746582	1102.04357910156
67.6399993896484	1333.46887207031
67.6600036621094	1323.38647460938
67.6800003051758	1284.40246582031
67.6999969482422	1180.02526855469
67.7200012207031	1104.59985351563
67.7399978637695	948.748352050781
67.7600021362305	1280.39892578125
67.7799987792969	1130.72802734375
67.8000030517578	1563.2509765625
67.8199996948242	1521.39575195313
67.8399963378906	1543.20739746094
67.8600006103516	1491.22119140625
67.879997253418	1446.40185546875
67.9000015258789	1497.82849121094
67.9199981689453	1655.38635253906
67.9400024414063	1733.47839355469
67.9599990844727	1390.91870117188
67.9800033569336	1265.73706054688
68	1393.28491210938
68.0199966430664	1402.28894042969
68.0400009155273	1041.17724609375
68.0599975585938	1016.31713867188
68.0800018310547	1275.15161132813
68.0999984741211	1001.06219482422
68.120002746582	1135.1904296875
68.1399993896484	1225.20556640625
68.1600036621094	917.323486328125
68.1800003051758	744.027526855469
68.1999969482422	783.69140625
68.2200012207031	761.715270996094
68.2399978637695	640.455871582031
68.2600021362305	759.050354003906
68.2799987792969	717.489929199219
68.3000030517578	677.865234375
68.3199996948242	478.739868164063
68.3399963378906	426.355773925781
68.3600006103516	539.359130859375
68.379997253418	555.844665527344
68.4000015258789	473.675933837891
68.4199981689453	492.202758789063
68.4400024414063	448.6962890625
68.4599990844727	341.843078613281
68.4800033569336	481.775421142578
68.5	406.332855224609
68.5199966430664	454.285736083984
68.5400009155273	367.464752197266
68.5599975585938	471.935272216797
68.5800018310547	355.235809326172
68.5999984741211	318.178955078125
68.620002746582	490.048828125
68.6399993896484	283.433685302734
68.6600036621094	492.613830566406
68.6800003051758	414.154357910156
68.6999969482422	395.386840820313
68.7200012207031	592.335205078125
68.7399978637695	541.352111816406
68.7600021362305	585.635070800781
68.7799987792969	528.697631835938
68.8000030517578	454.863891601563
68.8199996948242	388.174652099609
68.8399963378906	491.115264892578
68.8600006103516	495.898040771484
68.879997253418	538.775573730469
68.9000015258789	582.405212402344
68.9199981689453	545.094299316406
68.9400024414063	673.510009765625
68.9599990844727	690.42041015625
68.9800033569336	729.146728515625
69	982.13427734375
69.0199966430664	835.926574707031
69.0400009155273	950.341186523438
69.0599975585938	896.863891601563
69.0800018310547	739.269165039063
69.0999984741211	743.468444824219
69.120002746582	856.431274414063
69.1399993896484	785.720764160156
69.1600036621094	631.4169921875
69.1800003051758	684.41748046875
69.1999969482422	721.343444824219
69.2200012207031	662.16796875
69.2399978637695	553.953430175781
69.2600021362305	636.822082519531
69.2799987792969	610.553649902344
69.3000030517578	548.312622070313
69.3199996948242	633.452880859375
69.3399963378906	505.849761962891
69.3600006103516	409.067657470703
69.379997253418	422.50830078125
69.4000015258789	444.405731201172
69.4199981689453	343.462738037109
69.4400024414063	523.880737304688
69.4599990844727	320.862976074219
69.4800033569336	407.343170166016
69.5	145.570877075195
69.5199966430664	377.772216796875
69.5400009155273	245.116928100586
69.5599975585938	367.693542480469
69.5800018310547	358.895690917969
69.5999984741211	389.328979492188
69.620002746582	201.376815795898
69.6399993896484	269.398742675781
69.6600036621094	374.728454589844
69.6800003051758	344.159088134766
69.6999969482422	292.155395507813
69.7200012207031	296.449310302734
69.7399978637695	180.8671875
69.7600021362305	204.79541015625
69.7799987792969	221.062316894531
69.8000030517578	298.133209228516
69.8199996948242	249.989349365234
69.8399963378906	271.370452880859
69.8600006103516	325.023406982422
69.879997253418	408.939727783203
69.9000015258789	318.050964355469
69.9199981689453	240.156021118164
69.9400024414063	182.209274291992
69.9599990844727	352.574096679688
69.9800033569336	262.65966796875
70	167.130020141602
70.0199966430664	239.21061706543
70.0400009155273	174.025894165039
70.0599975585938	194.276977539063
70.0800018310547	297.440551757813
70.0999984741211	241.587677001953
70.120002746582	269.444030761719
70.1399993896484	245.012359619141
70.1600036621094	166.9482421875
70.1800003051758	224.840347290039
70.1999969482422	330.182708740234
70.2200012207031	386.433044433594
70.2399978637695	191.341445922852
70.2600021362305	206.148468017578
70.2799987792969	379.564575195313
70.3000030517578	369.078308105469
70.3199996948242	340.044952392578
70.3399963378906	315.638702392578
70.3600006103516	216.961090087891
70.379997253418	271.903015136719
70.4000015258789	275.471374511719
70.4199981689453	257.540679931641
70.4400024414063	267.054718017578
70.4599990844727	162.546112060547
70.4800033569336	198.708740234375
70.5	232.925872802734
70.5199966430664	207.693603515625
70.5400009155273	350.169677734375
70.5599975585938	192.208892822266
70.5800018310547	151.317016601563
70.5999984741211	185.158676147461
70.620002746582	252.319869995117
70.6399993896484	128.515075683594
70.6600036621094	203.601821899414
70.6800003051758	203.965805053711
70.6999969482422	127.38493347168
70.7200012207031	241.121948242188
70.7399978637695	132.29216003418
70.7600021362305	88.9470062255859
70.7799987792969	253.956253051758
70.8000030517578	388.442565917969
70.8199996948242	319.383361816406
70.8399963378906	138.495361328125
70.8600006103516	124.441398620605
70.879997253418	255.94660949707
70.9000015258789	300.704467773438
70.9199981689453	230.955047607422
70.9400024414063	265.377105712891
70.9599990844727	234.798812866211
70.9800033569336	269.810607910156
71	267.627136230469
71.0199966430664	279.285522460938
71.0400009155273	280.520385742188
71.0599975585938	305.862884521484
71.0800018310547	299.87255859375
71.0999984741211	268.842346191406
71.120002746582	341.225341796875
71.1399993896484	209.119857788086
71.1600036621094	215.893356323242
71.1800003051758	164.56950378418
71.1999969482422	262.241149902344
71.2200012207031	192.710876464844
71.2399978637695	122.549919128418
71.2600021362305	200.759826660156
71.2799987792969	250.144683837891
71.3000030517578	390.006927490234
71.3199996948242	289.474884033203
71.3399963378906	232.1796875
71.3600006103516	339.998138427734
71.379997253418	165.91325378418
71.4000015258789	437.470092773438
71.4199981689453	293.91943359375
71.4400024414063	217.428100585938
71.4599990844727	219.303771972656
71.4800033569336	267.383056640625
71.5	219.153060913086
71.5199966430664	293.111602783203
71.5400009155273	175.332778930664
71.5599975585938	255.108383178711
71.5800018310547	309.048370361328
71.5999984741211	349.061920166016
71.620002746582	256.417053222656
71.6399993896484	231.021987915039
71.6600036621094	234.862258911133
71.6800003051758	255.062942504883
71.6999969482422	285.3720703125
71.7200012207031	316.773132324219
71.7399978637695	265.621246337891
71.7600021362305	257.097076416016
71.7799987792969	274.589782714844
71.8000030517578	476.497192382813
71.8199996948242	315.675109863281
71.8399963378906	204.323303222656
71.8600006103516	296.795074462891
71.879997253418	274.136047363281
71.9000015258789	310.588653564453
71.9199981689453	407.736450195313
71.9400024414063	258.981658935547
71.9599990844727	377.485961914063
71.9800033569336	481.892639160156
72	465.095977783203
72.0199966430664	629.352172851563
72.0400009155273	723.302551269531
72.0599975585938	955.183227539063
72.0800018310547	1017.40832519531
72.0999984741211	965.288208007813
72.120002746582	654.543518066406
72.1399993896484	722.722900390625
72.1600036621094	558.238891601563
72.1800003051758	570.363342285156
72.1999969482422	497.430938720703
72.2200012207031	435.229797363281
72.2399978637695	613.254943847656
72.2600021362305	750.629760742188
72.2799987792969	622.959411621094
72.3000030517578	709.127868652344
72.3199996948242	506.303558349609
72.3399963378906	599.289489746094
72.3600006103516	453.260650634766
72.379997253418	520.9365234375
72.4000015258789	441.831512451172
72.4199981689453	340.857604980469
72.4400024414063	372.614318847656
72.4599990844727	385.793731689453
72.4800033569336	282.138549804688
72.5	350.324371337891
72.5199966430664	182.380996704102
72.5400009155273	359.696258544922
72.5599975585938	372.531616210938
72.5800018310547	187.908050537109
72.5999984741211	364.938720703125
72.620002746582	193.763214111328
72.6399993896484	276.399780273438
72.6600036621094	353.610931396484
72.6800003051758	269.623992919922
72.6999969482422	336.002136230469
72.7200012207031	417.750305175781
72.7399978637695	261.879455566406
72.7600021362305	234.878189086914
72.7799987792969	281.479461669922
72.8000030517578	476.221069335938
72.8199996948242	371.477264404297
72.8399963378906	317.192047119141
72.8600006103516	272.726135253906
72.879997253418	206.215866088867
72.9000015258789	210.064880371094
72.9199981689453	248.563430786133
72.9400024414063	333.238647460938
72.9599990844727	196.654373168945
72.9800033569336	199.729690551758
73	280.426544189453
73.0199966430664	153.637054443359
73.0400009155273	248.526885986328
73.0599975585938	321.86083984375
73.0800018310547	164.258148193359
73.0999984741211	291.711456298828
73.120002746582	245.133712768555
73.1399993896484	305.360046386719
73.1600036621094	293.561798095703
73.1800003051758	175.040954589844
73.1999969482422	271.620849609375
73.2200012207031	227.768753051758
73.2399978637695	212.826644897461
73.2600021362305	154.170181274414
73.2799987792969	368.263977050781
73.3000030517578	181.555404663086
73.3199996948242	230.290115356445
73.3399963378906	280.342468261719
73.3600006103516	291.921691894531
73.379997253418	302.585815429688
73.4000015258789	247.717559814453
73.4199981689453	306.015625
73.4400024414063	232.218170166016
73.4599990844727	382.983520507813
73.4800033569336	294.587005615234
73.5	396.626617431641
73.5199966430664	262.544738769531
73.5400009155273	409.587310791016
73.5599975585938	357.903350830078
73.5800018310547	385.255554199219
73.5999984741211	369.307220458984
73.620002746582	355.325653076172
73.6399993896484	256.579498291016
73.6600036621094	213.514022827148
73.6800003051758	245.704681396484
73.6999969482422	288.472045898438
73.7200012207031	347.326599121094
73.7399978637695	320.866088867188
73.7600021362305	337.286163330078
73.7799987792969	297.212738037109
73.8000030517578	299.731506347656
73.8199996948242	268.60498046875
73.8399963378906	254.260665893555
73.8600006103516	268.478240966797
73.879997253418	268.582427978516
73.9000015258789	59.0400123596191
73.9199981689453	254.416397094727
73.9400024414063	210.370254516602
73.9599990844727	248.86653137207
73.9800033569336	268.123840332031
74	277.635192871094
74.0199966430664	219.624908447266
74.0400009155273	231.661041259766
74.0599975585938	189.003036499023
74.0800018310547	157.351089477539
74.0999984741211	164.965911865234
74.120002746582	153.998596191406
74.1399993896484	287.152954101563
74.1600036621094	208.805465698242
74.1800003051758	196.70166015625
74.1999969482422	330.934417724609
74.2200012207031	293.100433349609
74.2399978637695	217.6591796875
74.2600021362305	98.5891036987305
74.2799987792969	211.276153564453
74.3000030517578	245.029678344727
74.3199996948242	246.656799316406
74.3399963378906	231.989593505859
74.3600006103516	219.958297729492
74.379997253418	194.678894042969
74.4000015258789	350.671325683594
74.4199981689453	254.611862182617
74.4400024414063	218.870010375977
74.4599990844727	237.664840698242
74.4800033569336	162.414306640625
74.5	343.290008544922
74.5199966430664	214.952362060547
74.5400009155273	209.903747558594
74.5599975585938	230.691879272461
74.5800018310547	195.406616210938
74.5999984741211	156.775741577148
74.620002746582	105.801345825195
74.6399993896484	234.501876831055
74.6600036621094	222.059524536133
74.6800003051758	130.660354614258
74.6999969482422	168.475814819336
74.7200012207031	225.454986572266
74.7399978637695	239.516799926758
74.7600021362305	271.067138671875
74.7799987792969	281.308837890625
74.8000030517578	182.54655456543
74.8199996948242	218.257019042969
74.8399963378906	156.70866394043
74.8600006103516	203.258544921875
74.879997253418	197.363693237305
74.9000015258789	381.247436523438
74.9199981689453	253.479415893555
74.9400024414063	76.8903274536133
74.9599990844727	268.549255371094
74.9800033569336	254.19792175293
75	226.347320556641
75.0199966430664	311.248077392578
75.0400009155273	184.875244140625
75.0599975585938	174.909774780273
75.0800018310547	260.225341796875
75.0999984741211	251.33918762207
75.120002746582	265.391967773438
75.1399993896484	235.027191162109
75.1600036621094	309.582885742188
75.1800003051758	254.818542480469
75.1999969482422	402.787689208984
75.2200012207031	280.617553710938
75.2399978637695	278.183227539063
75.2600021362305	373.846923828125
75.2799987792969	280.8359375
75.3000030517578	390.19140625
75.3199996948242	264.756988525391
75.3399963378906	361.845764160156
75.3600006103516	251.138305664063
75.379997253418	387.338928222656
75.4000015258789	365.832183837891
75.4199981689453	305.354522705078
75.4400024414063	445.295349121094
75.4599990844727	396.747650146484
75.4800033569336	465.644012451172
75.5	702.252258300781
75.5199966430664	718.812622070313
75.5400009155273	534.126525878906
75.5599975585938	629.992431640625
75.5800018310547	751.568603515625
75.5999984741211	520.174255371094
75.620002746582	511.156829833984
75.6399993896484	429.453338623047
75.6600036621094	303.349975585938
75.6800003051758	402.609680175781
75.6999969482422	543.6708984375
75.7200012207031	543.384521484375
75.7399978637695	369.009307861328
75.7600021362305	457.775573730469
75.7799987792969	414.014129638672
75.8000030517578	293.863098144531
75.8199996948242	348.49365234375
75.8399963378906	431.512542724609
75.8600006103516	442.497955322266
75.879997253418	227.953979492188
75.9000015258789	311.270629882813
75.9199981689453	322.530395507813
75.9400024414063	385.487487792969
75.9599990844727	212.13020324707
75.9800033569336	147.093566894531
76	264.122833251953
76.0199966430664	139.561782836914
76.0400009155273	88.7948989868164
76.0599975585938	364.425720214844
76.0800018310547	177.399398803711
76.0999984741211	217.925979614258
76.120002746582	281.043090820313
76.1399993896484	154.955596923828
76.1600036621094	262.32177734375
76.1800003051758	326.446899414063
76.1999969482422	213.78337097168
76.2200012207031	227.489501953125
76.2399978637695	307.760803222656
76.2600021362305	180.793426513672
76.2799987792969	182.695388793945
76.3000030517578	225.096862792969
76.3199996948242	302.3125
76.3399963378906	245.005828857422
76.3600006103516	222.870590209961
76.379997253418	171.174545288086
76.4000015258789	198.668197631836
76.4199981689453	135.390151977539
76.4400024414063	248.258972167969
76.4599990844727	125.153671264648
76.4800033569336	238.12434387207
76.5	200.422546386719
76.5199966430664	193.752548217773
76.5400009155273	212.754425048828
76.5599975585938	259.109924316406
76.5800018310547	169.832550048828
76.5999984741211	332.515411376953
76.620002746582	245.530700683594
76.6399993896484	127.617164611816
76.6600036621094	236.856109619141
76.6800003051758	212.069671630859
76.6999969482422	339.550720214844
76.7200012207031	231.727828979492
76.7399978637695	221.282165527344
76.7600021362305	326.296478271484
76.7799987792969	349.667999267578
76.8000030517578	254.870025634766
76.8199996948242	384.723876953125
76.8399963378906	307.57666015625
76.8600006103516	281.043487548828
76.879997253418	379.408966064453
76.9000015258789	379.795135498047
76.9199981689453	397.216644287109
76.9400024414063	390.107055664063
76.9599990844727	313.732238769531
76.9800033569336	380.252838134766
77	439.750213623047
77.0199966430664	370.387908935547
77.0400009155273	403.136535644531
77.0599975585938	283.29052734375
77.0800018310547	384.458862304688
77.0999984741211	260.605438232422
77.120002746582	287.260467529297
77.1399993896484	268.557495117188
77.1600036621094	455.342163085938
77.1800003051758	379.164123535156
77.1999969482422	448.115447998047
77.2200012207031	496.041564941406
77.2399978637695	438.993316650391
77.2600021362305	415.610809326172
77.2799987792969	386.144561767578
77.3000030517578	430.051635742188
77.3199996948242	294.395111083984
77.3399963378906	307.796234130859
77.3600006103516	226.226119995117
77.379997253418	444.197845458984
77.4000015258789	258.033294677734
77.4199981689453	390.742370605469
77.4400024414063	274.703887939453
77.4599990844727	144.656677246094
77.4800033569336	148.17073059082
77.5	292.909606933594
77.5199966430664	282.391906738281
77.5400009155273	295.445404052734
77.5599975585938	243.615310668945
77.5800018310547	262.071472167969
77.5999984741211	360.850891113281
77.620002746582	254.487838745117
77.6399993896484	247.924194335938
77.6600036621094	173.688919067383
77.6800003051758	258.848815917969
77.6999969482422	209.593017578125
77.7200012207031	260.720764160156
77.7399978637695	193.412811279297
77.7600021362305	295.847290039063
77.7799987792969	207.8037109375
77.8000030517578	220.83805847168
77.8199996948242	203.639083862305
77.8399963378906	228.110168457031
77.8600006103516	123.800720214844
77.879997253418	255.664245605469
77.9000015258789	243.037719726563
77.9199981689453	182.859420776367
77.9400024414063	181.919387817383
77.9599990844727	119.374710083008
77.9800033569336	287.216125488281
78	168.60710144043
78.0199966430664	84.9503402709961
78.0400009155273	238.003692626953
78.0599975585938	206.384948730469
78.0800018310547	242.715957641602
78.0999984741211	111.744903564453
78.120002746582	265.034790039063
78.1399993896484	326.131378173828
78.1600036621094	270.542053222656
78.1800003051758	229.256484985352
78.1999969482422	173.941757202148
78.2200012207031	235.996215820313
78.2399978637695	129.279144287109
78.2600021362305	259.412902832031
78.2799987792969	162.390213012695
78.3000030517578	222.748031616211
78.3199996948242	129.931228637695
78.3399963378906	240.030242919922
78.3600006103516	180.809661865234
78.379997253418	107.908767700195
78.4000015258789	117.40552520752
78.4199981689453	251.180221557617
78.4400024414063	168.408706665039
78.4599990844727	269.451751708984
78.4800033569336	189.866790771484
78.5	142.646209716797
78.5199966430664	246.006042480469
78.5400009155273	229.286193847656
78.5599975585938	100.100799560547
78.5800018310547	141.544326782227
78.5999984741211	135.967712402344
78.620002746582	249.343643188477
78.6399993896484	141.656051635742
78.6600036621094	57.5823135375977
78.6800003051758	185.783248901367
78.6999969482422	341.17822265625
78.7200012207031	232.650100708008
78.7399978637695	137.930679321289
78.7600021362305	165.383697509766
78.7799987792969	194.468383789063
78.8000030517578	109.31282043457
78.8199996948242	155.1630859375
78.8399963378906	130.169036865234
78.8600006103516	219.954956054688
78.879997253418	240.488082885742
78.9000015258789	101.876068115234
78.9199981689453	168.076431274414
78.9400024414063	144.417388916016
78.9599990844727	122.336906433105
78.9800033569336	147.307098388672
79	175.093338012695
79.0199966430664	170.711654663086
79.0400009155273	172.426574707031
79.0599975585938	182.352813720703
79.0800018310547	113.993583679199
79.0999984741211	188.219131469727
79.120002746582	250.988265991211
79.1399993896484	174.046142578125
79.1600036621094	177.304992675781
79.1800003051758	251.148712158203
79.1999969482422	202.905166625977
79.2200012207031	134.486968994141
79.2399978637695	147.409378051758
79.2600021362305	183.901931762695
79.2799987792969	184.709442138672
79.3000030517578	104.634986877441
79.3199996948242	216.432846069336
79.3399963378906	238.724258422852
79.3600006103516	99.7938995361328
79.379997253418	138.347290039063
79.4000015258789	217.359191894531
79.4199981689453	138.52995300293
79.4400024414063	115.933860778809
79.4599990844727	176.068740844727
79.4800033569336	248.381683349609
79.5	284.528869628906
79.5199966430664	314.768127441406
79.5400009155273	136.531799316406
79.5599975585938	212.297653198242
79.5800018310547	211.537475585938
79.5999984741211	178.657592773438
79.620002746582	199.145034790039
79.6399993896484	293.170074462891
79.6600036621094	165.776290893555
79.6800003051758	195.835815429688
79.6999969482422	129.378067016602
79.7200012207031	116.184143066406
79.7399978637695	195.243637084961
79.7600021362305	368.379211425781
79.7799987792969	259.343933105469
79.8000030517578	128.112808227539
79.8199996948242	225.537002563477
79.8399963378906	121.85334777832
79.8600006103516	233.057983398438
79.879997253418	289.791717529297
79.9000015258789	187.199584960938
79.9199981689453	251.298400878906
79.9400024414063	194.456817626953
79.9599990844727	116.973114013672
79.9800033569336	78.9736785888672
80	148.567428588867
