2_002/1	
θ/2θ, °	Intensity, cps
20	317.392333984375
20.0200004577637	250.213134765625
20.0400009155273	292.589569091797
20.0599994659424	164.824325561523
20.0799999237061	227.211349487305
20.1000003814697	175.041946411133
20.1200008392334	163.276107788086
20.1399993896484	146.584732055664
20.1599998474121	199.103042602539
20.1800003051758	282.38916015625
20.2000007629395	263.431945800781
20.2199993133545	262.090393066406
20.2399997711182	127.791366577148
20.2600002288818	269.020477294922
20.2800006866455	77.3222808837891
20.2999992370605	165.573303222656
20.3199996948242	68.1372375488281
20.3400001525879	247.4931640625
20.3600006103516	156.511352539063
20.3799991607666	50.7348518371582
20.3999996185303	203.049789428711
20.4200000762939	47.8058395385742
20.4400005340576	163.921173095703
20.4599990844727	169.898178100586
20.4799995422363	153.497955322266
20.5	240.190170288086
20.5200004577637	90.1409912109375
20.5400009155273	169.168228149414
20.5599994659424	169.911743164063
20.5799999237061	191.813385009766
20.6000003814697	74.6356353759766
20.6200008392334	217.887802124023
20.6399993896484	107.793067932129
20.6599998474121	146.520355224609
20.6800003051758	146.937118530273
20.7000007629395	204.929992675781
20.7199993133545	207.85041809082
20.7399997711182	156.0908203125
20.7600002288818	189.03727722168
20.7800006866455	178.882446289063
20.7999992370605	137.350708007813
20.8199996948242	209.181381225586
20.8400001525879	181.110946655273
20.8600006103516	271.342041015625
20.8799991607666	233.037719726563
20.8999996185303	157.905563354492
20.9200000762939	126.583419799805
20.9400005340576	114.345039367676
20.9599990844727	145.473068237305
20.9799995422363	279.198547363281
21	155.534713745117
21.0200004577637	136.253936767578
21.0400009155273	233.6015625
21.0599994659424	173.830078125
21.0799999237061	225.218734741211
21.1000003814697	194.720489501953
21.1200008392334	167.759841918945
21.1399993896484	167.469360351563
21.1599998474121	296.131652832031
21.1800003051758	279.485290527344
21.2000007629395	181.537292480469
21.2199993133545	163.147750854492
21.2399997711182	203.12663269043
21.2600002288818	161.447082519531
21.2800006866455	29.5124683380127
21.2999992370605	93.753173828125
21.3199996948242	246.302749633789
21.3400001525879	185.769073486328
21.3600006103516	224.016494750977
21.3799991607666	57.7325439453125
21.3999996185303	210.311859130859
21.4200000762939	169.906234741211
21.4400005340576	267.826812744141
21.4599990844727	145.975616455078
21.4799995422363	84.1067123413086
21.5	110.106674194336
21.5200004577637	200.174072265625
21.5400009155273	247.277404785156
21.5599994659424	164.57600402832
21.5799999237061	210.824920654297
21.6000003814697	183.114776611328
21.6200008392334	207.756072998047
21.6399993896484	201.996429443359
21.6599998474121	186.657821655273
21.6800003051758	164.284484863281
21.7000007629395	79.2575302124023
21.7199993133545	135.346710205078
21.7399997711182	176.672775268555
21.7600002288818	203.192092895508
21.7800006866455	178.840209960938
21.7999992370605	100.396743774414
21.8199996948242	137.094268798828
21.8400001525879	222.248046875
21.8600006103516	99.7537460327148
21.8799991607666	186.708099365234
21.8999996185303	171.646682739258
21.9200000762939	147.580139160156
21.9400005340576	149.975708007813
21.9599990844727	302.149627685547
21.9799995422363	236.917221069336
22	238.500473022461
22.0200004577637	136.795959472656
22.0400009155273	99.199348449707
22.0599994659424	187.87646484375
22.0799999237061	117.459129333496
22.1000003814697	165.745040893555
22.1200008392334	213.775451660156
22.1399993896484	228.605682373047
22.1599998474121	135.342971801758
22.1800003051758	219.563858032227
22.2000007629395	161.325561523438
22.2199993133545	227.575637817383
22.2399997711182	178.02995300293
22.2600002288818	187.397796630859
22.2800006866455	217.987091064453
22.2999992370605	169.262619018555
22.3199996948242	85.2622985839844
22.3400001525879	171.888519287109
22.3600006103516	312.951538085938
22.3799991607666	307.81787109375
22.3999996185303	189.920608520508
22.4200000762939	120.395561218262
22.4400005340576	347.648956298828
22.4599990844727	128.759063720703
22.4799995422363	143.650192260742
22.5	142.976089477539
22.5200004577637	199.391326904297
22.5400009155273	136.931289672852
22.5599994659424	309.631134033203
22.5799999237061	132.553146362305
22.6000003814697	157.316528320313
22.6200008392334	87.6478424072266
22.6399993896484	148.333999633789
22.6599998474121	171.335189819336
22.6800003051758	203.918563842773
22.7000007629395	136.732330322266
22.7199993133545	227.21565246582
22.7399997711182	296.805450439453
22.7600002288818	279.328643798828
22.7800006866455	324.678833007813
22.7999992370605	393.521362304688
22.8199996948242	363.860595703125
22.8400001525879	381.337371826172
22.8600006103516	308.828460693359
22.8799991607666	355.536346435547
22.8999996185303	337.464385986328
22.9200000762939	701.772277832031
22.9400005340576	1118.70190429688
22.9599990844727	1669.5
22.9799995422363	2501.54833984375
23	2568.79296875
23.0200004577637	2181.32958984375
23.0400009155273	1722.15515136719
23.0599994659424	1075.02465820313
23.0799999237061	1109.90075683594
23.1000003814697	695.284484863281
23.1200008392334	318.055419921875
23.1399993896484	318.240783691406
23.1599998474121	323.953491210938
23.1800003051758	295.179779052734
23.2000007629395	306.587890625
23.2199993133545	370.734130859375
23.2399997711182	307.401000976563
23.2600002288818	226.860763549805
23.2800006866455	149.317642211914
23.2999992370605	174.368072509766
23.3199996948242	169.726165771484
23.3400001525879	274.151245117188
23.3600006103516	151.437133789063
23.3799991607666	185.464797973633
23.3999996185303	219.982406616211
23.4200000762939	104.347549438477
23.4400005340576	160.700942993164
23.4599990844727	226.694290161133
23.4799995422363	170.336883544922
23.5	231.739151000977
23.5200004577637	173.654510498047
23.5400009155273	204.951400756836
23.5599994659424	230.779846191406
23.5799999237061	247.427169799805
23.6000003814697	224.659683227539
23.6200008392334	144.840515136719
23.6399993896484	114.458595275879
23.6599998474121	201.705810546875
23.6800003051758	106.484687805176
23.7000007629395	231.67317199707
23.7199993133545	92.9094848632813
23.7399997711182	204.874374389648
23.7600002288818	175.547409057617
23.7800006866455	281.8876953125
23.7999992370605	192.755966186523
23.8199996948242	146.774780273438
23.8400001525879	267.327026367188
23.8600006103516	148.023086547852
23.8799991607666	160.388076782227
23.8999996185303	124.192749023438
23.9200000762939	124.876533508301
23.9400005340576	203.636383056641
23.9599990844727	240.435531616211
23.9799995422363	207.604202270508
24	266.649108886719
24.0200004577637	142.796981811523
24.0400009155273	50.8822822570801
24.0599994659424	17.990140914917
24.0799999237061	267.259155273438
24.1000003814697	112.634033203125
24.1200008392334	163.688079833984
24.1399993896484	326.238647460938
24.1599998474121	212.207901000977
24.1800003051758	97.3291168212891
24.2000007629395	119.705581665039
24.2199993133545	223.013580322266
24.2399997711182	175.777709960938
24.2600002288818	261.533447265625
24.2800006866455	215.170867919922
24.2999992370605	40.5459594726563
24.3199996948242	230.277404785156
24.3400001525879	119.220756530762
24.3600006103516	106.68514251709
24.3799991607666	183.859512329102
24.3999996185303	191.446319580078
24.4200000762939	178.131103515625
24.4400005340576	171.598617553711
24.4599990844727	119.829536437988
24.4799995422363	162.502853393555
24.5	250.394287109375
24.5200004577637	129.156875610352
24.5400009155273	174.688888549805
24.5599994659424	197.985443115234
24.5799999237061	250.767547607422
24.6000003814697	237.440673828125
24.6200008392334	255.861129760742
24.6399993896484	206.725143432617
24.6599998474121	152.601715087891
24.6800003051758	208.911361694336
24.7000007629395	207.140106201172
24.7199993133545	175.2939453125
24.7399997711182	174.59326171875
24.7600002288818	148.22998046875
24.7800006866455	141.597259521484
24.7999992370605	161.937362670898
24.8199996948242	202.011337280273
24.8400001525879	238.806991577148
24.8600006103516	349.374481201172
24.8799991607666	252.853317260742
24.8999996185303	226.532165527344
24.9200000762939	255.689956665039
24.9400005340576	339.523742675781
24.9599990844727	316.336608886719
24.9799995422363	360.471282958984
25	429.193420410156
25.0200004577637	430.97265625
25.0400009155273	484.231048583984
25.0599994659424	555.378295898438
25.0799999237061	655.318359375
25.1000003814697	790.245178222656
25.1200008392334	1143.80029296875
25.1399993896484	1368.45324707031
25.1599998474121	2587.40649414063
25.1800003051758	4935.27099609375
25.2000007629395	8444.0703125
25.2199993133545	8288.3779296875
25.2399997711182	6564.7333984375
25.2600002288818	6922.14697265625
25.2800006866455	5835.349609375
25.2999992370605	3361.74975585938
25.3199996948242	2507.48388671875
25.3400001525879	1571.17175292969
25.3600006103516	917.91748046875
25.3799991607666	713.645629882813
25.3999996185303	514.525451660156
25.4200000762939	453.282409667969
25.4400005340576	493.127532958984
25.4599990844727	424.192108154297
25.4799995422363	411.261199951172
25.5	226.841705322266
25.5200004577637	365.249847412109
25.5400009155273	219.752853393555
25.5599994659424	255.905715942383
25.5799999237061	247.164260864258
25.6000003814697	216.240127563477
25.6200008392334	192.561370849609
25.6399993896484	183.347351074219
25.6599998474121	181.114151000977
25.6800003051758	196.891128540039
25.7000007629395	206.008392333984
25.7199993133545	182.843658447266
25.7399997711182	94.7439727783203
25.7600002288818	317.881896972656
25.7800006866455	249.220306396484
25.7999992370605	175.787460327148
25.8199996948242	101.58277130127
25.8400001525879	174.146530151367
25.8600006103516	186.484619140625
25.8799991607666	254.677474975586
25.8999996185303	128.476531982422
25.9200000762939	209.940444946289
25.9400005340576	182.09831237793
25.9599990844727	260.005004882813
25.9799995422363	238.064834594727
26	315.516326904297
26.0200004577637	158.838165283203
26.0400009155273	206.14533996582
26.0599994659424	159.003875732422
26.0799999237061	283.928405761719
26.1000003814697	268.485198974609
26.1200008392334	272.431121826172
26.1399993896484	228.850402832031
26.1599998474121	203.705535888672
26.1800003051758	107.831993103027
26.2000007629395	228.860977172852
26.2199993133545	161.330413818359
26.2399997711182	200.173080444336
26.2600002288818	259.532318115234
26.2800006866455	209.473007202148
26.2999992370605	136.959732055664
26.3199996948242	199.212509155273
26.3400001525879	244.299697875977
26.3600006103516	184.652587890625
26.3799991607666	216.880920410156
26.3999996185303	128.377838134766
26.4200000762939	262.910095214844
26.4400005340576	382.767242431641
26.4599990844727	184.270858764648
26.4799995422363	213.559219360352
26.5	195.204895019531
26.5200004577637	299.670043945313
26.5400009155273	158.428466796875
26.5599994659424	155.796600341797
26.5799999237061	201.693862915039
26.6000003814697	133.771209716797
26.6200008392334	42.1691513061523
26.6399993896484	158.776977539063
26.6599998474121	143.277969360352
26.6800003051758	325.473937988281
26.7000007629395	237.384231567383
26.7199993133545	254.919555664063
26.7399997711182	106.506744384766
26.7600002288818	131.672256469727
26.7800006866455	223.846237182617
26.7999992370605	223.862487792969
26.8199996948242	225.53044128418
26.8400001525879	175.604370117188
26.8600006103516	199.71728515625
26.8799991607666	146.080749511719
26.8999996185303	226.064331054688
26.9200000762939	219.603225708008
26.9400005340576	295.847534179688
26.9599990844727	161.56965637207
26.9799995422363	264.453826904297
27	295.858734130859
27.0200004577637	182.400436401367
27.0400009155273	143.430465698242
27.0599994659424	184.205276489258
27.0799999237061	227.753402709961
27.1000003814697	146.055297851563
27.1200008392334	239.665908813477
27.1399993896484	94.4413909912109
27.1599998474121	251.137893676758
27.1800003051758	259.774536132813
27.2000007629395	311.075347900391
27.2199993133545	269.39599609375
27.2399997711182	268.122985839844
27.2600002288818	253.003646850586
27.2800006866455	213.193313598633
27.2999992370605	396.045227050781
27.3199996948242	507.542877197266
27.3400001525879	430.824523925781
27.3600006103516	397.094970703125
27.3799991607666	341.682495117188
27.3999996185303	601.576354980469
27.4200000762939	563.90576171875
27.4400005340576	698.483703613281
27.4599990844727	1247.13403320313
27.4799995422363	2144.57470703125
27.5	3536.23046875
27.5200004577637	3832.91259765625
27.5400009155273	2585.91455078125
27.5599994659424	2761.16870117188
27.5799999237061	2411.7890625
27.6000003814697	1694.91137695313
27.6200008392334	1312.75634765625
27.6399993896484	939.129333496094
27.6599998474121	452.099853515625
27.6800003051758	365.784881591797
27.7000007629395	419.2744140625
27.7199993133545	401.999938964844
27.7399997711182	446.624603271484
27.7600002288818	279.821136474609
27.7800006866455	253.979522705078
27.7999992370605	150.934265136719
27.8199996948242	281.409851074219
27.8400001525879	228.885772705078
27.8600006103516	210.7099609375
27.8799991607666	170.363830566406
27.8999996185303	159.380126953125
27.9200000762939	317.342590332031
27.9400005340576	173.469635009766
27.9599990844727	163.377029418945
27.9799995422363	287.445709228516
28	236.912841796875
28.0200004577637	43.4299621582031
28.0400009155273	246.104843139648
28.0599994659424	249.290542602539
28.0799999237061	146.840545654297
28.1000003814697	139.734558105469
28.1200008392334	257.68994140625
28.1399993896484	149.06428527832
28.1599998474121	167.006881713867
28.1800003051758	191.549606323242
28.2000007629395	226.497344970703
28.2199993133545	138.08171081543
28.2399997711182	202.526321411133
28.2600002288818	273.335144042969
28.2800006866455	237.625305175781
28.2999992370605	187.465377807617
28.3199996948242	147.097351074219
28.3400001525879	281.628234863281
28.3600006103516	229.65087890625
28.3799991607666	240.346405029297
28.3999996185303	244.095199584961
28.4200000762939	210.815765380859
28.4400005340576	219.316680908203
28.4599990844727	193.760559082031
28.4799995422363	284.668426513672
28.5	227.001754760742
28.5200004577637	265.664276123047
28.5400009155273	186.728012084961
28.5599994659424	250.514877319336
28.5799999237061	220.849838256836
28.6000003814697	148.344604492188
28.6200008392334	195.058120727539
28.6399993896484	249.538833618164
28.6599998474121	185.357269287109
28.6800003051758	212.831680297852
28.7000007629395	312.373413085938
28.7199993133545	231.865234375
28.7399997711182	178.456405639648
28.7600002288818	265.074005126953
28.7800006866455	171.579162597656
28.7999992370605	236.548568725586
28.8199996948242	223.21662902832
28.8400001525879	106.866325378418
28.8600006103516	133.017974853516
28.8799991607666	98.762580871582
28.8999996185303	107.994384765625
28.9200000762939	285.818542480469
28.9400005340576	254.842269897461
28.9599990844727	156.702560424805
28.9799995422363	219.161376953125
29	144.534866333008
29.0200004577637	251.145446777344
29.0400009155273	301.369140625
29.0599994659424	303.36083984375
29.0799999237061	384.419921875
29.1000003814697	256.032653808594
29.1200008392334	413.465362548828
29.1399993896484	437.714080810547
29.1599998474121	553.400756835938
29.1800003051758	861.932800292969
29.2000007629395	1054.76892089844
29.2199993133545	826.827270507813
29.2399997711182	815.495666503906
29.2600002288818	796.591369628906
29.2800006866455	649.560424804688
29.2999992370605	493.160186767578
29.3199996948242	367.437866210938
29.3400001525879	277.035919189453
29.3600006103516	281.561096191406
29.3799991607666	304.172332763672
29.3999996185303	242.845947265625
29.4200000762939	205.521301269531
29.4400005340576	217.752990722656
29.4599990844727	213.124938964844
29.4799995422363	186.77912902832
29.5	220.279571533203
29.5200004577637	161.52587890625
29.5400009155273	172.861236572266
29.5599994659424	202.526123046875
29.5799999237061	148.636352539063
29.6000003814697	164.471923828125
29.6200008392334	229.103805541992
29.6399993896484	290.763122558594
29.6599998474121	166.495544433594
29.6800003051758	145.398834228516
29.7000007629395	230.002182006836
29.7199993133545	115.342697143555
29.7399997711182	325.645233154297
29.7600002288818	91.0809173583984
29.7800006866455	173.205184936523
29.7999992370605	281.156524658203
29.8199996948242	282.035919189453
29.8400001525879	193.531097412109
29.8600006103516	170.023651123047
29.8799991607666	99.80126953125
29.8999996185303	166.369506835938
29.9200000762939	187.835876464844
29.9400005340576	156.13508605957
29.9599990844727	113.364219665527
29.9799995422363	179.078109741211
30	316.346099853516
30.0200004577637	102.392250061035
30.0400009155273	214.76969909668
30.0599994659424	225.21125793457
30.0799999237061	180.810501098633
30.1000003814697	160.914764404297
30.1200008392334	200.742111206055
30.1399993896484	216.468048095703
30.1599998474121	112.919464111328
30.1800003051758	205.174682617188
30.2000007629395	150.804977416992
30.2199993133545	233.98681640625
30.2399997711182	158.221252441406
30.2600002288818	232.562377929688
30.2800006866455	210.490600585938
30.2999992370605	206.182052612305
30.3199996948242	239.072143554688
30.3400001525879	152.071670532227
30.3600006103516	137.651565551758
30.3799991607666	113.932167053223
30.3999996185303	244.925765991211
30.4200000762939	212.429077148438
30.4400005340576	118.872512817383
30.4599990844727	161.998031616211
30.4799995422363	186.952056884766
30.5	230.059860229492
30.5200004577637	204.213516235352
30.5400009155273	185.317581176758
30.5599994659424	208.137680053711
30.5799999237061	344.077484130859
30.6000003814697	125.914443969727
30.6200008392334	190.392868041992
30.6399993896484	149.272277832031
30.6599998474121	102.875633239746
30.6800003051758	227.112243652344
30.7000007629395	306.767517089844
30.7199993133545	172.698822021484
30.7399997711182	182.076354980469
30.7600002288818	174.081512451172
30.7800006866455	160.150283813477
30.7999992370605	153.858947753906
30.8199996948242	137.042236328125
30.8400001525879	194.355377197266
30.8600006103516	291.268615722656
30.8799991607666	129.518692016602
30.8999996185303	167.136810302734
30.9200000762939	235.219314575195
30.9400005340576	241.396209716797
30.9599990844727	165.575973510742
30.9799995422363	240.009353637695
31	322.126373291016
31.0200004577637	148.039108276367
31.0400009155273	338.224395751953
31.0599994659424	161.032440185547
31.0799999237061	425.122161865234
31.1000003814697	254.16064453125
31.1200008392334	236.847686767578
31.1399993896484	273.755554199219
31.1599998474121	213.819305419922
31.1800003051758	237.120407104492
31.2000007629395	137.420257568359
31.2199993133545	278.444915771484
31.2399997711182	180.936935424805
31.2600002288818	243.669921875
31.2800006866455	128.90510559082
31.2999992370605	106.476066589355
31.3199996948242	181.311141967773
31.3400001525879	118.391494750977
31.3600006103516	236.42253112793
31.3799991607666	214.219329833984
31.3999996185303	148.018142700195
31.4200000762939	136.078277587891
31.4400005340576	228.944808959961
31.4599990844727	186.398162841797
31.4799995422363	296.768798828125
31.5	234.297714233398
31.5200004577637	208.647705078125
31.5400009155273	275.6572265625
31.5599994659424	204.822387695313
31.5799999237061	223.036392211914
31.6000003814697	90.518928527832
31.6200008392334	329.935882568359
31.6399993896484	151.342742919922
31.6599998474121	101.054260253906
31.6800003051758	264.054962158203
31.7000007629395	115.017036437988
31.7199993133545	220.321990966797
31.7399997711182	273.502014160156
31.7600002288818	176.23503112793
31.7800006866455	225.614730834961
31.7999992370605	232.623596191406
31.8199996948242	155.108520507813
31.8400001525879	219.125518798828
31.8600006103516	134.425994873047
31.8799991607666	180.393310546875
31.8999996185303	111.970008850098
31.9200000762939	157.54216003418
31.9400005340576	162.54606628418
31.9599990844727	224.553176879883
31.9799995422363	84.3734588623047
32	159.269515991211
32.0200004577637	189.445266723633
32.0400009155273	134.882415771484
32.060001373291	197.639556884766
32.0800018310547	182.543380737305
32.0999984741211	224.686584472656
32.1199989318848	189.442855834961
32.1399993896484	208.793640136719
32.1599998474121	70.2433013916016
32.1800003051758	291.901916503906
32.2000007629395	252.140884399414
32.2200012207031	197.757217407227
32.2400016784668	311.037689208984
32.2599983215332	215.279357910156
32.2799987792969	222.746231079102
32.2999992370605	196.915344238281
32.3199996948242	222.38459777832
32.3400001525879	135.397918701172
32.3600006103516	116.311431884766
32.3800010681152	320.271881103516
32.4000015258789	132.883148193359
32.4199981689453	247.977264404297
32.439998626709	184.228149414063
32.4599990844727	200.256683349609
32.4799995422363	160.193710327148
32.5	186.886581420898
32.5200004577637	74.9434661865234
32.5400009155273	276.728149414063
32.560001373291	203.678207397461
32.5800018310547	98.8632354736328
32.5999984741211	121.818786621094
32.6199989318848	225.030258178711
32.6399993896484	187.069351196289
32.6599998474121	196.374847412109
32.6800003051758	146.296188354492
32.7000007629395	106.975570678711
32.7200012207031	209.277709960938
32.7400016784668	41.6774253845215
32.7599983215332	68.4026794433594
32.7799987792969	115.882797241211
32.7999992370605	167.711074829102
32.8199996948242	183.634536743164
32.8400001525879	130.283630371094
32.8600006103516	119.703536987305
32.8800010681152	215.450637817383
32.9000015258789	68.1347808837891
32.9199981689453	183.905242919922
32.939998626709	200.233062744141
32.9599990844727	106.724906921387
32.9799995422363	150.083404541016
33	147.932250976563
33.0200004577637	185.698150634766
33.0400009155273	141.770660400391
33.060001373291	201.87272644043
33.0800018310547	242.12532043457
33.0999984741211	247.362167358398
33.1199989318848	259.206359863281
33.1399993896484	168.577774047852
33.1599998474121	176.428100585938
33.1800003051758	154.515838623047
33.2000007629395	112.730117797852
33.2200012207031	201.520843505859
33.2400016784668	124.854454040527
33.2599983215332	154.95849609375
33.2799987792969	128.899108886719
33.2999992370605	282.422454833984
33.3199996948242	154.337768554688
33.3400001525879	98.0571517944336
33.3600006103516	88.4764175415039
33.3800010681152	182.518569946289
33.4000015258789	228.634719848633
33.4199981689453	117.891983032227
33.439998626709	223.270141601563
33.4599990844727	161.341278076172
33.4799995422363	171.265823364258
33.5	213.430099487305
33.5200004577637	119.833297729492
33.5400009155273	108.282409667969
33.560001373291	109.283599853516
33.5800018310547	70.0882415771484
33.5999984741211	181.729782104492
33.6199989318848	90.3316497802734
33.6399993896484	180.163192749023
33.6599998474121	180.015167236328
33.6800003051758	227.198974609375
33.7000007629395	72.82177734375
33.7200012207031	123.075233459473
33.7400016784668	187.11589050293
33.7599983215332	100.036460876465
33.7799987792969	214.750091552734
33.7999992370605	92.2740707397461
33.8199996948242	380.713317871094
33.8400001525879	145.43620300293
33.8600006103516	264.256469726563
33.8800010681152	110.258277893066
33.9000015258789	245.411026000977
33.9199981689453	138.072021484375
33.939998626709	198.04719543457
33.9599990844727	298.328399658203
33.9799995422363	122.717613220215
34	154.566787719727
34.0200004577637	230.615081787109
34.0400009155273	127.841621398926
34.060001373291	194.647994995117
34.0800018310547	80.158073425293
34.0999984741211	78.3789672851563
34.1199989318848	175.987350463867
34.1399993896484	147.526992797852
34.1599998474121	92.6425933837891
34.1800003051758	140.463272094727
34.2000007629395	186.285690307617
34.2200012207031	248.861968994141
34.2400016784668	136.999542236328
34.2599983215332	185.820648193359
34.2799987792969	117.950042724609
34.2999992370605	149.958358764648
34.3199996948242	255.783233642578
34.3400001525879	231.572113037109
34.3600006103516	208.137481689453
34.3800010681152	256.017242431641
34.4000015258789	127.118812561035
34.4199981689453	150.867050170898
34.439998626709	133.496505737305
34.4599990844727	46.0260047912598
34.4799995422363	0
34.5	141.426788330078
34.5200004577637	137.693756103516
34.5400009155273	206.586120605469
34.560001373291	80.3247833251953
34.5800018310547	276.358306884766
34.5999984741211	163.757720947266
34.6199989318848	254.266357421875
34.6399993896484	103.469184875488
34.6599998474121	161.631530761719
34.6800003051758	94.572135925293
34.7000007629395	236.159927368164
34.7200012207031	168.231689453125
34.7400016784668	156.698806762695
34.7599983215332	73.249641418457
34.7799987792969	187.58625793457
34.7999992370605	167.704605102539
34.8199996948242	146.996109008789
34.8400001525879	259.106597900391
34.8600006103516	200.193237304688
34.8800010681152	179.152450561523
34.9000015258789	230.764465332031
34.9199981689453	179.833557128906
34.939998626709	126.56160736084
34.9599990844727	47.0610847473145
34.9799995422363	176.825332641602
35	211.621276855469
35.0200004577637	143.014251708984
35.0400009155273	137.699615478516
35.060001373291	164.203598022461
35.0800018310547	276.998962402344
35.0999984741211	103.045433044434
35.1199989318848	120.547660827637
35.1399993896484	184.912261962891
35.1599998474121	158.069183349609
35.1800003051758	134.950073242188
35.2000007629395	103.151298522949
35.2200012207031	73.1524810791016
35.2400016784668	269.717590332031
35.2599983215332	246.90055847168
35.2799987792969	94.9378967285156
35.2999992370605	63.5816650390625
35.3199996948242	125.940002441406
35.3400001525879	116.459251403809
35.3600006103516	233.751495361328
35.3800010681152	207.411483764648
35.4000015258789	158.693176269531
35.4199981689453	93.4223709106445
35.439998626709	159.740112304688
35.4599990844727	125.986038208008
35.4799995422363	105.119300842285
35.5	259.795806884766
35.5200004577637	142.01123046875
35.5400009155273	253.841705322266
35.560001373291	99.973388671875
35.5800018310547	128.362350463867
35.5999984741211	226.388748168945
35.6199989318848	123.651176452637
35.6399993896484	163.823577880859
35.6599998474121	150.909576416016
35.6800003051758	152.629913330078
35.7000007629395	225.118606567383
35.7200012207031	148.842498779297
35.7400016784668	176.012725830078
35.7599983215332	123.48690032959
35.7799987792969	141.647979736328
35.7999992370605	204.695297241211
35.8199996948242	156.606781005859
35.8400001525879	190.026992797852
35.8600006103516	131.319763183594
35.8800010681152	307.204345703125
35.9000015258789	177.610198974609
35.9199981689453	227.256958007813
35.939998626709	156.654037475586
35.9599990844727	134.853012084961
35.9799995422363	210.385360717773
36	121.633583068848
36.0200004577637	124.92635345459
36.0400009155273	228.124725341797
36.060001373291	82.5983428955078
36.0800018310547	189.846878051758
36.0999984741211	234.245727539063
36.1199989318848	120.187377929688
36.1399993896484	105.330368041992
36.1599998474121	155.384231567383
36.1800003051758	108.87377166748
36.2000007629395	195.235275268555
36.2200012207031	196.747772216797
36.2400016784668	82.7561874389648
36.2599983215332	177.708847045898
36.2799987792969	134.592788696289
36.2999992370605	166.251083374023
36.3199996948242	174.752319335938
36.3400001525879	191.641723632813
36.3600006103516	211.516906738281
36.3800010681152	180.219299316406
36.4000015258789	140.331893920898
36.4199981689453	179.862564086914
36.439998626709	225.416412353516
36.4599990844727	229.829528808594
36.4799995422363	48.3479957580566
36.5	159.204879760742
36.5200004577637	208.001495361328
36.5400009155273	128.967636108398
36.560001373291	100.934745788574
36.5800018310547	79.8989105224609
36.5999984741211	189.098236083984
36.6199989318848	148.206802368164
36.6399993896484	159.069808959961
36.6599998474121	124.768943786621
36.6800003051758	215.668838500977
36.7000007629395	2.7471067905426
36.7200012207031	158.456649780273
36.7400016784668	77.3309860229492
36.7599983215332	150.593551635742
36.7799987792969	57.4789695739746
36.7999992370605	173.015701293945
36.8199996948242	53.4030647277832
36.8400001525879	61.0476379394531
36.8600006103516	54.9517059326172
36.8800010681152	227.635696411133
36.9000015258789	216.962280273438
36.9199981689453	134.147811889648
36.939998626709	60.31494140625
36.9599990844727	170.328582763672
36.9799995422363	155.633590698242
37	211.51448059082
37.0200004577637	91.9772872924805
37.0400009155273	120.149063110352
37.060001373291	233.322631835938
37.0800018310547	193.269607543945
37.0999984741211	144.193099975586
37.1199989318848	159.844329833984
37.1399993896484	170.734008789063
37.1599998474121	137.596115112305
37.1800003051758	154.763153076172
37.2000007629395	241.340209960938
37.2200012207031	184.382400512695
37.2400016784668	225.372955322266
37.2599983215332	161.029922485352
37.2799987792969	241.110870361328
37.2999992370605	173.104202270508
37.3199996948242	169.777404785156
37.3400001525879	179.160903930664
37.3600006103516	162.371276855469
37.3800010681152	203.001251220703
37.4000015258789	141.336669921875
37.4199981689453	34.6568756103516
37.439998626709	99.6116790771484
37.4599990844727	159.45280456543
37.4799995422363	215.434692382813
37.5	193.870941162109
37.5200004577637	279.622863769531
37.5400009155273	293.110168457031
37.560001373291	131.911437988281
37.5800018310547	171.474029541016
37.5999984741211	302.837890625
37.6199989318848	249.569778442383
37.6399993896484	150.887069702148
37.6599998474121	204.10725402832
37.6800003051758	157.685119628906
37.7000007629395	188.01432800293
37.7200012207031	189.056823730469
37.7400016784668	184.838821411133
37.7599983215332	92.488883972168
37.7799987792969	135.612274169922
37.7999992370605	140.415283203125
37.8199996948242	64.0759124755859
37.8400001525879	103.108131408691
37.8600006103516	163.398941040039
37.8800010681152	180.299896240234
37.9000015258789	92.6696929931641
37.9199981689453	127.388496398926
37.939998626709	211.276885986328
37.9599990844727	205.01741027832
37.9799995422363	233.326065063477
38	173.090057373047
38.0200004577637	237.68473815918
38.0400009155273	395.296417236328
38.060001373291	170.21842956543
38.0800018310547	267.592559814453
38.0999984741211	278.334167480469
38.1199989318848	368.886627197266
38.1399993896484	374.319976806641
38.1599998474121	422.267974853516
38.1800003051758	570.648864746094
38.2000007629395	1064.83654785156
38.2200012207031	1390.87829589844
38.2400016784668	1208.65515136719
38.2599983215332	852.686279296875
38.2799987792969	912.862121582031
38.2999992370605	889.150817871094
38.3199996948242	1004.17156982422
38.3400001525879	800.022705078125
38.3600006103516	451.467132568359
38.3800010681152	392.779632568359
38.4000015258789	309.943298339844
38.4199981689453	227.868499755859
38.439998626709	280.345092773438
38.4599990844727	280.474761962891
38.4799995422363	278.014862060547
38.5	156.789627075195
38.5200004577637	235.93424987793
38.5400009155273	297.070434570313
38.560001373291	308.984069824219
38.5800018310547	288.105895996094
38.5999984741211	122.657928466797
38.6199989318848	224.837387084961
38.6399993896484	140.233108520508
38.6599998474121	261.214569091797
38.6800003051758	111.256843566895
38.7000007629395	53.1134796142578
38.7200012207031	219.366333007813
38.7400016784668	278.269897460938
38.7599983215332	156.623229980469
38.7799987792969	96.3062286376953
38.7999992370605	54.9065284729004
38.8199996948242	200.647506713867
38.8400001525879	272.625610351563
38.8600006103516	175.330047607422
38.8800010681152	232.061233520508
38.9000015258789	49.9029960632324
38.9199981689453	124.839157104492
38.939998626709	113.95174407959
38.9599990844727	168.947952270508
38.9799995422363	289.043884277344
39	134.278396606445
39.0200004577637	124.347328186035
39.0400009155273	119.299240112305
39.060001373291	158.898864746094
39.0800018310547	225.336837768555
39.0999984741211	114.150108337402
39.1199989318848	148.449981689453
39.1399993896484	155.630966186523
39.1599998474121	166.679122924805
39.1800003051758	230.18391418457
39.2000007629395	191.523574829102
39.2200012207031	171.160385131836
39.2400016784668	127.673149108887
39.2599983215332	166.897918701172
39.2799987792969	158.378784179688
39.2999992370605	209.47575378418
39.3199996948242	270.184265136719
39.3400001525879	155.862884521484
39.3600006103516	157.835159301758
39.3800010681152	185.681976318359
39.4000015258789	163.929580688477
39.4199981689453	141.807464599609
39.439998626709	220.506286621094
39.4599990844727	124.385986328125
39.4799995422363	163.626358032227
39.5	201.597640991211
39.5200004577637	218.836135864258
39.5400009155273	192.403778076172
39.560001373291	143.98291015625
39.5800018310547	137.587860107422
39.5999984741211	124.652770996094
39.6199989318848	162.543975830078
39.6399993896484	161.582992553711
39.6599998474121	114.865165710449
39.6800003051758	129.751892089844
39.7000007629395	184.453948974609
39.7200012207031	215.610580444336
39.7400016784668	133.416397094727
39.7599983215332	202.964431762695
39.7799987792969	182.832427978516
39.7999992370605	304.899871826172
39.8199996948242	145.585357666016
39.8400001525879	182.111557006836
39.8600006103516	273.334503173828
39.8800010681152	184.683868408203
39.9000015258789	218.212478637695
39.9199981689453	182.875183105469
39.939998626709	204.975341796875
39.9599990844727	179.869888305664
39.9799995422363	289.270141601563
40	182.56477355957
40.0200004577637	187.724838256836
40.0400009155273	216.792266845703
40.060001373291	277.020874023438
40.0800018310547	168.905227661133
40.0999984741211	201.011459350586
40.1199989318848	153.886825561523
40.1399993896484	152.637954711914
40.1599998474121	363.081817626953
40.1800003051758	455.114532470703
40.2000007629395	400.593200683594
40.2200012207031	375.972351074219
40.2400016784668	428.991149902344
40.2599983215332	477.692321777344
40.2799987792969	618.1005859375
40.2999992370605	615.166076660156
40.3199996948242	796.438781738281
40.3400001525879	992.5224609375
40.3600006103516	1824.28308105469
40.3800010681152	3814.92504882813
40.4000015258789	5320.0615234375
40.4199981689453	4172.455078125
40.439998626709	3349.71557617188
40.4599990844727	2607.19921875
40.4799995422363	2436.3154296875
40.5	3248.005859375
40.5200004577637	2811.47045898438
40.5400009155273	1948.23278808594
40.560001373291	1502.37976074219
40.5800018310547	769.597778320313
40.5999984741211	481.402038574219
40.6199989318848	500.151458740234
40.6399993896484	499.142822265625
40.6599998474121	381.021484375
40.6800003051758	284.013427734375
40.7000007629395	227.957412719727
40.7200012207031	216.934509277344
40.7400016784668	316.494506835938
40.7599983215332	265.134918212891
40.7799987792969	115.842880249023
40.7999992370605	177.336318969727
40.8199996948242	299.918273925781
40.8400001525879	126.406806945801
40.8600006103516	179.171325683594
40.8800010681152	291.934112548828
40.9000015258789	213.360366821289
40.9199981689453	200.136642456055
40.939998626709	291.073913574219
40.9599990844727	173.247894287109
40.9799995422363	184.173309326172
41	185.271453857422
41.0200004577637	321.302734375
41.0400009155273	314.1953125
41.060001373291	122.085472106934
41.0800018310547	204.910171508789
41.0999984741211	210.96452331543
41.1199989318848	102.019187927246
41.1399993896484	224.660903930664
41.1599998474121	290.932800292969
41.1800003051758	262.863128662109
41.2000007629395	216.002807617188
41.2200012207031	168.294677734375
41.2400016784668	159.202239990234
41.2599983215332	183.621398925781
41.2799987792969	236.808288574219
41.2999992370605	181.943496704102
41.3199996948242	211.928833007813
41.3400001525879	281.390258789063
41.3600006103516	199.872314453125
41.3800010681152	247.282302856445
41.4000015258789	305.187652587891
41.4199981689453	266.7060546875
41.439998626709	291.98828125
41.4599990844727	164.624496459961
41.4799995422363	280.499267578125
41.5	258.154846191406
41.5200004577637	286.586639404297
41.5400009155273	348.176544189453
41.560001373291	391.106811523438
41.5800018310547	511.890960693359
41.5999984741211	604.68798828125
41.6199989318848	798.764770507813
41.6399993896484	612.915161132813
41.6599998474121	765.058532714844
41.6800003051758	1024.43579101563
41.7000007629395	1159.18237304688
41.7200012207031	2109.68286132813
41.7400016784668	3155.75732421875
41.7599983215332	6469.07861328125
41.7799987792969	9611.779296875
41.7999992370605	8408.388671875
41.8199996948242	5706.2822265625
41.8400001525879	4291.92626953125
41.8600006103516	4056.13818359375
41.8800010681152	5686.6708984375
41.9000015258789	5699.60888671875
41.9199981689453	4264.96923828125
41.939998626709	2807.94213867188
41.9599990844727	1778.70642089844
41.9799995422363	1232.31665039063
42	795.868347167969
42.0200004577637	723.483825683594
42.0400009155273	505.792602539063
42.060001373291	475.235656738281
42.0800018310547	440.988067626953
42.0999984741211	368.114562988281
42.1199989318848	395.482482910156
42.1399993896484	383.487243652344
42.1599998474121	336.532928466797
42.1800003051758	204.019439697266
42.2000007629395	228.041534423828
42.2200012207031	330.614227294922
42.2400016784668	277.336395263672
42.2599983215332	197.04866027832
42.2799987792969	286.261840820313
42.2999992370605	216.934387207031
42.3199996948242	304.86962890625
42.3400001525879	152.897033691406
42.3600006103516	232.45686340332
42.3800010681152	301.922119140625
42.4000015258789	436.418670654297
42.4199981689453	277.902160644531
42.439998626709	292.372192382813
42.4599990844727	251.181564331055
42.4799995422363	288.469299316406
42.5	267.918334960938
42.5200004577637	296.058532714844
42.5400009155273	215.260208129883
42.560001373291	161.421569824219
42.5800018310547	227.032806396484
42.5999984741211	258.760620117188
42.6199989318848	264.264465332031
42.6399993896484	130.210403442383
42.6599998474121	140.587463378906
42.6800003051758	201.589828491211
42.7000007629395	207.008834838867
42.7200012207031	140.774993896484
42.7400016784668	240.469009399414
42.7599983215332	222.374313354492
42.7799987792969	337.179779052734
42.7999992370605	224.727890014648
42.8199996948242	212.353530883789
42.8400001525879	180.728866577148
42.8600006103516	210.52766418457
42.8800010681152	222.154891967773
42.9000015258789	249.620468139648
42.9199981689453	250.449401855469
42.939998626709	146.000595092773
42.9599990844727	247.127151489258
42.9799995422363	179.157348632813
43	260.228363037109
43.0200004577637	292.379699707031
43.0400009155273	114.474449157715
43.060001373291	188.013046264648
43.0800018310547	152.23567199707
43.0999984741211	286.173492431641
43.1199989318848	121.400909423828
43.1399993896484	195.164916992188
43.1599998474121	314.568572998047
43.1800003051758	267.143035888672
43.2000007629395	289.919189453125
43.2200012207031	307.9140625
43.2400016784668	535.160522460938
43.2599983215332	434.925628662109
43.2799987792969	740.671508789063
43.2999992370605	1040.88903808594
43.3199996948242	888.902893066406
43.3400001525879	652.406372070313
43.3600006103516	607.470458984375
43.3800010681152	422.70654296875
43.4000015258789	614.260681152344
43.4199981689453	703.589294433594
43.439998626709	541.543823242188
43.4599990844727	304.313140869141
43.4799995422363	299.724151611328
43.5	279.950042724609
43.5200004577637	348.380676269531
43.5400009155273	226.311462402344
43.560001373291	312.887969970703
43.5800018310547	214.97004699707
43.5999984741211	226.390655517578
43.6199989318848	279.33935546875
43.6399993896484	189.89958190918
43.6599998474121	121.682739257813
43.6800003051758	89.1993713378906
43.7000007629395	168.06559753418
43.7200012207031	218.689880371094
43.7400016784668	141.510406494141
43.7599983215332	113.054870605469
43.7799987792969	195.807861328125
43.7999992370605	251.054809570313
43.8199996948242	334.608734130859
43.8400001525879	49.6597518920898
43.8600006103516	299.919677734375
43.8800010681152	200.495330810547
43.9000015258789	255.043838500977
43.9199981689453	257.817413330078
43.939998626709	254.633605957031
43.9599990844727	118.377738952637
43.9799995422363	184.084655761719
44	52.2385482788086
44.0200004577637	239.986801147461
44.0400009155273	268.059936523438
44.060001373291	176.773040771484
44.0800018310547	205.37043762207
44.0999984741211	165.101623535156
44.1199989318848	280.384765625
44.1399993896484	133.400543212891
44.1599998474121	257.536743164063
44.1800003051758	191.176330566406
44.2000007629395	147.995254516602
44.2200012207031	97.3282775878906
44.2400016784668	233.944091796875
44.2599983215332	218.634689331055
44.2799987792969	161.283874511719
44.2999992370605	234.894668579102
44.3199996948242	176.861907958984
44.3400001525879	202.20539855957
44.3600006103516	193.549514770508
44.3800010681152	163.747970581055
44.4000015258789	304.383270263672
44.4199981689453	249.501525878906
44.439998626709	126.173271179199
44.4599990844727	279.568420410156
44.4799995422363	211.878662109375
44.5	196.759201049805
44.5200004577637	188.282440185547
44.5400009155273	237.736206054688
44.560001373291	78.6789932250977
44.5800018310547	267.902191162109
44.5999984741211	159.675567626953
44.6199989318848	204.315780639648
44.6399993896484	190.680618286133
44.6599998474121	140.335571289063
44.6800003051758	234.120071411133
44.7000007629395	160.25065612793
44.7200012207031	186.285278320313
44.7400016784668	196.616333007813
44.7599983215332	156.180633544922
44.7799987792969	82.2009658813477
44.7999992370605	230.984420776367
44.8199996948242	122.777992248535
44.8400001525879	211.428146362305
44.8600006103516	183.639251708984
44.8800010681152	304.448181152344
44.9000015258789	225.530212402344
44.9199981689453	78.8391571044922
44.939998626709	84.6746597290039
44.9599990844727	285.835906982422
44.9799995422363	141.854904174805
45	198.530029296875
45.0200004577637	167.476348876953
45.0400009155273	96.0729064941406
45.060001373291	219.06364440918
45.0800018310547	119.117263793945
45.0999984741211	221.579666137695
45.1199989318848	89.5539093017578
45.1399993896484	286.393096923828
45.1599998474121	240.284683227539
45.1800003051758	93.6490936279297
45.2000007629395	152.138885498047
45.2200012207031	193.514892578125
45.2400016784668	121.239433288574
45.2599983215332	217.815887451172
45.2799987792969	150.68896484375
45.2999992370605	143.96305847168
45.3199996948242	157.83073425293
45.3400001525879	199.724838256836
45.3600006103516	237.994232177734
45.3800010681152	234.914398193359
45.4000015258789	233.525619506836
45.4199981689453	233.835556030273
45.439998626709	171.218399047852
45.4599990844727	108.197113037109
45.4799995422363	182.512222290039
45.5	121.940437316895
45.5200004577637	266.141723632813
45.5400009155273	128.612548828125
45.560001373291	147.401443481445
45.5800018310547	165.809295654297
45.5999984741211	183.5166015625
45.6199989318848	107.576156616211
45.6399993896484	268.852630615234
45.6599998474121	134.585083007813
45.6800003051758	165.988128662109
45.7000007629395	117.081359863281
45.7200012207031	207.918594360352
45.7400016784668	281.270416259766
45.7599983215332	242.048751831055
45.7799987792969	265.806060791016
45.7999992370605	283.105133056641
45.8199996948242	256.817687988281
45.8400001525879	428.416137695313
45.8600006103516	367.395935058594
45.8800010681152	408.063262939453
45.9000015258789	334.065582275391
45.9199981689453	248.766067504883
45.939998626709	390.395111083984
45.9599990844727	139.928558349609
45.9799995422363	265.878692626953
46	265.213684082031
46.0200004577637	207.306091308594
46.0400009155273	265.820983886719
46.060001373291	300.104431152344
46.0800018310547	343.792541503906
46.0999984741211	242.062759399414
46.1199989318848	215.893432617188
46.1399993896484	234.191848754883
46.1599998474121	239.025756835938
46.1800003051758	217.883575439453
46.2000007629395	140.710571289063
46.2200012207031	196.847625732422
46.2400016784668	137.895004272461
46.2599983215332	129.9677734375
46.2799987792969	174.73030090332
46.2999992370605	169.826187133789
46.3199996948242	199.264526367188
46.3400001525879	295.926513671875
46.3600006103516	213.114898681641
46.3800010681152	253.596801757813
46.4000015258789	193.453704833984
46.4199981689453	199.534088134766
46.439998626709	240.247497558594
46.4599990844727	201.647750854492
46.4799995422363	219.839599609375
46.5	244.604446411133
46.5200004577637	173.493362426758
46.5400009155273	208.270660400391
46.560001373291	183.31640625
46.5800018310547	140.783248901367
46.5999984741211	207.8837890625
46.6199989318848	169.500747680664
46.6399993896484	46.5156745910645
46.6599998474121	166.987091064453
46.6800003051758	264.907318115234
46.7000007629395	154.236480712891
46.7200012207031	209.577667236328
46.7400016784668	126.59008026123
46.7599983215332	225.90510559082
46.7799987792969	181.787216186523
46.7999992370605	164.067596435547
46.8199996948242	211.737396240234
46.8400001525879	296.268798828125
46.8600006103516	217.494995117188
46.8800010681152	302.677978515625
46.9000015258789	169.679595947266
46.9199981689453	161.974670410156
46.939998626709	225.061370849609
46.9599990844727	327.743957519531
46.9799995422363	539.345825195313
47	981.318481445313
47.0200004577637	885.300720214844
47.0400009155273	693.914855957031
47.060001373291	430.163330078125
47.0800018310547	365.641693115234
47.0999984741211	372.175476074219
47.1199989318848	785.587280273438
47.1399993896484	691.003234863281
47.1599998474121	424.930511474609
47.1800003051758	269.732299804688
47.2000007629395	418.538269042969
47.2200012207031	299.926971435547
47.2400016784668	238.64616394043
47.2599983215332	233.623123168945
47.2799987792969	253.316543579102
47.2999992370605	268.200927734375
47.3199996948242	87.4981842041016
47.3400001525879	166.815475463867
47.3600006103516	272.826995849609
47.3800010681152	294.630065917969
47.4000015258789	236.031219482422
47.4199981689453	85.6429748535156
47.439998626709	191.92317199707
47.4599990844727	183.708908081055
47.4799995422363	150.323715209961
47.5	188.07861328125
47.5200004577637	170.780776977539
47.5400009155273	194.56477355957
47.560001373291	174.837966918945
47.5800018310547	236.225387573242
47.5999984741211	179.490249633789
47.6199989318848	206.710159301758
47.6399993896484	246.270782470703
47.6599998474121	241.795608520508
47.6800003051758	221.155670166016
47.7000007629395	195.869705200195
47.7200012207031	177.83332824707
47.7400016784668	189.17594909668
47.7599983215332	243.086807250977
47.7799987792969	278.9833984375
47.7999992370605	234.592315673828
47.8199996948242	238.274948120117
47.8400001525879	155.821380615234
47.8600006103516	143.875671386719
47.8800010681152	220.862731933594
47.9000015258789	182.745040893555
47.9199981689453	241.534454345703
47.939998626709	147.825424194336
47.9599990844727	88.4822540283203
47.9799995422363	184.547302246094
48	199.708267211914
48.0200004577637	160.422073364258
48.0400009155273	171.084243774414
48.060001373291	209.137817382813
48.0800018310547	235.102081298828
48.0999984741211	131.478607177734
48.1199989318848	130.347686767578
48.1399993896484	163.130065917969
48.1599998474121	188.76252746582
48.1800003051758	171.324569702148
48.2000007629395	249.466812133789
48.2200012207031	186.395965576172
48.2400016784668	246.409790039063
48.2599983215332	286.289184570313
48.2799987792969	165.969177246094
48.2999992370605	232.809371948242
48.3199996948242	149.433074951172
48.3400001525879	177.699966430664
48.3600006103516	200.314346313477
48.3800010681152	200.205703735352
48.4000015258789	157.687149047852
48.4199981689453	267.033264160156
48.439998626709	92.4542617797852
48.4599990844727	223.066452026367
48.4799995422363	154.70751953125
48.5	173.0498046875
48.5200004577637	235.207824707031
48.5400009155273	258.368988037109
48.560001373291	265.753448486328
48.5800018310547	178.638626098633
48.5999984741211	257.957275390625
48.6199989318848	184.705856323242
48.6399993896484	250.754898071289
48.6599998474121	268.168640136719
48.6800003051758	171.653610229492
48.7000007629395	236.036071777344
48.7200012207031	136.823837280273
48.7400016784668	131.58186340332
48.7599983215332	163.084426879883
48.7799987792969	291.758819580078
48.7999992370605	284.651733398438
48.8199996948242	292.371948242188
48.8400001525879	243.239639282227
48.8600006103516	195.263595581055
48.8800010681152	191.300109863281
48.9000015258789	197.101623535156
48.9199981689453	163.126998901367
48.939998626709	203.688247680664
48.9599990844727	235.564376831055
48.9799995422363	185.403961181641
49	317.305908203125
49.0200004577637	266.470123291016
49.0400009155273	306.173919677734
49.060001373291	400.051727294922
49.0800018310547	154.206497192383
49.0999984741211	254.186935424805
49.1199989318848	344.248321533203
49.1399993896484	323.761260986328
49.1599998474121	291.709228515625
49.1800003051758	342.764495849609
49.2000007629395	430.996246337891
49.2200012207031	438.936401367188
49.2400016784668	589.585876464844
49.2599983215332	544.510864257813
49.2799987792969	645.058410644531
49.2999992370605	712.424743652344
49.3199996948242	703.036315917969
49.3400001525879	698.660339355469
49.3600006103516	1048.2021484375
49.3800010681152	1271.51513671875
49.4000015258789	2494.7978515625
49.4199981689453	4694.46875
49.439998626709	7173.794921875
49.4599990844727	7082.0419921875
49.4799995422363	5326.068359375
49.5	3525.85986328125
49.5200004577637	2807.875
49.5400009155273	2707.3974609375
49.560001373291	3832.18994140625
49.5800018310547	5613.8037109375
49.5999984741211	5219.30078125
49.6199989318848	3598.07250976563
49.6399993896484	2389.62744140625
49.6599998474121	1646.21044921875
49.6800003051758	1307.56030273438
49.7000007629395	1274.95104980469
49.7200012207031	1456.5
49.7400016784668	1321.24145507813
49.7599983215332	1008.61877441406
49.7799987792969	639.752563476563
49.7999992370605	630.082580566406
49.8199996948242	507.808685302734
49.8400001525879	307.108612060547
49.8600006103516	421.158752441406
49.8800010681152	387.736907958984
49.9000015258789	404.543975830078
49.9199981689453	410.215667724609
49.939998626709	258.525573730469
49.9599990844727	305.244537353516
49.9799995422363	177.658996582031
50	69.0460739135742
50.0200004577637	300.830780029297
50.0400009155273	270.504486083984
50.060001373291	407.708190917969
50.0800018310547	261.706848144531
50.0999984741211	258.970764160156
50.1199989318848	259.731689453125
50.1399993896484	223.839385986328
50.1599998474121	205.240341186523
50.1800003051758	313.596984863281
50.2000007629395	207.214324951172
50.2200012207031	196.82292175293
50.2400016784668	258.747039794922
50.2599983215332	261.0390625
50.2799987792969	135.725250244141
50.2999992370605	99.4169311523438
50.3199996948242	287.014831542969
50.3400001525879	239.326171875
50.3600006103516	147.978393554688
50.3800010681152	176.623031616211
50.4000015258789	214.220993041992
50.4199981689453	233.700180053711
50.439998626709	260.445434570313
50.4599990844727	196.620971679688
50.4799995422363	245.449340820313
50.5	198.917266845703
50.5200004577637	123.843627929688
50.5400009155273	205.420715332031
50.560001373291	256.311798095703
50.5800018310547	87.6651763916016
50.5999984741211	132.300979614258
50.6199989318848	142.851837158203
50.6399993896484	233.699844360352
50.6599998474121	292.598724365234
50.6800003051758	292.263549804688
50.7000007629395	264.286376953125
50.7200012207031	223.242874145508
50.7400016784668	198.4951171875
50.7599983215332	207.594604492188
50.7799987792969	242.150390625
50.7999992370605	233.78125
50.8199996948242	320.724884033203
50.8400001525879	289.610321044922
50.8600006103516	277.21630859375
50.8800010681152	252.624099731445
50.9000015258789	302.988128662109
50.9199981689453	176.183898925781
50.939998626709	140.729248046875
50.9599990844727	184.512832641602
50.9799995422363	277.207885742188
51	109.360900878906
51.0200004577637	150.884353637695
51.0400009155273	244.378158569336
51.060001373291	259.183410644531
51.0800018310547	264.563842773438
51.0999984741211	269.783111572266
51.1199989318848	290.297515869141
51.1399993896484	219.210433959961
51.1599998474121	335.529968261719
51.1800003051758	420.839111328125
51.2000007629395	675.204650878906
51.2200012207031	499.087127685547
51.2400016784668	454.577178955078
51.2599983215332	345.346893310547
51.2799987792969	287.75732421875
51.2999992370605	249.913818359375
51.3199996948242	402.613952636719
51.3400001525879	323.557952880859
51.3600006103516	331.076873779297
51.3800010681152	421.293304443359
51.4000015258789	234.890106201172
51.4199981689453	302.670837402344
51.439998626709	210.373153686523
51.4599990844727	269.544311523438
51.4799995422363	189.730392456055
51.5	201.791152954102
51.5200004577637	261.616119384766
51.5400009155273	149.808654785156
51.560001373291	300.137451171875
51.5800018310547	296.522155761719
51.5999984741211	197.223327636719
51.6199989318848	188.529846191406
51.6399993896484	204.429870605469
51.6599998474121	155.163452148438
51.6800003051758	224.213150024414
51.7000007629395	221.732284545898
51.7200012207031	261.130187988281
51.7400016784668	351.03369140625
51.7599983215332	444.960327148438
51.7799987792969	607.50927734375
51.7999992370605	649.629943847656
51.8199996948242	521.272399902344
51.8400001525879	544.879028320313
51.8600006103516	362.776550292969
51.8800010681152	317.077514648438
51.9000015258789	343.453918457031
51.9199981689453	423.39990234375
51.939998626709	452.169586181641
51.9599990844727	479.293304443359
51.9799995422363	487.619567871094
52	261.527099609375
52.0200004577637	392.290863037109
52.0400009155273	317.746154785156
52.060001373291	341.265686035156
52.0800018310547	220.544403076172
52.0999984741211	261.38330078125
52.1199989318848	372.455444335938
52.1399993896484	202.581924438477
52.1599998474121	296.712860107422
52.1800003051758	229.548034667969
52.2000007629395	190.66845703125
52.2200012207031	238.97624206543
52.2400016784668	114.998931884766
52.2599983215332	159.598419189453
52.2799987792969	60.3341865539551
52.2999992370605	245.604370117188
52.3199996948242	240.641662597656
52.3400001525879	156.630172729492
52.3600006103516	159.611938476563
52.3800010681152	236.926544189453
52.4000015258789	162.217300415039
52.4199981689453	214.300964355469
52.439998626709	260.423461914063
52.4599990844727	237.464416503906
52.4799995422363	208.749221801758
52.5	281.448883056641
52.5200004577637	196.056381225586
52.5400009155273	186.52571105957
52.560001373291	109.666915893555
52.5800018310547	115.084175109863
52.5999984741211	234.386245727539
52.6199989318848	196.831344604492
52.6399993896484	205.681655883789
52.6599998474121	145.046676635742
52.6800003051758	159.246795654297
52.7000007629395	176.45295715332
52.7200012207031	293.88916015625
52.7400016784668	180.410415649414
52.7599983215332	216.655731201172
52.7799987792969	303.904022216797
52.7999992370605	174.549423217773
52.8199996948242	249.059326171875
52.8400001525879	205.458084106445
52.8600006103516	176.539627075195
52.8800010681152	231.290054321289
52.9000015258789	154.837509155273
52.9199981689453	161.797027587891
52.939998626709	206.269668579102
52.9599990844727	289.230102539063
52.9799995422363	59.5705909729004
53	127.216285705566
53.0200004577637	219.608535766602
53.0400009155273	151.031967163086
53.060001373291	173.648315429688
53.0800018310547	168.046279907227
53.0999984741211	233.165435791016
53.1199989318848	263.044891357422
53.1399993896484	166.257308959961
53.1599998474121	131.68310546875
53.1800003051758	159.436462402344
53.2000007629395	194.974197387695
53.2200012207031	161.213623046875
53.2400016784668	91.8969192504883
53.2599983215332	172.282608032227
53.2799987792969	207.253128051758
53.2999992370605	255.114517211914
53.3199996948242	186.193511962891
53.3400001525879	306.849182128906
53.3600006103516	69.6131286621094
53.3800010681152	277.028564453125
53.4000015258789	131.89143371582
53.4199981689453	197.856811523438
53.439998626709	202.124359130859
53.4599990844727	110.169792175293
53.4799995422363	117.873344421387
53.5	220.832794189453
53.5200004577637	234.268905639648
53.5400009155273	216.287078857422
53.560001373291	136.733337402344
53.5800018310547	159.446960449219
53.5999984741211	164.219802856445
53.6199989318848	180.745315551758
53.6399993896484	224.355575561523
53.6599998474121	325.100860595703
53.6800003051758	194.921142578125
53.7000007629395	281.48779296875
53.7200012207031	282.610076904297
53.7400016784668	287.896209716797
53.7599983215332	91.6698532104492
53.7799987792969	146.473022460938
53.7999992370605	241.587905883789
53.8199996948242	193.891342163086
53.8400001525879	162.124618530273
53.8600006103516	163.687759399414
53.8800010681152	90.7534484863281
53.9000015258789	217.65559387207
53.9199981689453	317.116363525391
53.939998626709	140.794662475586
53.9599990844727	211.576736450195
53.9799995422363	85.8092422485352
54	216.717269897461
54.0200004577637	314.155548095703
54.0400009155273	216.885406494141
54.060001373291	63.4123611450195
54.0800018310547	194.707077026367
54.0999984741211	197.385269165039
54.1199989318848	150.421493530273
54.1399993896484	194.622817993164
54.1599998474121	113.885803222656
54.1800003051758	163.903442382813
54.2000007629395	360.576171875
54.2200012207031	306.487091064453
54.2400016784668	140.805862426758
54.2599983215332	267.872314453125
54.2799987792969	255.175964355469
54.2999992370605	163.397354125977
54.3199996948242	134.297958374023
54.3400001525879	279.104553222656
54.3600006103516	280.131622314453
54.3800010681152	172.039932250977
54.4000015258789	139.777450561523
54.4199981689453	177.525833129883
54.439998626709	141.016494750977
54.4599990844727	205.447158813477
54.4799995422363	251.871841430664
54.5	436.659790039063
54.5200004577637	239.422103881836
54.5400009155273	167.766830444336
54.560001373291	187.833969116211
54.5800018310547	149.993606567383
54.5999984741211	107.632102966309
54.6199989318848	220.484191894531
54.6399993896484	236.560470581055
54.6599998474121	219.328842163086
54.6800003051758	93.4488296508789
54.7000007629395	224.28630065918
54.7200012207031	246.359069824219
54.7400016784668	311.138122558594
54.7599983215332	192.5048828125
54.7799987792969	207.509994506836
54.7999992370605	254.61360168457
54.8199996948242	294.6044921875
54.8400001525879	247.753265380859
54.8600006103516	155.003219604492
54.8800010681152	297.171813964844
54.9000015258789	165.257186889648
54.9199981689453	239.843475341797
54.939998626709	270.640075683594
54.9599990844727	278.950958251953
54.9799995422363	116.499862670898
55	311.567321777344
55.0200004577637	218.320465087891
55.0400009155273	178.821838378906
55.060001373291	127.651496887207
55.0800018310547	283.482299804688
55.0999984741211	214.256317138672
55.1199989318848	361.065093994141
55.1399993896484	272.714813232422
55.1599998474121	214.279556274414
55.1800003051758	225.012817382813
55.2000007629395	212.991134643555
55.2200012207031	204.231292724609
55.2400016784668	314.461883544922
55.2599983215332	243.601608276367
55.2799987792969	195.457672119141
55.2999992370605	227.800186157227
55.3199996948242	264.101501464844
55.3400001525879	158.537368774414
55.3600006103516	307.804229736328
55.3800010681152	163.361541748047
55.4000015258789	202.598693847656
55.4199981689453	143.649871826172
55.439998626709	222.628677368164
55.4599990844727	257.147766113281
55.4799995422363	258.969268798828
55.5	170.456558227539
55.5200004577637	248.854370117188
55.5400009155273	229.287460327148
55.560001373291	235.389358520508
55.5800018310547	181.716888427734
55.5999984741211	226.453506469727
55.6199989318848	192.595336914063
55.6399993896484	136.755935668945
55.6599998474121	203.848449707031
55.6800003051758	207.376480102539
55.7000007629395	273.007110595703
55.7200012207031	190.390411376953
55.7400016784668	222.925994873047
55.7599983215332	139.987838745117
55.7799987792969	177.815933227539
55.7999992370605	271.417388916016
55.8199996948242	291.52001953125
55.8400001525879	254.459609985352
55.8600006103516	164.874969482422
55.8800010681152	155.311157226563
55.9000015258789	168.570739746094
55.9199981689453	303.773132324219
55.939998626709	290.523986816406
55.9599990844727	202.03532409668
55.9799995422363	212.627960205078
56	265.524261474609
56.0200004577637	204.061477661133
56.0400009155273	250.148818969727
56.060001373291	200.430374145508
56.0800018310547	237.000244140625
56.0999984741211	226.371841430664
56.1199989318848	256.606994628906
56.1399993896484	264.002105712891
56.1599998474121	119.487892150879
56.1800003051758	230.991409301758
56.2000007629395	265.143188476563
56.2200012207031	231.950103759766
56.2400016784668	138.110229492188
56.2599983215332	314.805480957031
56.2799987792969	213.075744628906
56.2999992370605	275.817230224609
56.3199996948242	273.126953125
56.3400001525879	246.986877441406
56.3600006103516	269.682769775391
56.3800010681152	267.279693603516
56.4000015258789	222.339828491211
56.4199981689453	314.630981445313
56.439998626709	236.570510864258
56.4599990844727	259.524566650391
56.4799995422363	195.266372680664
56.5	188.281677246094
56.5200004577637	117.94474029541
56.5400009155273	255.144989013672
56.560001373291	203.87516784668
56.5800018310547	263.216705322266
56.5999984741211	240.250274658203
56.6199989318848	251.428497314453
56.6399993896484	218.973388671875
56.6599998474121	214.390106201172
56.6800003051758	224.956207275391
56.7000007629395	316.438751220703
56.7200012207031	263.287475585938
56.7400016784668	410.804534912109
56.7599983215332	375.622100830078
56.7799987792969	385.632232666016
56.7999992370605	312.497009277344
56.8199996948242	626.872497558594
56.8400001525879	849.490905761719
56.8600006103516	964.49267578125
56.8800010681152	530.099975585938
56.9000015258789	567.921875
56.9199981689453	335.820068359375
56.939998626709	351.025939941406
56.9599990844727	449.472503662109
56.9799995422363	542.150756835938
57	653.012023925781
57.0200004577637	652.478271484375
57.0400009155273	313.066650390625
57.060001373291	368.843902587891
57.0800018310547	309.911071777344
57.0999984741211	249.20280456543
57.1199989318848	243.017684936523
57.1399993896484	263.148864746094
57.1599998474121	287.901550292969
57.1800003051758	266.634704589844
57.2000007629395	228.654602050781
57.2200012207031	307.224670410156
57.2400016784668	165.577621459961
57.2599983215332	289.762084960938
57.2799987792969	291.195373535156
57.2999992370605	289.383605957031
57.3199996948242	172.115203857422
57.3400001525879	239.372940063477
57.3600006103516	213.377731323242
57.3800010681152	239.610717773438
57.4000015258789	250.172149658203
57.4199981689453	269.805847167969
57.439998626709	122.841819763184
57.4599990844727	200.074234008789
57.4799995422363	250.561874389648
57.5	224.007843017578
57.5200004577637	207.409774780273
57.5400009155273	198.602294921875
57.560001373291	203.67790222168
57.5800018310547	160.783615112305
57.5999984741211	204.91291809082
57.6199989318848	178.183776855469
57.6399993896484	280.872283935547
57.6599998474121	373.499664306641
57.6800003051758	170.185806274414
57.7000007629395	274.318450927734
57.7200012207031	313.855285644531
57.7400016784668	285.599426269531
57.7599983215332	146.363586425781
57.7799987792969	222.301910400391
57.7999992370605	301.277709960938
57.8199996948242	216.016738891602
57.8400001525879	218.27766418457
57.8600006103516	130.298248291016
57.8800010681152	246.056716918945
57.9000015258789	120.443153381348
57.9199981689453	128.274398803711
57.939998626709	280.045593261719
57.9599990844727	230.244216918945
57.9799995422363	101.234985351563
58	214.330017089844
58.0200004577637	78.4586181640625
58.0400009155273	270.408782958984
58.060001373291	282.222961425781
58.0800018310547	285.433990478516
58.0999984741211	316.308532714844
58.1199989318848	208.730606079102
58.1399993896484	251.037261962891
58.1599998474121	180.557052612305
58.1800003051758	269.923828125
58.2000007629395	180.121215820313
58.2200012207031	253.267166137695
58.2400016784668	156.722229003906
58.2599983215332	182.769958496094
58.2799987792969	165.700454711914
58.2999992370605	272.370330810547
58.3199996948242	200.319549560547
58.3400001525879	193.392181396484
58.3600006103516	220.265472412109
58.3800010681152	293.547607421875
58.4000015258789	150.67546081543
58.4199981689453	205.532562255859
58.439998626709	228.01025390625
58.4599990844727	179.396759033203
58.4799995422363	223.144912719727
58.5	221.020584106445
58.5200004577637	244.929382324219
58.5400009155273	263.620086669922
58.560001373291	273.004150390625
58.5800018310547	247.224578857422
58.5999984741211	286.121856689453
58.6199989318848	106.627708435059
58.6399993896484	155.010696411133
58.6599998474121	225.86604309082
58.6800003051758	212.37890625
58.7000007629395	294.275787353516
58.7200012207031	186.680786132813
58.7400016784668	235.808334350586
58.7599983215332	171.709548950195
58.7799987792969	283.097351074219
58.7999992370605	225.298614501953
58.8199996948242	202.648986816406
58.8400001525879	353.947814941406
58.8600006103516	282.927337646484
58.8800010681152	227.528717041016
58.9000015258789	224.80891418457
58.9199981689453	210.20198059082
58.939998626709	423.842071533203
58.9599990844727	288.079742431641
58.9799995422363	171.098937988281
59	75.3752517700195
59.0200004577637	244.688140869141
59.0400009155273	193.370513916016
59.060001373291	351.341735839844
59.0800018310547	288.209686279297
59.0999984741211	122.636695861816
59.1199989318848	158.638107299805
59.1399993896484	168.930877685547
59.1599998474121	156.076370239258
59.1800003051758	122.409912109375
59.2000007629395	212.388793945313
59.2200012207031	288.136627197266
59.2400016784668	320.702697753906
59.2599983215332	264.254180908203
59.2799987792969	190.959030151367
59.2999992370605	293.151580810547
59.3199996948242	196.496078491211
59.3400001525879	244.945755004883
59.3600006103516	195.335494995117
59.3800010681152	213.351821899414
59.4000015258789	148.512268066406
59.4199981689453	139.885482788086
59.439998626709	272.648193359375
59.4599990844727	327.231811523438
59.4799995422363	214.443466186523
59.5	201.320388793945
59.5200004577637	285.107421875
59.5400009155273	250.379180908203
59.560001373291	162.178771972656
59.5800018310547	283.409088134766
59.5999984741211	201.72282409668
59.6199989318848	275.866149902344
59.6399993896484	238.184768676758
59.6599998474121	242.292785644531
59.6800003051758	190.7822265625
59.7000007629395	246.102188110352
59.7200012207031	193.408981323242
59.7400016784668	189.68424987793
59.7599983215332	182.519927978516
59.7799987792969	306.340515136719
59.7999992370605	66.6935043334961
59.8199996948242	177.827239990234
59.8400001525879	236.697540283203
59.8600006103516	250.759307861328
59.8800010681152	218.354370117188
59.9000015258789	228.161163330078
59.9199981689453	147.087249755859
59.939998626709	337.030212402344
59.9599990844727	109.109855651855
59.9799995422363	271.355102539063
60	198.116195678711
60.0200004577637	170.328125
60.0400009155273	161.581146240234
60.060001373291	71.0814056396484
60.0800018310547	272.274810791016
60.0999984741211	203.003814697266
60.1199989318848	229.653244018555
60.1399993896484	208.523330688477
60.1599998474121	255.196426391602
60.1800003051758	307.067169189453
60.2000007629395	161.302322387695
60.2200012207031	207.269958496094
60.2400016784668	236.241271972656
60.2599983215332	262.279449462891
60.2799987792969	199.196060180664
60.2999992370605	276.732391357422
60.3199996948242	138.296646118164
60.3400001525879	215.700271606445
60.3600006103516	222.689102172852
60.3800010681152	320.921447753906
60.4000015258789	334.9326171875
60.4199981689453	234.759475708008
60.439998626709	347.387298583984
60.4599990844727	250.090133666992
60.4799995422363	368.862701416016
60.5	479.166961669922
60.5200004577637	556.225708007813
60.5400009155273	605.403076171875
60.560001373291	977.564270019531
60.5800018310547	1238.2294921875
60.5999984741211	1870.86181640625
60.6199989318848	1494.83764648438
60.6399993896484	1146.98876953125
60.6599998474121	995.764343261719
60.6800003051758	706.712829589844
60.7000007629395	649.436096191406
60.7200012207031	812.435668945313
60.7400016784668	1080.93273925781
60.7599983215332	1080.12182617188
60.7799987792969	998.484497070313
60.7999992370605	669.850524902344
60.8199996948242	734.883666992188
60.8400001525879	476.519256591797
60.8600006103516	402.462005615234
60.8800010681152	366.852630615234
60.9000015258789	295.50146484375
60.9199981689453	284.857421875
60.939998626709	267.995666503906
60.9599990844727	280.291900634766
60.9799995422363	256.497619628906
61	296.603759765625
61.0200004577637	172.823883056641
61.0400009155273	326.822387695313
61.060001373291	334.950164794922
61.0800018310547	296.017822265625
61.0999984741211	330.50390625
61.1199989318848	184.537368774414
61.1399993896484	319.065521240234
61.1599998474121	243.547866821289
61.1800003051758	248.832824707031
61.2000007629395	161.960144042969
61.2200012207031	187.113403320313
61.2400016784668	210.842926025391
61.2599983215332	280.137481689453
61.2799987792969	267.380401611328
61.2999992370605	171.594268798828
61.3199996948242	205.483947753906
61.3400001525879	162.526824951172
61.3600006103516	194.743270874023
61.3800010681152	218.291091918945
61.4000015258789	318.44384765625
61.4199981689453	142.15690612793
61.439998626709	150.079986572266
61.4599990844727	117.506103515625
61.4799995422363	251.163757324219
61.5	125.240821838379
61.5200004577637	339.682220458984
61.5400009155273	209.944946289063
61.560001373291	347.047943115234
61.5800018310547	217.519683837891
61.5999984741211	209.422637939453
61.6199989318848	316.510925292969
61.6399993896484	174.22428894043
61.6599998474121	191.337860107422
61.6800003051758	225.940017700195
61.7000007629395	285.215179443359
61.7200012207031	194.45280456543
61.7400016784668	195.930450439453
61.7599983215332	97.5024948120117
61.7799987792969	246.793395996094
61.7999992370605	153.190246582031
61.8199996948242	304.794494628906
61.8400001525879	173.706466674805
61.8600006103516	214.925186157227
61.8800010681152	332.455383300781
61.9000015258789	222.487594604492
61.9199981689453	136.984527587891
61.939998626709	242.443389892578
61.9599990844727	172.569869995117
61.9799995422363	174.381698608398
62	183.011749267578
62.0200004577637	275.472473144531
62.0400009155273	233.568420410156
62.060001373291	242.953536987305
62.0800018310547	212.280624389648
62.0999984741211	182.884780883789
62.1199989318848	143.379943847656
62.1399993896484	147.279266357422
62.1599998474121	184.349578857422
62.1800003051758	303.674407958984
62.2000007629395	259.766235351563
62.2200012207031	185.746459960938
62.2400016784668	130.314926147461
62.2599983215332	186.640380859375
62.2799987792969	300.151245117188
62.2999992370605	231.279449462891
62.3199996948242	333.078430175781
62.3400001525879	217.635925292969
62.3600006103516	172.140731811523
62.3800010681152	153.226898193359
62.4000015258789	211.457656860352
62.4199981689453	272.488861083984
62.439998626709	336.07421875
62.4599990844727	291.622406005859
62.4799995422363	285.411315917969
62.5	214.238388061523
62.5200004577637	91.8595962524414
62.5400009155273	222.820861816406
62.560001373291	244.726287841797
62.5800018310547	159.953231811523
62.5999984741211	319.158874511719
62.6199989318848	322.230163574219
62.6399993896484	295.019714355469
62.6599998474121	305.549896240234
62.6800003051758	321.215393066406
62.7000007629395	345.052703857422
62.7200012207031	325.252593994141
62.7400016784668	492.202819824219
62.7599983215332	912.000610351563
62.7799987792969	815.075134277344
62.7999992370605	560.743286132813
62.8199996948242	510.961822509766
62.8400001525879	300.086944580078
62.8600006103516	396.168151855469
62.8800010681152	301.682373046875
62.9000015258789	320.592834472656
62.9199981689453	369.897064208984
62.939998626709	520.54248046875
62.9599990844727	425.858673095703
62.9799995422363	370.505523681641
63	241.121170043945
63.0200004577637	220.209609985352
63.0400009155273	154.220886230469
63.060001373291	272.075073242188
63.0800018310547	244.888763427734
63.0999984741211	199.237609863281
63.1199989318848	192.466583251953
63.1399993896484	431.214752197266
63.1599998474121	266.331909179688
63.1800003051758	247.096740722656
63.2000007629395	295.368469238281
63.2200012207031	133.193572998047
63.2400016784668	261.462066650391
63.2599983215332	133.720397949219
63.2799987792969	223.54899597168
63.2999992370605	186.721435546875
63.3199996948242	193.656463623047
63.3400001525879	201.015258789063
63.3600006103516	286.303436279297
63.3800010681152	375.275177001953
63.4000015258789	218.259613037109
63.4199981689453	240.341766357422
63.439998626709	200.391204833984
63.4599990844727	314.120086669922
63.4799995422363	280.055450439453
63.5	291.278717041016
63.5200004577637	397.704925537109
63.5400009155273	317.782501220703
63.560001373291	316.557312011719
63.5800018310547	474.654388427734
63.5999984741211	365.081359863281
63.6199989318848	482.642578125
63.6399993896484	465.289611816406
63.6599998474121	886.550109863281
63.6800003051758	1701.66442871094
63.7000007629395	2343.15966796875
63.7200012207031	2099.00146484375
63.7400016784668	1364.70056152344
63.7599983215332	844.649963378906
63.7799987792969	626.316650390625
63.7999992370605	610.17724609375
63.8199996948242	741.693420410156
63.8400001525879	828.451843261719
63.8600006103516	1136.14477539063
63.8800010681152	1301.30603027344
63.9000015258789	1192.21496582031
63.9199981689453	891.224853515625
63.939998626709	520.627563476563
63.9599990844727	486.400238037109
63.9799995422363	345.942352294922
64	200.628753662109
64.0199966430664	291.894714355469
64.0400009155273	334.306060791016
64.0599975585938	190.744964599609
64.0800018310547	188.45637512207
64.0999984741211	226.941375732422
64.120002746582	303.075164794922
64.1399993896484	375.074737548828
64.1600036621094	302.160369873047
64.1800003051758	269.741943359375
64.1999969482422	152.870666503906
64.2200012207031	191.625762939453
64.2399978637695	198.075744628906
64.2600021362305	202.71452331543
64.2799987792969	66.9895858764648
64.3000030517578	298.957122802734
64.3199996948242	314.850646972656
64.3399963378906	155.477798461914
64.3600006103516	189.149215698242
64.379997253418	209.905883789063
64.4000015258789	273.238830566406
64.4199981689453	201.446746826172
64.4400024414063	263.824523925781
64.4599990844727	197.830871582031
64.4800033569336	267.252166748047
64.5	251.201126098633
64.5199966430664	222.361450195313
64.5400009155273	169.44287109375
64.5599975585938	121.388412475586
64.5800018310547	192.976638793945
64.5999984741211	309.047424316406
64.620002746582	231.235504150391
64.6399993896484	293.425903320313
64.6600036621094	213.278747558594
64.6800003051758	178.590194702148
64.6999969482422	161.553680419922
64.7200012207031	246.57275390625
64.7399978637695	297.697052001953
64.7600021362305	192.265197753906
64.7799987792969	220.307800292969
64.8000030517578	223.640777587891
64.8199996948242	257.400024414063
64.8399963378906	236.317169189453
64.8600006103516	286.432983398438
64.879997253418	167.974014282227
64.9000015258789	215.085113525391
64.9199981689453	192.247055053711
64.9400024414063	180.180587768555
64.9599990844727	256.956481933594
64.9800033569336	221.969802856445
65	257.401214599609
65.0199966430664	261.404174804688
65.0400009155273	166.189529418945
65.0599975585938	272.048400878906
65.0800018310547	230.004852294922
65.0999984741211	168.139556884766
65.120002746582	153.35319519043
65.1399993896484	248.918334960938
65.1600036621094	322.294830322266
65.1800003051758	329.184967041016
65.1999969482422	223.436553955078
65.2200012207031	195.726165771484
65.2399978637695	252.993850708008
65.2600021362305	261.716918945313
65.2799987792969	280.7529296875
65.3000030517578	222.175399780273
65.3199996948242	283.838928222656
65.3399963378906	272.04638671875
65.3600006103516	200.558044433594
65.379997253418	246.115112304688
65.4000015258789	125.549530029297
65.4199981689453	244.913208007813
65.4400024414063	253.12663269043
65.4599990844727	230.742523193359
65.4800033569336	113.311309814453
65.5	155.777984619141
65.5199966430664	204.073364257813
65.5400009155273	177.103485107422
65.5599975585938	224.035385131836
65.5800018310547	191.737640380859
65.5999984741211	169.789611816406
65.620002746582	115.782814025879
65.6399993896484	279.16162109375
65.6600036621094	257.221710205078
65.6800003051758	288.250793457031
65.6999969482422	280.349426269531
65.7200012207031	361.730407714844
65.7399978637695	212.513809204102
65.7600021362305	299.060821533203
65.7799987792969	435.154022216797
65.8000030517578	642.106201171875
65.8199996948242	1216.28308105469
65.8399963378906	1777.28540039063
65.8600006103516	1361.10974121094
65.879997253418	946.365661621094
65.9000015258789	697.987182617188
65.9199981689453	526.804077148438
65.9400024414063	524.365112304688
65.9599990844727	468.105926513672
65.9800033569336	478.668365478516
66	550.954223632813
66.0199966430664	909.6357421875
66.0400009155273	818.336608886719
66.0599975585938	690.592041015625
66.0800018310547	670.055236816406
66.0999984741211	477.418121337891
66.120002746582	288.970642089844
66.1399993896484	420.363128662109
66.1600036621094	285.105773925781
66.1800003051758	314.802154541016
66.1999969482422	320.904632568359
66.2200012207031	283.525146484375
66.2399978637695	339.307556152344
66.2600021362305	280.1650390625
66.2799987792969	224.316818237305
66.3000030517578	223.752395629883
66.3199996948242	259.074340820313
66.3399963378906	260.059844970703
66.3600006103516	292.184448242188
66.379997253418	298.565582275391
66.4000015258789	300.727630615234
66.4199981689453	178.586380004883
66.4400024414063	267.7392578125
66.4599990844727	278.900939941406
66.4800033569336	277.554992675781
66.5	396.299468994141
66.5199966430664	270.757202148438
66.5400009155273	514.396240234375
66.5599975585938	506.295684814453
66.5800018310547	519.659729003906
66.5999984741211	602.684143066406
66.620002746582	584.486572265625
66.6399993896484	801.009033203125
66.6600036621094	1031.52978515625
66.6800003051758	1637.15502929688
66.6999969482422	2709.08740234375
66.7200012207031	3346.89770507813
66.7399978637695	2488.60791015625
66.7600021362305	1536.59851074219
66.7799987792969	1243.77380371094
66.8000030517578	960.305969238281
66.8199996948242	856.468994140625
66.8399963378906	823.444213867188
66.8600006103516	966.787292480469
66.879997253418	1380.86047363281
66.9000015258789	1958.34106445313
66.9199981689453	1517.86145019531
66.9400024414063	1189.87768554688
66.9599990844727	782.697875976563
66.9800033569336	649.554443359375
67	587.7265625
67.0199966430664	371.058502197266
67.0400009155273	427.936798095703
67.0599975585938	458.173583984375
67.0800018310547	360.11962890625
67.0999984741211	238.651000976563
67.120002746582	339.270568847656
67.1399993896484	268.750335693359
67.1600036621094	499.978088378906
67.1800003051758	219.715759277344
67.1999969482422	222.28581237793
67.2200012207031	281.378479003906
67.2399978637695	308.640686035156
67.2600021362305	257.218109130859
67.2799987792969	180.343795776367
67.3000030517578	316.057983398438
67.3199996948242	330.645202636719
67.3399963378906	164.992263793945
67.3600006103516	255.805709838867
67.379997253418	131.660507202148
67.4000015258789	289.41796875
67.4199981689453	238.232223510742
67.4400024414063	114.633804321289
67.4599990844727	255.159912109375
67.4800033569336	393.999450683594
67.5	333.111633300781
67.5199966430664	332.956329345703
67.5400009155273	347.531280517578
67.5599975585938	345.400817871094
67.5800018310547	292.141143798828
67.5999984741211	382.611175537109
67.620002746582	374.113677978516
67.6399993896484	411.121734619141
67.6600036621094	484.164978027344
67.6800003051758	413.216094970703
67.6999969482422	323.991851806641
67.7200012207031	290.605651855469
67.7399978637695	397.224029541016
67.7600021362305	461.505218505859
67.7799987792969	400.034454345703
67.8000030517578	321.121643066406
67.8199996948242	593.321411132813
67.8399963378906	413.031555175781
67.8600006103516	215.098693847656
67.879997253418	300.586212158203
67.9000015258789	327.462036132813
67.9199981689453	296.631866455078
67.9400024414063	292.890991210938
67.9599990844727	300.788665771484
67.9800033569336	255.271728515625
68	328.659484863281
68.0199966430664	348.401550292969
68.0400009155273	324.356597900391
68.0599975585938	280.036010742188
68.0800018310547	234.646423339844
68.0999984741211	205.580184936523
68.120002746582	249.576904296875
68.1399993896484	292.401184082031
68.1600036621094	297.858184814453
68.1800003051758	228.054244995117
68.1999969482422	316.24951171875
68.2200012207031	230.303726196289
68.2399978637695	172.515197753906
68.2600021362305	160.535278320313
68.2799987792969	281.911926269531
68.3000030517578	306.537719726563
68.3199996948242	217.517517089844
68.3399963378906	185.949325561523
68.3600006103516	152.440078735352
68.379997253418	236.025390625
68.4000015258789	145.646240234375
68.4199981689453	145.484741210938
68.4400024414063	247.758865356445
68.4599990844727	292.194213867188
68.4800033569336	369.643615722656
68.5	187.528717041016
68.5199966430664	217.386276245117
68.5400009155273	209.397308349609
68.5599975585938	242.436645507813
68.5800018310547	316.767059326172
68.5999984741211	249.748306274414
68.620002746582	404.72900390625
68.6399993896484	338.373443603516
68.6600036621094	578.409057617188
68.6800003051758	741.097229003906
68.6999969482422	798.582275390625
68.7200012207031	614.920532226563
68.7399978637695	501.411224365234
68.7600021362305	386.050964355469
68.7799987792969	397.877685546875
68.8000030517578	291.317138671875
68.8199996948242	380.336059570313
68.8399963378906	450.796112060547
68.8600006103516	507.722625732422
68.879997253418	475.341857910156
68.9000015258789	529.047912597656
68.9199981689453	362.031646728516
68.9400024414063	295.977172851563
68.9599990844727	398.583740234375
68.9800033569336	386.894744873047
69	218.582946777344
69.0199966430664	202.957107543945
69.0400009155273	298.308715820313
69.0599975585938	369.398254394531
69.0800018310547	276.806396484375
69.0999984741211	119.157768249512
69.120002746582	189.149261474609
69.1399993896484	255.663940429688
69.1600036621094	229.942276000977
69.1800003051758	211.789352416992
69.1999969482422	257.596984863281
69.2200012207031	288.245849609375
69.2399978637695	128.267929077148
69.2600021362305	158.43310546875
69.2799987792969	195.221084594727
69.3000030517578	200.388702392578
69.3199996948242	202.922821044922
69.3399963378906	245.878829956055
69.3600006103516	179.931640625
69.379997253418	134.316940307617
69.4000015258789	269.421295166016
69.4199981689453	125.469573974609
69.4400024414063	254.023315429688
69.4599990844727	285.867004394531
69.4800033569336	169.080505371094
69.5	252.745162963867
69.5199966430664	214.465972900391
69.5400009155273	180.738250732422
69.5599975585938	163.448135375977
69.5800018310547	240.492095947266
69.5999984741211	224.920806884766
69.620002746582	189.577697753906
69.6399993896484	290.991058349609
69.6600036621094	197.771987915039
69.6800003051758	326.942596435547
69.6999969482422	241.904373168945
69.7200012207031	150.406723022461
69.7399978637695	349.241088867188
69.7600021362305	161.494903564453
69.7799987792969	203.80207824707
69.8000030517578	178.061065673828
69.8199996948242	252.727783203125
69.8399963378906	203.951446533203
69.8600006103516	207.460800170898
69.879997253418	310.575958251953
69.9000015258789	203.347579956055
69.9199981689453	236.761352539063
69.9400024414063	232.118728637695
69.9599990844727	226.773681640625
69.9800033569336	226.402618408203
70	173.974533081055
70.0199966430664	196.498291015625
70.0400009155273	188.076812744141
70.0599975585938	171.821670532227
70.0800018310547	179.437026977539
70.0999984741211	168.830230712891
70.120002746582	338.119171142578
70.1399993896484	230.094345092773
70.1600036621094	229.600601196289
70.1800003051758	157.928497314453
70.1999969482422	276.208648681641
70.2200012207031	159.254638671875
70.2399978637695	116.287803649902
70.2600021362305	136.866027832031
70.2799987792969	277.510131835938
70.3000030517578	233.948028564453
70.3199996948242	117.343536376953
70.3399963378906	279.689880371094
70.3600006103516	281.759307861328
70.379997253418	204.368881225586
70.4000015258789	223.631332397461
70.4199981689453	277.378601074219
70.4400024414063	178.732238769531
70.4599990844727	259.295166015625
70.4800033569336	116.782707214355
70.5	184.599807739258
70.5199966430664	107.870674133301
70.5400009155273	180.045944213867
70.5599975585938	144.179016113281
70.5800018310547	157.858261108398
70.5999984741211	153.546508789063
70.620002746582	175.399322509766
70.6399993896484	245.079452514648
70.6600036621094	339.933685302734
70.6800003051758	184.905975341797
70.6999969482422	154.811447143555
70.7200012207031	229.814865112305
70.7399978637695	184.393951416016
70.7600021362305	251.376266479492
70.7799987792969	277.489562988281
70.8000030517578	269.618621826172
70.8199996948242	183.429565429688
70.8399963378906	246.428955078125
70.8600006103516	231.769866943359
70.879997253418	243.468978881836
70.9000015258789	182.404510498047
70.9199981689453	137.086898803711
70.9400024414063	210.807571411133
70.9599990844727	244.681777954102
70.9800033569336	180.394668579102
71	204.598770141602
71.0199966430664	129.124389648438
71.0400009155273	197.688293457031
71.0599975585938	339.288848876953
71.0800018310547	211.384429931641
71.0999984741211	208.521347045898
71.120002746582	250.652694702148
71.1399993896484	136.987884521484
71.1600036621094	138.763336181641
71.1800003051758	281.739562988281
71.1999969482422	120.588554382324
71.2200012207031	149.122253417969
71.2399978637695	146.759979248047
71.2600021362305	314.777099609375
71.2799987792969	199.407455444336
71.3000030517578	313.840667724609
71.3199996948242	221.165771484375
71.3399963378906	169.26725769043
71.3600006103516	191.273239135742
71.379997253418	236.802093505859
71.4000015258789	289.240295410156
71.4199981689453	105.13013458252
71.4400024414063	204.612869262695
71.4599990844727	252.435791015625
71.4800033569336	209.170776367188
71.5	136.851791381836
71.5199966430664	304.812255859375
71.5400009155273	162.356246948242
71.5599975585938	273.74609375
71.5800018310547	229.579086303711
71.5999984741211	223.63200378418
71.620002746582	104.219757080078
71.6399993896484	183.120758056641
71.6600036621094	154.379196166992
71.6800003051758	234.02392578125
71.6999969482422	117.955917358398
71.7200012207031	254.493835449219
71.7399978637695	263.165832519531
71.7600021362305	128.336608886719
71.7799987792969	202.766662597656
71.8000030517578	139.600570678711
71.8199996948242	183.015869140625
71.8399963378906	214.785919189453
71.8600006103516	317.182403564453
71.879997253418	165.302841186523
71.9000015258789	129.350204467773
71.9199981689453	247.58122253418
71.9400024414063	225.589340209961
71.9599990844727	252.836196899414
71.9800033569336	268.447509765625
72	342.924774169922
72.0199966430664	384.518737792969
72.0400009155273	528.921997070313
72.0599975585938	632.014343261719
72.0800018310547	594.778564453125
72.0999984741211	523.484680175781
72.120002746582	391.033782958984
72.1399993896484	215.97526550293
72.1600036621094	287.657104492188
72.1800003051758	361.807373046875
72.1999969482422	195.647201538086
72.2200012207031	238.367721557617
72.2399978637695	276.931884765625
72.2600021362305	383.906616210938
72.2799987792969	446.563507080078
72.3000030517578	428.311920166016
72.3199996948242	304.813903808594
72.3399963378906	274.395629882813
72.3600006103516	284.859588623047
72.379997253418	217.38606262207
72.4000015258789	288.981842041016
72.4199981689453	223.841751098633
72.4400024414063	216.108245849609
72.4599990844727	169.606353759766
72.4800033569336	216.526763916016
72.5	221.910125732422
72.5199966430664	207.414001464844
72.5400009155273	125.715141296387
72.5599975585938	165.821380615234
72.5800018310547	181.853820800781
72.5999984741211	193.813125610352
72.620002746582	129.100814819336
72.6399993896484	315.066375732422
72.6600036621094	284.779846191406
72.6800003051758	189.257095336914
72.6999969482422	284.140747070313
72.7200012207031	211.901824951172
72.7399978637695	122.829345703125
72.7600021362305	175.230911254883
72.7799987792969	210.763107299805
72.8000030517578	366.844177246094
72.8199996948242	203.441375732422
72.8399963378906	271.190490722656
72.8600006103516	213.512847900391
72.879997253418	225.987655639648
72.9000015258789	213.359451293945
72.9199981689453	229.051620483398
72.9400024414063	246.91584777832
72.9599990844727	269.874816894531
72.9800033569336	157.14094543457
73	33.7152137756348
73.0199966430664	205.099136352539
73.0400009155273	215.839584350586
73.0599975585938	169.027435302734
73.0800018310547	197.781677246094
73.0999984741211	185.981094360352
73.120002746582	255.435485839844
73.1399993896484	250.138595581055
73.1600036621094	144.514038085938
73.1800003051758	126.887336730957
73.1999969482422	226.160934448242
73.2200012207031	181.634628295898
73.2399978637695	246.790084838867
73.2600021362305	254.087478637695
73.2799987792969	210.339752197266
73.3000030517578	215.197631835938
73.3199996948242	233.875915527344
73.3399963378906	182.935516357422
73.3600006103516	185.354721069336
73.379997253418	252.626754760742
73.4000015258789	173.537338256836
73.4199981689453	168.079147338867
73.4400024414063	256.811584472656
73.4599990844727	281.671783447266
73.4800033569336	495.56884765625
73.5	430.019226074219
73.5199966430664	645.492797851563
73.5400009155273	591.8232421875
73.5599975585938	441.777038574219
73.5800018310547	263.440368652344
73.5999984741211	210.697280883789
73.620002746582	208.565628051758
73.6399993896484	215.5732421875
73.6600036621094	333.559722900391
73.6800003051758	289.915679931641
73.6999969482422	214.887817382813
73.7200012207031	383.486541748047
73.7399978637695	356.038879394531
73.7600021362305	243.772048950195
73.7799987792969	376.634185791016
73.8000030517578	349.289154052734
73.8199996948242	295.617706298828
73.8399963378906	179.045989990234
73.8600006103516	324.477966308594
73.879997253418	266.611877441406
73.9000015258789	184.244812011719
73.9199981689453	204.803985595703
73.9400024414063	198.236999511719
73.9599990844727	302.620025634766
73.9800033569336	224.962341308594
74	278.385559082031
74.0199966430664	248.34033203125
74.0400009155273	236.344421386719
74.0599975585938	224.464996337891
74.0800018310547	119.950241088867
74.0999984741211	263.703369140625
74.120002746582	181.462051391602
74.1399993896484	187.285903930664
74.1600036621094	192.094863891602
74.1800003051758	134.788223266602
74.1999969482422	112.672882080078
74.2200012207031	178.743850708008
74.2399978637695	198.227340698242
74.2600021362305	103.304077148438
74.2799987792969	175.495208740234
74.3000030517578	239.645538330078
74.3199996948242	241.586380004883
74.3399963378906	244.365875244141
74.3600006103516	204.589294433594
74.379997253418	314.306396484375
74.4000015258789	199.000625610352
74.4199981689453	162.625305175781
74.4400024414063	137.046447753906
74.4599990844727	215.019180297852
74.4800033569336	321.062286376953
74.5	228.298904418945
74.5199966430664	162.884231567383
74.5400009155273	272.231201171875
74.5599975585938	283.995086669922
74.5800018310547	313.502563476563
74.5999984741211	282.007690429688
74.620002746582	208.400344848633
74.6399993896484	230.795104980469
74.6600036621094	219.242294311523
74.6800003051758	205.423812866211
74.6999969482422	168.458953857422
74.7200012207031	159.940002441406
74.7399978637695	147.189788818359
74.7600021362305	153.690307617188
74.7799987792969	184.405548095703
74.8000030517578	156.668121337891
74.8199996948242	151.348556518555
74.8399963378906	164.59587097168
74.8600006103516	286.377807617188
74.879997253418	219.554489135742
74.9000015258789	155.007965087891
74.9199981689453	203.651840209961
74.9400024414063	211.798614501953
74.9599990844727	204.301025390625
74.9800033569336	273.036254882813
75	271.962341308594
75.0199966430664	256.155639648438
75.0400009155273	259.437194824219
75.0599975585938	153.497924804688
75.0800018310547	200.904373168945
75.0999984741211	223.630477905273
75.120002746582	254.215774536133
75.1399993896484	211.623565673828
75.1600036621094	195.225830078125
75.1800003051758	173.403793334961
75.1999969482422	188.081359863281
75.2200012207031	323.720458984375
75.2399978637695	203.584106445313
75.2600021362305	168.066436767578
75.2799987792969	218.92448425293
75.3000030517578	133.863586425781
75.3199996948242	149.214141845703
75.3399963378906	176.294708251953
75.3600006103516	190.842315673828
75.379997253418	271.101165771484
75.4000015258789	296.273681640625
75.4199981689453	267.136169433594
75.4400024414063	168.862487792969
75.4599990844727	261.52490234375
75.4800033569336	409.184844970703
75.5	513.299072265625
75.5199966430664	648.332885742188
75.5400009155273	725.407653808594
75.5599975585938	562.814086914063
75.5800018310547	499.596954345703
75.5999984741211	263.943756103516
75.620002746582	334.719940185547
75.6399993896484	277.537872314453
75.6600036621094	304.927215576172
75.6800003051758	270.718994140625
75.6999969482422	350.092681884766
75.7200012207031	326.756958007813
75.7399978637695	528.681701660156
75.7600021362305	436.396270751953
75.7799987792969	475.00390625
75.8000030517578	379.614715576172
75.8199996948242	325.914215087891
75.8399963378906	374.306854248047
75.8600006103516	316.362274169922
75.879997253418	401.3388671875
75.9000015258789	371.873992919922
75.9199981689453	229.151077270508
75.9400024414063	213.682510375977
75.9599990844727	245.047454833984
75.9800033569336	299.062438964844
76	332.946502685547
76.0199966430664	339.618774414063
76.0400009155273	163.163787841797
76.0599975585938	227.284545898438
76.0800018310547	250.390090942383
76.0999984741211	195.237213134766
76.120002746582	286.303314208984
76.1399993896484	375.295104980469
76.1600036621094	336.598754882813
76.1800003051758	440.911163330078
76.1999969482422	459.401397705078
76.2200012207031	490.387115478516
76.2399978637695	759.92041015625
76.2600021362305	663.781372070313
76.2799987792969	943.16650390625
76.3000030517578	1319.37145996094
76.3199996948242	2539.78466796875
76.3399963378906	2901.140625
76.3600006103516	2991.23901367188
76.379997253418	2481.37182617188
76.4000015258789	1757.24816894531
76.4199981689453	1159.25756835938
76.4400024414063	912.986267089844
76.4599990844727	899.841613769531
76.4800033569336	824.229187011719
76.5	1048.19921875
76.5199966430664	1101.56188964844
76.5400009155273	1507.76342773438
76.5599975585938	1516.8291015625
76.5800018310547	1732.86889648438
76.5999984741211	1516.67016601563
76.620002746582	1126.365234375
76.6399993896484	865.01513671875
76.6600036621094	781.717407226563
76.6800003051758	420.416076660156
76.6999969482422	376.011260986328
76.7200012207031	390.705169677734
76.7399978637695	416.977325439453
76.7600021362305	273.348907470703
76.7799987792969	225.445709228516
76.8000030517578	189.903564453125
76.8199996948242	137.902328491211
76.8399963378906	167.174591064453
76.8600006103516	346.169952392578
76.879997253418	94.1548919677734
76.9000015258789	245.675384521484
76.9199981689453	227.996475219727
76.9400024414063	168.189956665039
76.9599990844727	193.929412841797
76.9800033569336	208.270980834961
77	147.343124389648
77.0199966430664	207.541015625
77.0400009155273	198.267944335938
77.0599975585938	230.110122680664
77.0800018310547	190.418640136719
77.0999984741211	149.9443359375
77.120002746582	151.914352416992
77.1399993896484	203.377746582031
77.1600036621094	180.6806640625
77.1800003051758	219.947128295898
77.1999969482422	277.163330078125
77.2200012207031	158.251480102539
77.2399978637695	283.895935058594
77.2600021362305	309.779846191406
77.2799987792969	258.018829345703
77.3000030517578	261.749725341797
77.3199996948242	198.086730957031
77.3399963378906	151.949554443359
77.3600006103516	253.101013183594
77.379997253418	115.107215881348
77.4000015258789	140.275634765625
77.4199981689453	195.223648071289
77.4400024414063	309.015960693359
77.4599990844727	220.687072753906
77.4800033569336	190.931411743164
77.5	249.117584228516
77.5199966430664	220.470077514648
77.5400009155273	229.944107055664
77.5599975585938	156.482727050781
77.5800018310547	199.298202514648
77.5999984741211	247.734939575195
77.620002746582	168.741470336914
77.6399993896484	135.493133544922
77.6600036621094	115.061912536621
77.6800003051758	30.9424266815186
77.6999969482422	167.603057861328
77.7200012207031	197.161392211914
77.7399978637695	130.217041015625
77.7600021362305	148.862548828125
77.7799987792969	240.528457641602
77.8000030517578	190.761749267578
77.8199996948242	232.652053833008
77.8399963378906	215.927017211914
77.8600006103516	151.746612548828
77.879997253418	143.145599365234
77.9000015258789	260.34521484375
77.9199981689453	193.405258178711
77.9400024414063	268.328582763672
77.9599990844727	132.470458984375
77.9800033569336	249.575546264648
78	216.666595458984
78.0199966430664	154.549545288086
78.0400009155273	166.647903442383
78.0599975585938	248.899459838867
78.0800018310547	240.441207885742
78.0999984741211	236.898498535156
78.120002746582	112.489204406738
78.1399993896484	153.006805419922
78.1600036621094	208.586135864258
78.1800003051758	190.108215332031
78.1999969482422	157.473388671875
78.2200012207031	238.102462768555
78.2399978637695	121.896095275879
78.2600021362305	165.988235473633
78.2799987792969	234.643096923828
78.3000030517578	159.829132080078
78.3199996948242	208.324859619141
78.3399963378906	300.953216552734
78.3600006103516	112.392631530762
78.379997253418	180.129806518555
78.4000015258789	141.979949951172
78.4199981689453	175.530960083008
78.4400024414063	207.099029541016
78.4599990844727	172.572982788086
78.4800033569336	76.5333938598633
78.5	183.562149047852
78.5199966430664	92.1244964599609
78.5400009155273	102.51798248291
78.5599975585938	117.394905090332
78.5800018310547	159.482757568359
78.5999984741211	218.541595458984
78.620002746582	153.740966796875
78.6399993896484	243.289642333984
78.6600036621094	233.853408813477
78.6800003051758	81.1471405029297
78.6999969482422	73.3544769287109
78.7200012207031	216.30061340332
78.7399978637695	191.896774291992
78.7600021362305	212.093521118164
78.7799987792969	71.1103439331055
78.8000030517578	143.461639404297
78.8199996948242	167.654281616211
78.8399963378906	226.650344848633
78.8600006103516	113.692092895508
78.879997253418	183.632934570313
78.9000015258789	150.637619018555
78.9199981689453	100.456970214844
78.9400024414063	199.294586181641
78.9599990844727	224.933822631836
78.9800033569336	181.204360961914
79	229.510604858398
79.0199966430664	69.9181823730469
79.0400009155273	171.933944702148
79.0599975585938	178.238494873047
79.0800018310547	179.088180541992
79.0999984741211	237.186309814453
79.120002746582	124.740600585938
79.1399993896484	241.447372436523
79.1600036621094	187.488647460938
79.1800003051758	209.84358215332
79.1999969482422	216.972839355469
79.2200012207031	173.86408996582
79.2399978637695	223.462173461914
79.2600021362305	184.662322998047
79.2799987792969	121.49755859375
79.3000030517578	152.728775024414
79.3199996948242	254.050857543945
79.3399963378906	188.260391235352
79.3600006103516	143.966384887695
79.379997253418	155.374221801758
79.4000015258789	127.879501342773
79.4199981689453	153.058120727539
79.4400024414063	125.032943725586
79.4599990844727	236.178131103516
79.4800033569336	127.980178833008
79.5	185.500549316406
79.5199966430664	131.700912475586
79.5400009155273	211.604064941406
79.5599975585938	153.739898681641
79.5800018310547	79.3782196044922
79.5999984741211	244.168899536133
79.620002746582	207.388137817383
79.6399993896484	216.650131225586
79.6600036621094	140.470748901367
79.6800003051758	163.822677612305
79.6999969482422	175.231658935547
79.7200012207031	165.600601196289
79.7399978637695	194.095184326172
79.7600021362305	119.870323181152
79.7799987792969	150.095855712891
79.8000030517578	214.728118896484
79.8199996948242	136.311431884766
79.8399963378906	245.029266357422
79.8600006103516	219.181060791016
79.879997253418	184.320358276367
79.9000015258789	216.555404663086
79.9199981689453	208.984481811523
79.9400024414063	153.640563964844
79.9599990844727	127.723503112793
79.9800033569336	248.052474975586
80	150.766708374023
