2_003/1	
θ/2θ, °	Intensity, cps
20	294.6689453125
20.0200004577637	226.031921386719
20.0400009155273	467.875122070313
20.0599994659424	433.269409179688
20.0799999237061	390.161193847656
20.1000003814697	348.285278320313
20.1200008392334	373.349365234375
20.1399993896484	290.979644775391
20.1599998474121	434.319610595703
20.1800003051758	313.688598632813
20.2000007629395	299.859069824219
20.2199993133545	354.317810058594
20.2399997711182	299.716247558594
20.2600002288818	368.627990722656
20.2800006866455	266.689086914063
20.2999992370605	314.225036621094
20.3199996948242	273.934356689453
20.3400001525879	257.408111572266
20.3600006103516	219.843185424805
20.3799991607666	290.421997070313
20.3999996185303	380.127044677734
20.4200000762939	386.924194335938
20.4400005340576	391.974304199219
20.4599990844727	331.447875976563
20.4799995422363	400.648620605469
20.5	359.910766601563
20.5200004577637	229.494400024414
20.5400009155273	186.865539550781
20.5599994659424	326.129821777344
20.5799999237061	219.900512695313
20.6000003814697	509.071563720703
20.6200008392334	370.714782714844
20.6399993896484	299.892669677734
20.6599998474121	403.178985595703
20.6800003051758	307.158050537109
20.7000007629395	270.429901123047
20.7199993133545	191.273254394531
20.7399997711182	287.489105224609
20.7600002288818	338.036407470703
20.7800006866455	532.848388671875
20.7999992370605	243.378829956055
20.8199996948242	351.138397216797
20.8400001525879	270.03515625
20.8600006103516	420.491943359375
20.8799991607666	354.068389892578
20.8999996185303	293.936248779297
20.9200000762939	276.571563720703
20.9400005340576	249.218978881836
20.9599990844727	180.268844604492
20.9799995422363	147.7265625
21	267.205444335938
21.0200004577637	358.379180908203
21.0400009155273	338.404510498047
21.0599994659424	352.239593505859
21.0799999237061	368.048950195313
21.1000003814697	366.126739501953
21.1200008392334	270.796203613281
21.1399993896484	473.150024414063
21.1599998474121	294.656219482422
21.1800003051758	413.7626953125
21.2000007629395	368.679779052734
21.2199993133545	345.460418701172
21.2399997711182	230.339538574219
21.2600002288818	417.084259033203
21.2800006866455	398.216766357422
21.2999992370605	179.444305419922
21.3199996948242	310.688507080078
21.3400001525879	370.569702148438
21.3600006103516	402.024169921875
21.3799991607666	257.420440673828
21.3999996185303	372.766387939453
21.4200000762939	258.722076416016
21.4400005340576	251.520004272461
21.4599990844727	344.813781738281
21.4799995422363	447.638793945313
21.5	266.121063232422
21.5200004577637	312.298217773438
21.5400009155273	357.210784912109
21.5599994659424	365.565826416016
21.5799999237061	322.140045166016
21.6000003814697	355.741241455078
21.6200008392334	431.899963378906
21.6399993896484	311.181671142578
21.6599998474121	247.670288085938
21.6800003051758	263.316284179688
21.7000007629395	258.388946533203
21.7199993133545	389.985565185547
21.7399997711182	381.581848144531
21.7600002288818	376.537078857422
21.7800006866455	337.406066894531
21.7999992370605	336.910003662109
21.8199996948242	341.765502929688
21.8400001525879	425.617248535156
21.8600006103516	311.088012695313
21.8799991607666	306.054260253906
21.8999996185303	309.479614257813
21.9200000762939	311.726013183594
21.9400005340576	302.880950927734
21.9599990844727	267.590209960938
21.9799995422363	234.561080932617
22	291.595550537109
22.0200004577637	453.503112792969
22.0400009155273	401.849365234375
22.0599994659424	317.068237304688
22.0799999237061	261.601745605469
22.1000003814697	273.926116943359
22.1200008392334	484.839874267578
22.1399993896484	368.565612792969
22.1599998474121	359.946380615234
22.1800003051758	342.330017089844
22.2000007629395	339.775634765625
22.2199993133545	450.100616455078
22.2399997711182	336.969329833984
22.2600002288818	356.445404052734
22.2800006866455	214.789459228516
22.2999992370605	467.158355712891
22.3199996948242	309.503570556641
22.3400001525879	258.931640625
22.3600006103516	347.104675292969
22.3799991607666	381.124603271484
22.3999996185303	393.792877197266
22.4200000762939	192.447494506836
22.4400005340576	366.689819335938
22.4599990844727	364.802032470703
22.4799995422363	387.373992919922
22.5	395.865753173828
22.5200004577637	399.294036865234
22.5400009155273	417.01025390625
22.5599994659424	322.206359863281
22.5799999237061	361.038757324219
22.6000003814697	341.825469970703
22.6200008392334	306.166198730469
22.6399993896484	454.8291015625
22.6599998474121	413.532043457031
22.6800003051758	324.481384277344
22.7000007629395	343.704132080078
22.7199993133545	349.306732177734
22.7399997711182	538.83056640625
22.7600002288818	617.656921386719
22.7800006866455	763.706909179688
22.7999992370605	710.149353027344
22.8199996948242	846.188415527344
22.8400001525879	1029.03405761719
22.8600006103516	956.254577636719
22.8799991607666	1203.34045410156
22.8999996185303	1464.85510253906
22.9200000762939	2505.07275390625
22.9400005340576	4630.47412109375
22.9599990844727	9059.1142578125
22.9799995422363	14219.794921875
23	9763.3837890625
23.0200004577637	7072.49755859375
23.0400009155273	7413.1923828125
23.0599994659424	4406.73486328125
23.0799999237061	2002.87048339844
23.1000003814697	1314.15979003906
23.1200008392334	938.711364746094
23.1399993896484	811.152038574219
23.1599998474121	743.100158691406
23.1800003051758	573.33447265625
23.2000007629395	426.034851074219
23.2199993133545	360.964141845703
23.2399997711182	482.092803955078
23.2600002288818	484.384613037109
23.2800006866455	337.325561523438
23.2999992370605	490.787658691406
23.3199996948242	377.308258056641
23.3400001525879	339.718322753906
23.3600006103516	508.1982421875
23.3799991607666	412.629516601563
23.3999996185303	367.040924072266
23.4200000762939	401.319427490234
23.4400005340576	491.490020751953
23.4599990844727	383.007385253906
23.4799995422363	510.612548828125
23.5	326.699951171875
23.5200004577637	357.237701416016
23.5400009155273	326.889770507813
23.5599994659424	260.049041748047
23.5799999237061	443.88037109375
23.6000003814697	254.799774169922
23.6200008392334	338.712524414063
23.6399993896484	532.892517089844
23.6599998474121	372.848907470703
23.6800003051758	302.021148681641
23.7000007629395	333.912017822266
23.7199993133545	446.87890625
23.7399997711182	507.440399169922
23.7600002288818	273.986114501953
23.7800006866455	306.475372314453
23.7999992370605	459.531616210938
23.8199996948242	310.286682128906
23.8400001525879	383.302032470703
23.8600006103516	348.268646240234
23.8799991607666	492.26318359375
23.8999996185303	370.343780517578
23.9200000762939	320.331024169922
23.9400005340576	344.560424804688
23.9599990844727	284.994567871094
23.9799995422363	287.617431640625
24	369.526428222656
24.0200004577637	363.411346435547
24.0400009155273	373.117828369141
24.0599994659424	461.985168457031
24.0799999237061	240.709197998047
24.1000003814697	310.027404785156
24.1200008392334	363.931762695313
24.1399993896484	321.63037109375
24.1599998474121	334.052764892578
24.1800003051758	248.006866455078
24.2000007629395	405.024871826172
24.2199993133545	373.560577392578
24.2399997711182	484.350524902344
24.2600002288818	433.755249023438
24.2800006866455	397.447204589844
24.2999992370605	389.370513916016
24.3199996948242	369.932739257813
24.3400001525879	412.5107421875
24.3600006103516	328.036254882813
24.3799991607666	367.1015625
24.3999996185303	421.997894287109
24.4200000762939	408.555908203125
24.4400005340576	253.377258300781
24.4599990844727	327.422210693359
24.4799995422363	367.239379882813
24.5	417.980682373047
24.5200004577637	483.20556640625
24.5400009155273	317.562408447266
24.5599994659424	305.198944091797
24.5799999237061	272.756683349609
24.6000003814697	301.762451171875
24.6200008392334	280.713104248047
24.6399993896484	264.61328125
24.6599998474121	293.197814941406
24.6800003051758	400.318572998047
24.7000007629395	434.464202880859
24.7199993133545	351.233276367188
24.7399997711182	469.027038574219
24.7600002288818	500.941925048828
24.7800006866455	465.528015136719
24.7999992370605	488.842681884766
24.8199996948242	466.179351806641
24.8400001525879	582.276184082031
24.8600006103516	520.423767089844
24.8799991607666	375.988586425781
24.8999996185303	366.740264892578
24.9200000762939	317.819183349609
24.9400005340576	419.676116943359
24.9599990844727	540.7958984375
24.9799995422363	374.5595703125
25	447.804656982422
25.0200004577637	256.190246582031
25.0400009155273	242.525909423828
25.0599994659424	288.171630859375
25.0799999237061	422.974914550781
25.1000003814697	453.492431640625
25.1200008392334	413.462432861328
25.1399993896484	359.573791503906
25.1599998474121	448.240112304688
25.1800003051758	320.777099609375
25.2000007629395	441.461120605469
25.2199993133545	353.790161132813
25.2399997711182	411.868194580078
25.2600002288818	516.34228515625
25.2800006866455	358.447174072266
25.2999992370605	363.444946289063
25.3199996948242	329.794677734375
25.3400001525879	382.277587890625
25.3600006103516	617.3310546875
25.3799991607666	267.380432128906
25.3999996185303	314.859680175781
25.4200000762939	538.295776367188
25.4400005340576	346.677612304688
25.4599990844727	462.210906982422
25.4799995422363	440.152282714844
25.5	466.831573486328
25.5200004577637	363.032440185547
25.5400009155273	426.617553710938
25.5599994659424	353.726196289063
25.5799999237061	462.193908691406
25.6000003814697	407.089447021484
25.6200008392334	363.873596191406
25.6399993896484	518.977661132813
25.6599998474121	368.747985839844
25.6800003051758	390.266754150391
25.7000007629395	360.65966796875
25.7199993133545	567.766784667969
25.7399997711182	358.502777099609
25.7600002288818	418.589904785156
25.7800006866455	475.243438720703
25.7999992370605	507.8271484375
25.8199996948242	351.446990966797
25.8400001525879	452.901458740234
25.8600006103516	390.000152587891
25.8799991607666	328.815979003906
25.8999996185303	313.531433105469
25.9200000762939	403.674774169922
25.9400005340576	409.807250976563
25.9599990844727	467.48779296875
25.9799995422363	430.242462158203
26	313.858581542969
26.0200004577637	459.495178222656
26.0400009155273	411.275543212891
26.0599994659424	399.139984130859
26.0799999237061	410.246917724609
26.1000003814697	323.825592041016
26.1200008392334	330.919708251953
26.1399993896484	272.968688964844
26.1599998474121	507.703552246094
26.1800003051758	348.919799804688
26.2000007629395	426.095184326172
26.2199993133545	429.428649902344
26.2399997711182	459.785400390625
26.2600002288818	458.626647949219
26.2800006866455	375.822387695313
26.2999992370605	389.184539794922
26.3199996948242	593.72509765625
26.3400001525879	551.652587890625
26.3600006103516	292.051116943359
26.3799991607666	444.195648193359
26.3999996185303	445.581420898438
26.4200000762939	489.934478759766
26.4400005340576	479.286743164063
26.4599990844727	535.786254882813
26.4799995422363	451.359649658203
26.5	489.935852050781
26.5200004577637	612.658569335938
26.5400009155273	530.825805664063
26.5599994659424	464.414916992188
26.5799999237061	573.810485839844
26.6000003814697	521.886352539063
26.6200008392334	535.568664550781
26.6399993896484	477.896057128906
26.6599998474121	634.656066894531
26.6800003051758	399.280639648438
26.7000007629395	551.244384765625
26.7199993133545	668.749206542969
26.7399997711182	623.818237304688
26.7600002288818	400.374084472656
26.7800006866455	525.367431640625
26.7999992370605	718.459289550781
26.8199996948242	611.941101074219
26.8400001525879	495.880584716797
26.8600006103516	559.725830078125
26.8799991607666	651.6474609375
26.8999996185303	545.596435546875
26.9200000762939	465.389465332031
26.9400005340576	671.475952148438
26.9599990844727	645.471618652344
26.9799995422363	705.036804199219
27	685.707824707031
27.0200004577637	795.369689941406
27.0400009155273	527.087036132813
27.0599994659424	660.48291015625
27.0799999237061	637.423400878906
27.1000003814697	775.186889648438
27.1200008392334	736.701293945313
27.1399993896484	596.302612304688
27.1599998474121	592.149658203125
27.1800003051758	630.728149414063
27.2000007629395	803.639709472656
27.2199993133545	869.999267578125
27.2399997711182	756.861450195313
27.2600002288818	949.658935546875
27.2800006866455	1065.09582519531
27.2999992370605	1294.0673828125
27.3199996948242	1899.72229003906
27.3400001525879	2229.85595703125
27.3600006103516	2514.708984375
27.3799991607666	2831.03247070313
27.3999996185303	2847.60498046875
27.4200000762939	4061.54663085938
27.4400005340576	5841.75732421875
27.4599990844727	10268.251953125
27.4799995422363	21029.43359375
27.5	40211.0859375
27.5200004577637	40631.96875
27.5400009155273	22611.18359375
27.5599994659424	20901.38671875
27.5799999237061	25054.65234375
27.6000003814697	16308.8798828125
27.6200008392334	7182.51220703125
27.6399993896484	3947.06665039063
27.6599998474121	3078.37475585938
27.6800003051758	2330.33178710938
27.7000007629395	1745.2197265625
27.7199993133545	1640.11083984375
27.7399997711182	1509.27136230469
27.7600002288818	1031.73352050781
27.7800006866455	1053.40502929688
27.7999992370605	1024.73510742188
27.8199996948242	994.373168945313
27.8400001525879	912.539245605469
27.8600006103516	810.015502929688
27.8799991607666	684.669860839844
27.8999996185303	888.418701171875
27.9200000762939	790.165405273438
27.9400005340576	645.058288574219
27.9599990844727	805.836120605469
27.9799995422363	601.143371582031
28	696.109008789063
28.0200004577637	727.512268066406
28.0400009155273	815.780151367188
28.0599994659424	830.979370117188
28.0799999237061	772.611755371094
28.1000003814697	667.272644042969
28.1200008392334	770.489929199219
28.1399993896484	745.052307128906
28.1599998474121	666.572387695313
28.1800003051758	578.292724609375
28.2000007629395	576.0390625
28.2199993133545	680.960327148438
28.2399997711182	633.232849121094
28.2600002288818	534.617919921875
28.2800006866455	733.692993164063
28.2999992370605	701.756591796875
28.3199996948242	620.223693847656
28.3400001525879	529.631103515625
28.3600006103516	657.957275390625
28.3799991607666	687.305541992188
28.3999996185303	626.8759765625
28.4200000762939	763.068603515625
28.4400005340576	806.509094238281
28.4599990844727	637.19091796875
28.4799995422363	568.347045898438
28.5	567.348022460938
28.5200004577637	629.114807128906
28.5400009155273	707.673522949219
28.5599994659424	618.434509277344
28.5799999237061	637.596496582031
28.6000003814697	658.886047363281
28.6200008392334	724.979431152344
28.6399993896484	674.078308105469
28.6599998474121	612.407897949219
28.6800003051758	549.614868164063
28.7000007629395	828.180480957031
28.7199993133545	669.053955078125
28.7399997711182	688.126892089844
28.7600002288818	705.419128417969
28.7800006866455	602.934143066406
28.7999992370605	669.316040039063
28.8199996948242	616.938110351563
28.8400001525879	615.947204589844
28.8600006103516	612.617797851563
28.8799991607666	702.641967773438
28.8999996185303	725.972351074219
28.9200000762939	796.313049316406
28.9400005340576	478.686309814453
28.9599990844727	687.072448730469
28.9799995422363	594.964721679688
29	563.382141113281
29.0200004577637	664.198852539063
29.0400009155273	802.099365234375
29.0599994659424	793.51171875
29.0799999237061	497.469696044922
29.1000003814697	591.132080078125
29.1200008392334	614.3193359375
29.1399993896484	639.335205078125
29.1599998474121	660.07275390625
29.1800003051758	539.420104980469
29.2000007629395	547.995727539063
29.2199993133545	721.524047851563
29.2399997711182	483.247375488281
29.2600002288818	715.345703125
29.2800006866455	612.507446289063
29.2999992370605	673.739074707031
29.3199996948242	718.806213378906
29.3400001525879	612.594970703125
29.3600006103516	690.402404785156
29.3799991607666	735.362670898438
29.3999996185303	501.748413085938
29.4200000762939	737.451538085938
29.4400005340576	642.725036621094
29.4599990844727	659.863403320313
29.4799995422363	447.535095214844
29.5	616.218872070313
29.5200004577637	634.240234375
29.5400009155273	512.008728027344
29.5599994659424	561.264221191406
29.5799999237061	650.62890625
29.6000003814697	679.502990722656
29.6200008392334	650.499389648438
29.6399993896484	594.771667480469
29.6599998474121	532.8935546875
29.6800003051758	667.028564453125
29.7000007629395	636.4384765625
29.7199993133545	535.613708496094
29.7399997711182	502.771057128906
29.7600002288818	666.431884765625
29.7800006866455	627.880981445313
29.7999992370605	543.960998535156
29.8199996948242	647.876708984375
29.8400001525879	448.864044189453
29.8600006103516	651.222534179688
29.8799991607666	652.465026855469
29.8999996185303	636.898681640625
29.9200000762939	600.312194824219
29.9400005340576	712.32177734375
29.9599990844727	678.977905273438
29.9799995422363	654.63330078125
30	561.631530761719
30.0200004577637	532.789489746094
30.0400009155273	667.650146484375
30.0599994659424	787.712646484375
30.0799999237061	700.619079589844
30.1000003814697	585.39990234375
30.1200008392334	521.115295410156
30.1399993896484	603.095092773438
30.1599998474121	581.619140625
30.1800003051758	532.891296386719
30.2000007629395	394.456970214844
30.2199993133545	507.919006347656
30.2399997711182	730.750244140625
30.2600002288818	715.638732910156
30.2800006866455	501.564025878906
30.2999992370605	609.352233886719
30.3199996948242	590.591918945313
30.3400001525879	692.923156738281
30.3600006103516	599.952880859375
30.3799991607666	579.410095214844
30.3999996185303	688.199951171875
30.4200000762939	629.326354980469
30.4400005340576	597.744934082031
30.4599990844727	587.253356933594
30.4799995422363	607.31982421875
30.5	692.827392578125
30.5200004577637	508.999176025391
30.5400009155273	560.383056640625
30.5599994659424	564.888366699219
30.5799999237061	598.626586914063
30.6000003814697	509.621032714844
30.6200008392334	583.743103027344
30.6399993896484	468.250061035156
30.6599998474121	608.437133789063
30.6800003051758	552.335632324219
30.7000007629395	592.82470703125
30.7199993133545	599.264587402344
30.7399997711182	370.165313720703
30.7600002288818	546.09130859375
30.7800006866455	605.398559570313
30.7999992370605	576.460815429688
30.8199996948242	582.408081054688
30.8400001525879	495.701049804688
30.8600006103516	526.303588867188
30.8799991607666	513.704345703125
30.8999996185303	561.989624023438
30.9200000762939	609.203674316406
30.9400005340576	442.218566894531
30.9599990844727	504.297637939453
30.9799995422363	536.769958496094
31	553.353454589844
31.0200004577637	633.714050292969
31.0400009155273	653.881530761719
31.0599994659424	612.818908691406
31.0799999237061	520.2392578125
31.1000003814697	524.406921386719
31.1200008392334	623.654663085938
31.1399993896484	437.741394042969
31.1599998474121	469.884643554688
31.1800003051758	501.483093261719
31.2000007629395	430.100311279297
31.2199993133545	464.738464355469
31.2399997711182	583.796020507813
31.2600002288818	515.42041015625
31.2800006866455	546.544494628906
31.2999992370605	544.646728515625
31.3199996948242	418.311065673828
31.3400001525879	714.574401855469
31.3600006103516	482.880920410156
31.3799991607666	553.557495117188
31.3999996185303	434.242614746094
31.4200000762939	673.541198730469
31.4400005340576	456.433776855469
31.4599990844727	607.362121582031
31.4799995422363	402.472320556641
31.5	546.467651367188
31.5200004577637	488.416198730469
31.5400009155273	555.31298828125
31.5599994659424	381.680755615234
31.5799999237061	395.247802734375
31.6000003814697	513.645446777344
31.6200008392334	481.642669677734
31.6399993896484	455.221923828125
31.6599998474121	601.881896972656
31.6800003051758	505.214904785156
31.7000007629395	681.322326660156
31.7199993133545	438.848480224609
31.7399997711182	552.578796386719
31.7600002288818	449.718231201172
31.7800006866455	594.602111816406
31.7999992370605	562.504150390625
31.8199996948242	423.586273193359
31.8400001525879	468.976806640625
31.8600006103516	468.040161132813
31.8799991607666	518.633178710938
31.8999996185303	470.113586425781
31.9200000762939	472.029937744141
31.9400005340576	405.284027099609
31.9599990844727	498.566345214844
31.9799995422363	579.769165039063
32	492.947235107422
32.0200004577637	573.993957519531
32.0400009155273	737.143432617188
32.060001373291	485.785278320313
32.0800018310547	526.544311523438
32.0999984741211	489.192596435547
32.1199989318848	633.857299804688
32.1399993896484	546.621643066406
32.1599998474121	505.385284423828
32.1800003051758	542.055847167969
32.2000007629395	623.647155761719
32.2200012207031	393.72119140625
32.2400016784668	259.722503662109
32.2599983215332	478.529052734375
32.2799987792969	412.810424804688
32.2999992370605	361.357177734375
32.3199996948242	397.487609863281
32.3400001525879	536.560119628906
32.3600006103516	495.217681884766
32.3800010681152	445.931701660156
32.4000015258789	479.124359130859
32.4199981689453	332.010131835938
32.439998626709	637.04150390625
32.4599990844727	551.786376953125
32.4799995422363	286.466918945313
32.5	380.638244628906
32.5200004577637	416.802886962891
32.5400009155273	493.135772705078
32.560001373291	484.031127929688
32.5800018310547	540.369689941406
32.5999984741211	430.857238769531
32.6199989318848	457.313140869141
32.6399993896484	328.736602783203
32.6599998474121	425.551025390625
32.6800003051758	567.167724609375
32.7000007629395	542.025756835938
32.7200012207031	411.135284423828
32.7400016784668	521.231262207031
32.7599983215332	524.119567871094
32.7799987792969	435.204315185547
32.7999992370605	386.055541992188
32.8199996948242	410.797943115234
32.8400001525879	474.532379150391
32.8600006103516	553.394226074219
32.8800010681152	420.188507080078
32.9000015258789	431.085296630859
32.9199981689453	446.987548828125
32.939998626709	492.224029541016
32.9599990844727	559.8466796875
32.9799995422363	386.179382324219
33	498.148284912109
33.0200004577637	359.849060058594
33.0400009155273	180.056747436523
33.060001373291	372.694213867188
33.0800018310547	415.505340576172
33.0999984741211	417.974456787109
33.1199989318848	482.090515136719
33.1399993896484	410.340606689453
33.1599998474121	342.715667724609
33.1800003051758	513.660461425781
33.2000007629395	398.41552734375
33.2200012207031	307.720275878906
33.2400016784668	493.406433105469
33.2599983215332	516.287170410156
33.2799987792969	364.108337402344
33.2999992370605	371.785675048828
33.3199996948242	439.265533447266
33.3400001525879	484.416442871094
33.3600006103516	475.026153564453
33.3800010681152	453.432922363281
33.4000015258789	305.813140869141
33.4199981689453	516.379455566406
33.439998626709	449.319854736328
33.4599990844727	276.29736328125
33.4799995422363	527.33349609375
33.5	369.653289794922
33.5200004577637	521.483581542969
33.5400009155273	552.618774414063
33.560001373291	556.784912109375
33.5800018310547	345.915557861328
33.5999984741211	440.524749755859
33.6199989318848	464.557434082031
33.6399993896484	346.299041748047
33.6599998474121	331.406280517578
33.6800003051758	382.9853515625
33.7000007629395	354.535064697266
33.7200012207031	325.745880126953
33.7400016784668	366.848876953125
33.7599983215332	313.458038330078
33.7799987792969	282.874114990234
33.7999992370605	393.734649658203
33.8199996948242	492.782806396484
33.8400001525879	354.22216796875
33.8600006103516	472.313293457031
33.8800010681152	463.608917236328
33.9000015258789	493.174652099609
33.9199981689453	402.6669921875
33.939998626709	523.198120117188
33.9599990844727	306.314575195313
33.9799995422363	568.94873046875
34	309.635650634766
34.0200004577637	496.533874511719
34.0400009155273	334.7421875
34.060001373291	290.771881103516
34.0800018310547	354.123168945313
34.0999984741211	339.936584472656
34.1199989318848	452.182220458984
34.1399993896484	401.366668701172
34.1599998474121	386.0439453125
34.1800003051758	447.127990722656
34.2000007629395	367.408203125
34.2200012207031	533.844482421875
34.2400016784668	576.255065917969
34.2599983215332	561.404357910156
34.2799987792969	503.435974121094
34.2999992370605	387.810211181641
34.3199996948242	469.464050292969
34.3400001525879	500.227569580078
34.3600006103516	344.538024902344
34.3800010681152	532.307983398438
34.4000015258789	509.738006591797
34.4199981689453	550.966064453125
34.439998626709	366.109283447266
34.4599990844727	375.308410644531
34.4799995422363	516.582763671875
34.5	422.933959960938
34.5200004577637	439.216369628906
34.5400009155273	478.163757324219
34.560001373291	417.401611328125
34.5800018310547	454.210113525391
34.5999984741211	361.744079589844
34.6199989318848	452.266387939453
34.6399993896484	574.959655761719
34.6599998474121	450.016876220703
34.6800003051758	437.665954589844
34.7000007629395	404.56982421875
34.7200012207031	380.870574951172
34.7400016784668	442.055053710938
34.7599983215332	458.576202392578
34.7799987792969	462.001861572266
34.7999992370605	357.754302978516
34.8199996948242	516.113342285156
34.8400001525879	477.717681884766
34.8600006103516	354.471008300781
34.8800010681152	389.434234619141
34.9000015258789	354.797882080078
34.9199981689453	350.853759765625
34.939998626709	455.381317138672
34.9599990844727	379.747589111328
34.9799995422363	432.256408691406
35	304.973205566406
35.0200004577637	582.0869140625
35.0400009155273	501.600799560547
35.060001373291	410.328125
35.0800018310547	503.993072509766
35.0999984741211	392.512573242188
35.1199989318848	529.941284179688
35.1399993896484	362.692443847656
35.1599998474121	582.356628417969
35.1800003051758	448.586181640625
35.2000007629395	408.780090332031
35.2200012207031	467.839599609375
35.2400016784668	384.780029296875
35.2599983215332	357.648284912109
35.2799987792969	353.123840332031
35.2999992370605	296.706176757813
35.3199996948242	440.963745117188
35.3400001525879	310.891815185547
35.3600006103516	451.462860107422
35.3800010681152	340.438629150391
35.4000015258789	342.95947265625
35.4199981689453	420.695251464844
35.439998626709	294.464111328125
35.4599990844727	385.320922851563
35.4799995422363	412.568756103516
35.5	403.7783203125
35.5200004577637	426.8642578125
35.5400009155273	411.175415039063
35.560001373291	397.009216308594
35.5800018310547	273.085021972656
35.5999984741211	320.870941162109
35.6199989318848	456.382537841797
35.6399993896484	505.767883300781
35.6599998474121	429.734710693359
35.6800003051758	377.052825927734
35.7000007629395	381.270202636719
35.7200012207031	375.003997802734
35.7400016784668	405.375915527344
35.7599983215332	374.982604980469
35.7799987792969	359.837829589844
35.7999992370605	323.109375
35.8199996948242	356.653076171875
35.8400001525879	297.193664550781
35.8600006103516	401.395202636719
35.8800010681152	442.820587158203
35.9000015258789	336.837341308594
35.9199981689453	419.252075195313
35.939998626709	358.744476318359
35.9599990844727	328.001983642578
35.9799995422363	423.991333007813
36	385.90625
36.0200004577637	321.5087890625
36.0400009155273	440.174957275391
36.060001373291	431.844848632813
36.0800018310547	308.323608398438
36.0999984741211	455.785766601563
36.1199989318848	331.79296875
36.1399993896484	347.399932861328
36.1599998474121	363.237762451172
36.1800003051758	393.068878173828
36.2000007629395	325.559906005859
36.2200012207031	427.739776611328
36.2400016784668	290.580413818359
36.2599983215332	400.638641357422
36.2799987792969	332.935791015625
36.2999992370605	481.462005615234
36.3199996948242	530.361450195313
36.3400001525879	575.159118652344
36.3600006103516	495.972290039063
36.3800010681152	428.530578613281
36.4000015258789	470.530792236328
36.4199981689453	380.718688964844
36.439998626709	348.906951904297
36.4599990844727	358.56201171875
36.4799995422363	380.515350341797
36.5	538.710815429688
36.5200004577637	359.039367675781
36.5400009155273	234.02766418457
36.560001373291	373.9482421875
36.5800018310547	264.808288574219
36.5999984741211	387.178405761719
36.6199989318848	382.022094726563
36.6399993896484	243.347015380859
36.6599998474121	294.734008789063
36.6800003051758	381.300018310547
36.7000007629395	426.929412841797
36.7200012207031	288.073974609375
36.7400016784668	414.112731933594
36.7599983215332	317.561248779297
36.7799987792969	267.053344726563
36.7999992370605	375.971710205078
36.8199996948242	365.719787597656
36.8400001525879	397.463745117188
36.8600006103516	373.957946777344
36.8800010681152	352.306274414063
36.9000015258789	451.85693359375
36.9199981689453	439.373779296875
36.939998626709	313.9755859375
36.9599990844727	519.765075683594
36.9799995422363	422.192779541016
37	369.521240234375
37.0200004577637	336.088256835938
37.0400009155273	309.255493164063
37.060001373291	363.554718017578
37.0800018310547	355.793701171875
37.0999984741211	307.261505126953
37.1199989318848	449.422698974609
37.1399993896484	289.359985351563
37.1599998474121	366.576324462891
37.1800003051758	346.211242675781
37.2000007629395	469.764770507813
37.2200012207031	461.997772216797
37.2400016784668	307.503021240234
37.2599983215332	443.382415771484
37.2799987792969	395.367004394531
37.2999992370605	432.738952636719
37.3199996948242	461.319519042969
37.3400001525879	495.478912353516
37.3600006103516	447.633209228516
37.3800010681152	336.048492431641
37.4000015258789	396.946899414063
37.4199981689453	438.717132568359
37.439998626709	453.276733398438
37.4599990844727	216.538848876953
37.4799995422363	412.949890136719
37.5	478.604064941406
37.5200004577637	326.160827636719
37.5400009155273	389.992736816406
37.560001373291	423.365966796875
37.5800018310547	452.283996582031
37.5999984741211	489.111114501953
37.6199989318848	375.502777099609
37.6399993896484	470.419158935547
37.6599998474121	456.767486572266
37.6800003051758	436.864776611328
37.7000007629395	492.256774902344
37.7200012207031	343.226501464844
37.7400016784668	372.248901367188
37.7599983215332	468.4775390625
37.7799987792969	482.143707275391
37.7999992370605	468.243316650391
37.8199996948242	360.944915771484
37.8400001525879	301.801727294922
37.8600006103516	377.580749511719
37.8800010681152	408.7197265625
37.9000015258789	596.220703125
37.9199981689453	523.470031738281
37.939998626709	455.463470458984
37.9599990844727	567.818725585938
37.9799995422363	670.059631347656
38	771.508483886719
38.0200004577637	813.70361328125
38.0400009155273	830.607238769531
38.060001373291	998.042419433594
38.0800018310547	1021.45733642578
38.0999984741211	1302.35864257813
38.1199989318848	1543.419921875
38.1399993896484	1887.38647460938
38.1599998474121	3405.11157226563
38.1800003051758	6197.54638671875
38.2000007629395	11249.1455078125
38.2200012207031	13303.94140625
38.2400016784668	8672.732421875
38.2599983215332	5191.11328125
38.2799987792969	5539.78759765625
38.2999992370605	6890.53857421875
38.3199996948242	7797.49169921875
38.3400001525879	4977.876953125
38.3600006103516	2687.2158203125
38.3800010681152	2097.74340820313
38.4000015258789	1552.21130371094
38.4199981689453	1157.08410644531
38.439998626709	787.058471679688
38.4599990844727	601.659057617188
38.4799995422363	735.994689941406
38.5	651.524719238281
38.5200004577637	667.16162109375
38.5400009155273	397.655639648438
38.560001373291	448.628845214844
38.5800018310547	548.027404785156
38.5999984741211	497.976837158203
38.6199989318848	407.645050048828
38.6399993896484	357.931976318359
38.6599998474121	513.760864257813
38.6800003051758	463.774108886719
38.7000007629395	444.510589599609
38.7200012207031	565.818908691406
38.7400016784668	389.304229736328
38.7599983215332	516.523559570313
38.7799987792969	485.734405517578
38.7999992370605	369.774139404297
38.8199996948242	418.269805908203
38.8400001525879	389.357360839844
38.8600006103516	536.793334960938
38.8800010681152	447.388366699219
38.9000015258789	219.731033325195
38.9199981689453	315.879180908203
38.939998626709	384.257843017578
38.9599990844727	569.817260742188
38.9799995422363	406.888824462891
39	317.295166015625
39.0200004577637	280.964721679688
39.0400009155273	363.707824707031
39.060001373291	456.329711914063
39.0800018310547	376.033233642578
39.0999984741211	314.845855712891
39.1199989318848	470.729278564453
39.1399993896484	422.888214111328
39.1599998474121	349.021270751953
39.1800003051758	547.310485839844
39.2000007629395	409.878143310547
39.2200012207031	384.332702636719
39.2400016784668	374.652038574219
39.2599983215332	505.114288330078
39.2799987792969	462.906433105469
39.2999992370605	483.922790527344
39.3199996948242	609.162536621094
39.3400001525879	467.684478759766
39.3600006103516	386.689453125
39.3800010681152	419.590728759766
39.4000015258789	495.540069580078
39.4199981689453	399.857849121094
39.439998626709	361.820617675781
39.4599990844727	386.462249755859
39.4799995422363	604.370544433594
39.5	495.828308105469
39.5200004577637	371.622833251953
39.5400009155273	454.624176025391
39.560001373291	344.680847167969
39.5800018310547	453.949523925781
39.5999984741211	459.002014160156
39.6199989318848	455.387939453125
39.6399993896484	442.927917480469
39.6599998474121	406.46240234375
39.6800003051758	442.980804443359
39.7000007629395	364.127716064453
39.7200012207031	607.137817382813
39.7400016784668	339.389251708984
39.7599983215332	364.827423095703
39.7799987792969	412.640930175781
39.7999992370605	440.740905761719
39.8199996948242	456.919799804688
39.8400001525879	493.593231201172
39.8600006103516	493.748382568359
39.8800010681152	354.493072509766
39.9000015258789	345.462036132813
39.9199981689453	426.165191650391
39.939998626709	460.408630371094
39.9599990844727	517.259887695313
39.9799995422363	422.136932373047
40	479.800506591797
40.0200004577637	355.667388916016
40.0400009155273	536.476135253906
40.060001373291	514.479248046875
40.0800018310547	508.904510498047
40.0999984741211	513.599731445313
40.1199989318848	701.67431640625
40.1399993896484	792.105895996094
40.1599998474121	795.447326660156
40.1800003051758	946.476867675781
40.2000007629395	1211.20739746094
40.2200012207031	1257.90979003906
40.2400016784668	1387.52404785156
40.2599983215332	1692.00146484375
40.2799987792969	1995.42175292969
40.2999992370605	2438.25
40.3199996948242	3385.9716796875
40.3400001525879	5069.13134765625
40.3600006103516	9075.142578125
40.3800010681152	16701.748046875
40.4000015258789	25204.01953125
40.4199981689453	19506.35546875
40.439998626709	10590.490234375
40.4599990844727	7592.12548828125
40.4799995422363	9405.890625
40.5	13326.2783203125
40.5200004577637	12027.6142578125
40.5400009155273	6088.892578125
40.560001373291	3652.119140625
40.5800018310547	2106.53881835938
40.5999984741211	1839.56262207031
40.6199989318848	1333.33581542969
40.6399993896484	1150.70324707031
40.6599998474121	894.386413574219
40.6800003051758	854.674682617188
40.7000007629395	803.28564453125
40.7200012207031	730.690734863281
40.7400016784668	619.657836914063
40.7599983215332	534.063110351563
40.7799987792969	500.957122802734
40.7999992370605	441.077026367188
40.8199996948242	630.29150390625
40.8400001525879	535.160217285156
40.8600006103516	482.204803466797
40.8800010681152	637.72021484375
40.9000015258789	681.157348632813
40.9199981689453	523.49072265625
40.939998626709	382.832305908203
40.9599990844727	541.931579589844
40.9799995422363	398.200592041016
41	470.691833496094
41.0200004577637	445.721649169922
41.0400009155273	582.193054199219
41.060001373291	456.629943847656
41.0800018310547	532.826965332031
41.0999984741211	428.965850830078
41.1199989318848	351.414855957031
41.1399993896484	257.718322753906
41.1599998474121	432.388061523438
41.1800003051758	442.449951171875
41.2000007629395	441.693634033203
41.2200012207031	453.3486328125
41.2400016784668	504.736785888672
41.2599983215332	402.581817626953
41.2799987792969	451.371917724609
41.2999992370605	456.353363037109
41.3199996948242	314.301208496094
41.3400001525879	414.86181640625
41.3600006103516	385.066436767578
41.3800010681152	420.496185302734
41.4000015258789	490.166076660156
41.4199981689453	499.544128417969
41.439998626709	392.734252929688
41.4599990844727	439.009399414063
41.4799995422363	447.110595703125
41.5	332.159454345703
41.5200004577637	309.747711181641
41.5400009155273	344.387573242188
41.560001373291	502.448425292969
41.5800018310547	422.783355712891
41.5999984741211	418.805206298828
41.6199989318848	466.665740966797
41.6399993896484	358.886596679688
41.6599998474121	368.924835205078
41.6800003051758	398.322296142578
41.7000007629395	444.542785644531
41.7200012207031	295.441314697266
41.7400016784668	355.688385009766
41.7599983215332	401.261138916016
41.7799987792969	340.767333984375
41.7999992370605	307.801177978516
41.8199996948242	393.265167236328
41.8400001525879	205.006240844727
41.8600006103516	350.871887207031
41.8800010681152	433.931335449219
41.9000015258789	409.579528808594
41.9199981689453	320.750640869141
41.939998626709	381.860504150391
41.9599990844727	443.013702392578
41.9799995422363	413.970855712891
42	294.772888183594
42.0200004577637	475.806976318359
42.0400009155273	375.714660644531
42.060001373291	459.099884033203
42.0800018310547	375.822509765625
42.0999984741211	471.020050048828
42.1199989318848	347.748657226563
42.1399993896484	482.259887695313
42.1599998474121	419.420959472656
42.1800003051758	401.610137939453
42.2000007629395	518.914184570313
42.2200012207031	419.68603515625
42.2400016784668	356.848815917969
42.2599983215332	439.960235595703
42.2799987792969	254.760101318359
42.2999992370605	413.707427978516
42.3199996948242	349.476501464844
42.3400001525879	454.768005371094
42.3600006103516	316.465026855469
42.3800010681152	459.54345703125
42.4000015258789	430.821838378906
42.4199981689453	429.007171630859
42.439998626709	387.455993652344
42.4599990844727	466.618438720703
42.4799995422363	349.534240722656
42.5	395.912811279297
42.5200004577637	425.251678466797
42.5400009155273	373.166473388672
42.560001373291	270.579864501953
42.5800018310547	362.01806640625
42.5999984741211	453.740600585938
42.6199989318848	450.068878173828
42.6399993896484	405.472442626953
42.6599998474121	361.100921630859
42.6800003051758	546.029357910156
42.7000007629395	397.5029296875
42.7200012207031	279.187408447266
42.7400016784668	346.928253173828
42.7599983215332	474.200592041016
42.7799987792969	383.844360351563
42.7999992370605	488.500671386719
42.8199996948242	413.786865234375
42.8400001525879	353.095764160156
42.8600006103516	407.540191650391
42.8800010681152	396.297027587891
42.9000015258789	461.756042480469
42.9199981689453	314.994567871094
42.939998626709	411.645263671875
42.9599990844727	277.218170166016
42.9799995422363	518.872436523438
43	418.845581054688
43.0200004577637	364.094299316406
43.0400009155273	389.032562255859
43.060001373291	587.431701660156
43.0800018310547	444.378143310547
43.0999984741211	553.344848632813
43.1199989318848	656.978088378906
43.1399993896484	658.666198730469
43.1599998474121	628.718933105469
43.1800003051758	865.611999511719
43.2000007629395	878.297546386719
43.2200012207031	1088.51098632813
43.2400016784668	1634.73962402344
43.2599983215332	2589.8759765625
43.2799987792969	4129.3544921875
43.2999992370605	5678.90966796875
43.3199996948242	4268.0087890625
43.3400001525879	2677.3701171875
43.3600006103516	1783.66235351563
43.3800010681152	2134.75390625
43.4000015258789	2832.38110351563
43.4199981689453	3261.21533203125
43.439998626709	2214.1259765625
43.4599990844727	1399.76635742188
43.4799995422363	949.123352050781
43.5	758.386962890625
43.5200004577637	744.728210449219
43.5400009155273	532.983337402344
43.560001373291	507.317504882813
43.5800018310547	436.642608642578
43.5999984741211	458.787994384766
43.6199989318848	399.211334228516
43.6399993896484	353.607086181641
43.6599998474121	406.46142578125
43.6800003051758	307.102416992188
43.7000007629395	433.870697021484
43.7200012207031	466.070648193359
43.7400016784668	408.094512939453
43.7599983215332	434.411407470703
43.7799987792969	315.543762207031
43.7999992370605	304.999053955078
43.8199996948242	298.253112792969
43.8400001525879	260.893096923828
43.8600006103516	427.41455078125
43.8800010681152	531.673583984375
43.9000015258789	469.010314941406
43.9199981689453	352.640289306641
43.939998626709	460.150390625
43.9599990844727	334.306976318359
43.9799995422363	491.604522705078
44	374.42919921875
44.0200004577637	431.901458740234
44.0400009155273	347.403015136719
44.060001373291	442.569580078125
44.0800018310547	241.941528320313
44.0999984741211	285.432067871094
44.1199989318848	426.871948242188
44.1399993896484	351.611419677734
44.1599998474121	400.600280761719
44.1800003051758	583.730529785156
44.2000007629395	355.828918457031
44.2200012207031	323.321563720703
44.2400016784668	252.477569580078
44.2599983215332	281.954559326172
44.2799987792969	399.454895019531
44.2999992370605	480.168548583984
44.3199996948242	370.465118408203
44.3400001525879	445.385375976563
44.3600006103516	463.374877929688
44.3800010681152	339.660278320313
44.4000015258789	267.626983642578
44.4199981689453	519.792297363281
44.439998626709	365.003784179688
44.4599990844727	488.236297607422
44.4799995422363	528.864868164063
44.5	304.794738769531
44.5200004577637	374.066467285156
44.5400009155273	328.901580810547
44.560001373291	363.342468261719
44.5800018310547	406.703430175781
44.5999984741211	459.338073730469
44.6199989318848	395.062774658203
44.6399993896484	516.116516113281
44.6599998474121	597.539978027344
44.6800003051758	318.593811035156
44.7000007629395	448.850189208984
44.7200012207031	341.837768554688
44.7400016784668	330.634979248047
44.7599983215332	428.133850097656
44.7799987792969	266.922821044922
44.7999992370605	474.25048828125
44.8199996948242	435.434814453125
44.8400001525879	290.800018310547
44.8600006103516	227.193908691406
44.8800010681152	393.660064697266
44.9000015258789	397.922424316406
44.9199981689453	338.794006347656
44.939998626709	342.934295654297
44.9599990844727	361.311981201172
44.9799995422363	278.037231445313
45	357.137939453125
45.0200004577637	470.059722900391
45.0400009155273	181.517623901367
45.060001373291	254.015777587891
45.0800018310547	318.263580322266
45.0999984741211	351.760467529297
45.1199989318848	316.348937988281
45.1399993896484	415.201843261719
45.1599998474121	389.940155029297
45.1800003051758	481.615051269531
45.2000007629395	429.379791259766
45.2200012207031	308.638305664063
45.2400016784668	227.763793945313
45.2599983215332	418.717193603516
45.2799987792969	427.992919921875
45.2999992370605	273.672241210938
45.3199996948242	456.059112548828
45.3400001525879	307.570434570313
45.3600006103516	255.268325805664
45.3800010681152	335.278137207031
45.4000015258789	256.877868652344
45.4199981689453	312.977600097656
45.439998626709	378.786010742188
45.4599990844727	290.973449707031
45.4799995422363	445.869842529297
45.5	403.8408203125
45.5200004577637	231.987808227539
45.5400009155273	334.844787597656
45.560001373291	294.91650390625
45.5800018310547	387.852600097656
45.5999984741211	393.709503173828
45.6199989318848	294.041900634766
45.6399993896484	453.810821533203
45.6599998474121	444.330078125
45.6800003051758	443.032684326172
45.7000007629395	424.484558105469
45.7200012207031	466.957244873047
45.7400016784668	428.867248535156
45.7599983215332	701.98681640625
45.7799987792969	630.63671875
45.7999992370605	831.773498535156
45.8199996948242	1338.89477539063
45.8400001525879	1999.51879882813
45.8600006103516	2271.27978515625
45.8800010681152	1686.53649902344
45.9000015258789	1334.80456542969
45.9199981689453	1213.12487792969
45.939998626709	1199.56481933594
45.9599990844727	1476.66882324219
45.9799995422363	1456.88317871094
46	1224.4072265625
46.0200004577637	941.012573242188
46.0400009155273	581.303100585938
46.060001373291	675.473815917969
46.0800018310547	625.39501953125
46.0999984741211	431.654876708984
46.1199989318848	465.949188232422
46.1399993896484	410.209075927734
46.1599998474121	461.395416259766
46.1800003051758	493.618255615234
46.2000007629395	543.817626953125
46.2200012207031	488.995880126953
46.2400016784668	462.525848388672
46.2599983215332	474.682830810547
46.2799987792969	357.013061523438
46.2999992370605	310.916076660156
46.3199996948242	306.982604980469
46.3400001525879	451.332336425781
46.3600006103516	451.683715820313
46.3800010681152	568.050476074219
46.4000015258789	297.921997070313
46.4199981689453	376.700561523438
46.439998626709	336.975067138672
46.4599990844727	301.973541259766
46.4799995422363	507.552276611328
46.5	359.696228027344
46.5200004577637	413.60205078125
46.5400009155273	264.103668212891
46.560001373291	408.281219482422
46.5800018310547	314.758941650391
46.5999984741211	309.914184570313
46.6199989318848	414.040252685547
46.6399993896484	452.831207275391
46.6599998474121	313.447296142578
46.6800003051758	376.181060791016
46.7000007629395	307.779754638672
46.7200012207031	487.887939453125
46.7400016784668	355.221374511719
46.7599983215332	377.832092285156
46.7799987792969	352.286590576172
46.7999992370605	390.814147949219
46.8199996948242	381.936950683594
46.8400001525879	568.415649414063
46.8600006103516	349.617004394531
46.8800010681152	580.178833007813
46.9000015258789	680.589477539063
46.9199981689453	570.16650390625
46.939998626709	821.23974609375
46.9599990844727	1201.30578613281
46.9799995422363	1928.74328613281
47	3158.32958984375
47.0200004577637	2673.5234375
47.0400009155273	1617.69311523438
47.060001373291	1080.06689453125
47.0800018310547	832.657165527344
47.0999984741211	1306.54541015625
47.1199989318848	1830.72509765625
47.1399993896484	1761.85144042969
47.1599998474121	1008.58502197266
47.1800003051758	765.594543457031
47.2000007629395	508.514923095703
47.2200012207031	483.544372558594
47.2400016784668	526.993896484375
47.2599983215332	269.843078613281
47.2799987792969	219.831848144531
47.2999992370605	494.681396484375
47.3199996948242	243.748245239258
47.3400001525879	488.286224365234
47.3600006103516	444.296325683594
47.3800010681152	416.509368896484
47.4000015258789	321.583862304688
47.4199981689453	430.222320556641
47.439998626709	264.932922363281
47.4599990844727	370.251281738281
47.4799995422363	451.039520263672
47.5	333.922302246094
47.5200004577637	412.108581542969
47.5400009155273	467.15966796875
47.560001373291	430.660247802734
47.5800018310547	311.435791015625
47.5999984741211	375.297241210938
47.6199989318848	510.452880859375
47.6399993896484	364.293426513672
47.6599998474121	344.263366699219
47.6800003051758	390.926422119141
47.7000007629395	324.906860351563
47.7200012207031	337.077026367188
47.7400016784668	285.517028808594
47.7599983215332	409.683502197266
47.7799987792969	385.802703857422
47.7999992370605	539.863708496094
47.8199996948242	365.466125488281
47.8400001525879	337.944000244141
47.8600006103516	385.646453857422
47.8800010681152	338.548431396484
47.9000015258789	516.842163085938
47.9199981689453	342.466278076172
47.939998626709	393.185699462891
47.9599990844727	402.566589355469
47.9799995422363	465.054077148438
48	507.512512207031
48.0200004577637	261.132751464844
48.0400009155273	453.015838623047
48.060001373291	399.288879394531
48.0800018310547	338.011413574219
48.0999984741211	334.838012695313
48.1199989318848	497.245635986328
48.1399993896484	405.466674804688
48.1599998474121	339.11669921875
48.1800003051758	209.507965087891
48.2000007629395	249.217681884766
48.2200012207031	296.188781738281
48.2400016784668	339.759582519531
48.2599983215332	317.797790527344
48.2799987792969	344.146453857422
48.2999992370605	369.303955078125
48.3199996948242	335.672454833984
48.3400001525879	369.812255859375
48.3600006103516	446.487274169922
48.3800010681152	296.518280029297
48.4000015258789	344.841888427734
48.4199981689453	290.039428710938
48.439998626709	387.605590820313
48.4599990844727	295.233215332031
48.4799995422363	386.053527832031
48.5	517.010375976563
48.5200004577637	343.540405273438
48.5400009155273	354.656799316406
48.560001373291	539.446472167969
48.5800018310547	369.714447021484
48.5999984741211	277.393432617188
48.6199989318848	391.251281738281
48.6399993896484	450.678497314453
48.6599998474121	343.186309814453
48.6800003051758	513.993225097656
48.7000007629395	244.651870727539
48.7200012207031	299.42919921875
48.7400016784668	419.127899169922
48.7599983215332	315.509124755859
48.7799987792969	432.568359375
48.7999992370605	294.123291015625
48.8199996948242	267.913482666016
48.8400001525879	254.9248046875
48.8600006103516	396.526428222656
48.8800010681152	293.020141601563
48.9000015258789	493.566986083984
48.9199981689453	379.194244384766
48.939998626709	292.863983154297
48.9599990844727	399.469818115234
48.9799995422363	222.509429931641
49	351.744537353516
49.0200004577637	382.316772460938
49.0400009155273	494.512176513672
49.060001373291	498.505706787109
49.0800018310547	340.374206542969
49.0999984741211	298.857360839844
49.1199989318848	451.211181640625
49.1399993896484	431.127532958984
49.1599998474121	479.249206542969
49.1800003051758	491.484161376953
49.2000007629395	518.971862792969
49.2200012207031	373.949188232422
49.2400016784668	335.270294189453
49.2599983215332	423.039825439453
49.2799987792969	417.187316894531
49.2999992370605	463.943176269531
49.3199996948242	660.283264160156
49.3400001525879	387.698364257813
49.3600006103516	698.63671875
49.3800010681152	591.086547851563
49.4000015258789	792.4140625
49.4199981689453	983.757507324219
49.439998626709	1066.28881835938
49.4599990844727	1025.63464355469
49.4799995422363	1108.81677246094
49.5	1447.32507324219
49.5200004577637	2031.49389648438
49.5400009155273	2861.81274414063
49.560001373291	5008.06005859375
49.5800018310547	8385.9609375
49.5999984741211	10197.23046875
49.6199989318848	7005.16748046875
49.6399993896484	4608.79638671875
49.6599998474121	3180.82592773438
49.6800003051758	3088.21850585938
49.7000007629395	3710.86499023438
49.7200012207031	5327.47900390625
49.7400016784668	4933.7587890625
49.7599983215332	3462.50610351563
49.7799987792969	2017.76391601563
49.7999992370605	1163.52856445313
49.8199996948242	1207.49157714844
49.8400001525879	956.913269042969
49.8600006103516	767.679565429688
49.8800010681152	903.533203125
49.9000015258789	644.944091796875
49.9199981689453	487.005065917969
49.939998626709	542.485595703125
49.9599990844727	385.520355224609
49.9799995422363	604.777648925781
50	506.792846679688
50.0200004577637	472.704376220703
50.0400009155273	507.267761230469
50.060001373291	565.214599609375
50.0800018310547	349.305297851563
50.0999984741211	381.752075195313
50.1199989318848	484.304260253906
50.1399993896484	531.822021484375
50.1599998474121	296.580108642578
50.1800003051758	192.748443603516
50.2000007629395	349.191040039063
50.2200012207031	363.973907470703
50.2400016784668	456.239227294922
50.2599983215332	333.157104492188
50.2799987792969	378.7548828125
50.2999992370605	405.415191650391
50.3199996948242	399.688537597656
50.3400001525879	425.930480957031
50.3600006103516	310.340942382813
50.3800010681152	264.663208007813
50.4000015258789	345.908599853516
50.4199981689453	375.491851806641
50.439998626709	396.118591308594
50.4599990844727	328.222106933594
50.4799995422363	498.880096435547
50.5	353.700103759766
50.5200004577637	408.005920410156
50.5400009155273	388.111938476563
50.560001373291	334.050628662109
50.5800018310547	472.749481201172
50.5999984741211	390.549468994141
50.6199989318848	501.676727294922
50.6399993896484	412.239593505859
50.6599998474121	371.65087890625
50.6800003051758	320.606536865234
50.7000007629395	354.408599853516
50.7200012207031	482.462249755859
50.7400016784668	457.686157226563
50.7599983215332	464.469055175781
50.7799987792969	450.684295654297
50.7999992370605	381.244781494141
50.8199996948242	488.634643554688
50.8400001525879	311.095397949219
50.8600006103516	293.035919189453
50.8800010681152	411.65625
50.9000015258789	396.7734375
50.9199981689453	487.538757324219
50.939998626709	628.888061523438
50.9599990844727	526.04052734375
50.9799995422363	419.951721191406
51	415.848785400391
51.0200004577637	526.310546875
51.0400009155273	423.698760986328
51.060001373291	485.932922363281
51.0800018310547	571.10498046875
51.0999984741211	554.990539550781
51.1199989318848	613.916076660156
51.1399993896484	855.783874511719
51.1599998474121	1027.8486328125
51.1800003051758	1664.50012207031
51.2000007629395	2451.96630859375
51.2200012207031	2177.48168945313
51.2400016784668	1640.0830078125
51.2599983215332	1166.4853515625
51.2799987792969	908.857299804688
51.2999992370605	957.356994628906
51.3199996948242	1212.42907714844
51.3400001525879	1550.54174804688
51.3600006103516	1344.033203125
51.3800010681152	891.363403320313
51.4000015258789	711.45947265625
51.4199981689453	488.808441162109
51.439998626709	454.632720947266
51.4599990844727	511.070495605469
51.4799995422363	526.623352050781
51.5	559.924987792969
51.5200004577637	426.86865234375
51.5400009155273	289.995269775391
51.560001373291	352.774597167969
51.5800018310547	453.874450683594
51.5999984741211	440.946563720703
51.6199989318848	394.842407226563
51.6399993896484	273.0810546875
51.6599998474121	317.667938232422
51.6800003051758	466.832427978516
51.7000007629395	325.210205078125
51.7200012207031	343.916351318359
51.7400016784668	302.030090332031
51.7599983215332	304.250518798828
51.7799987792969	336.634063720703
51.7999992370605	317.940002441406
51.8199996948242	357.975006103516
51.8400001525879	476.283416748047
51.8600006103516	630.665893554688
51.8800010681152	867.302734375
51.9000015258789	1041.8193359375
51.9199981689453	933.578186035156
51.939998626709	750.519409179688
51.9599990844727	711.611450195313
51.9799995422363	527.15771484375
52	545.467163085938
52.0200004577637	732.98779296875
52.0400009155273	742.853820800781
52.060001373291	898.356140136719
52.0800018310547	591.422485351563
52.0999984741211	389.422760009766
52.1199989318848	481.6103515625
52.1399993896484	423.546600341797
52.1599998474121	299.829345703125
52.1800003051758	501.923736572266
52.2000007629395	394.997375488281
52.2200012207031	383.844573974609
52.2400016784668	409.752288818359
52.2599983215332	284.445220947266
52.2799987792969	398.741241455078
52.2999992370605	240.262344360352
52.3199996948242	398.009063720703
52.3400001525879	445.099639892578
52.3600006103516	471.185363769531
52.3800010681152	347.326416015625
52.4000015258789	411.950592041016
52.4199981689453	294.843688964844
52.439998626709	375.941680908203
52.4599990844727	415.232635498047
52.4799995422363	361.045715332031
52.5	328.001525878906
52.5200004577637	353.969848632813
52.5400009155273	304.681121826172
52.560001373291	499.789428710938
52.5800018310547	348.048217773438
52.5999984741211	253.435668945313
52.6199989318848	257.267974853516
52.6399993896484	390.107849121094
52.6599998474121	375.227142333984
52.6800003051758	329.39794921875
52.7000007629395	283.262084960938
52.7200012207031	272.703369140625
52.7400016784668	402.406127929688
52.7599983215332	260.068725585938
52.7799987792969	385.156646728516
52.7999992370605	382.902740478516
52.8199996948242	389.781768798828
52.8400001525879	415.934051513672
52.8600006103516	425.716979980469
52.8800010681152	474.444580078125
52.9000015258789	463.630218505859
52.9199981689453	442.135162353516
52.939998626709	445.223541259766
52.9599990844727	347.282867431641
52.9799995422363	284.268463134766
53	216.207992553711
53.0200004577637	418.859130859375
53.0400009155273	376.548309326172
53.060001373291	304.034484863281
53.0800018310547	499.636138916016
53.0999984741211	391.748840332031
53.1199989318848	432.981658935547
53.1399993896484	328.471893310547
53.1599998474121	313.375366210938
53.1800003051758	464.566284179688
53.2000007629395	326.233062744141
53.2200012207031	456.368621826172
53.2400016784668	415.36474609375
53.2599983215332	352.847991943359
53.2799987792969	444.877532958984
53.2999992370605	517.820617675781
53.3199996948242	361.449859619141
53.3400001525879	309.560180664063
53.3600006103516	278.172454833984
53.3800010681152	307.914367675781
53.4000015258789	296.896148681641
53.4199981689453	355.745147705078
53.439998626709	350.115051269531
53.4599990844727	321.680847167969
53.4799995422363	386.1005859375
53.5	322.695678710938
53.5200004577637	263.158508300781
53.5400009155273	360.980316162109
53.560001373291	357.639587402344
53.5800018310547	459.625793457031
53.5999984741211	358.128479003906
53.6199989318848	417.706359863281
53.6399993896484	478.237701416016
53.6599998474121	407.578826904297
53.6800003051758	409.885437011719
53.7000007629395	357.893524169922
53.7200012207031	281.556274414063
53.7400016784668	397.732849121094
53.7599983215332	324.588226318359
53.7799987792969	173.109130859375
53.7999992370605	415.777282714844
53.8199996948242	446.166076660156
53.8400001525879	430.373229980469
53.8600006103516	460.703277587891
53.8800010681152	353.384002685547
53.9000015258789	393.904052734375
53.9199981689453	442.605651855469
53.939998626709	299.047668457031
53.9599990844727	322.585601806641
53.9799995422363	443.322448730469
54	493.880676269531
54.0200004577637	353.698516845703
54.0400009155273	413.094085693359
54.060001373291	296.614898681641
54.0800018310547	406.498626708984
54.0999984741211	363.925598144531
54.1199989318848	314.025482177734
54.1399993896484	370.349578857422
54.1599998474121	449.610137939453
54.1800003051758	402.895751953125
54.2000007629395	311.266693115234
54.2200012207031	405.516906738281
54.2400016784668	372.799530029297
54.2599983215332	338.320037841797
54.2799987792969	363.308868408203
54.2999992370605	441.250457763672
54.3199996948242	312.681854248047
54.3400001525879	392.5009765625
54.3600006103516	396.063018798828
54.3800010681152	298.489562988281
54.4000015258789	318.841705322266
54.4199981689453	165.217681884766
54.439998626709	328.279205322266
54.4599990844727	358.788970947266
54.4799995422363	326.620849609375
54.5	377.765686035156
54.5200004577637	331.014251708984
54.5400009155273	338.063110351563
54.560001373291	273.325714111328
54.5800018310547	430.418762207031
54.5999984741211	267.997283935547
54.6199989318848	463.163970947266
54.6399993896484	544.364135742188
54.6599998474121	330.234588623047
54.6800003051758	429.180755615234
54.7000007629395	273.816284179688
54.7200012207031	298.550445556641
54.7400016784668	341.464569091797
54.7599983215332	304.787811279297
54.7799987792969	384.234680175781
54.7999992370605	320.787078857422
54.8199996948242	489.6005859375
54.8400001525879	305.980499267578
54.8600006103516	374.672149658203
54.8800010681152	420.543212890625
54.9000015258789	295.935607910156
54.9199981689453	282.655853271484
54.939998626709	420.762054443359
54.9599990844727	253.085754394531
54.9799995422363	455.691162109375
55	336.769012451172
55.0200004577637	303.263061523438
55.0400009155273	350.009307861328
55.060001373291	393.334899902344
55.0800018310547	362.844543457031
55.0999984741211	376.545959472656
55.1199989318848	457.999328613281
55.1399993896484	272.887084960938
55.1599998474121	374.715576171875
55.1800003051758	355.376739501953
55.2000007629395	444.927917480469
55.2200012207031	191.154479980469
55.2400016784668	491.166473388672
55.2599983215332	376.085632324219
55.2799987792969	323.241638183594
55.2999992370605	365.336059570313
55.3199996948242	335.325775146484
55.3400001525879	541.13818359375
55.3600006103516	248.998611450195
55.3800010681152	485.825042724609
55.4000015258789	382.3349609375
55.4199981689453	350.602325439453
55.439998626709	374.787322998047
55.4599990844727	411.573181152344
55.4799995422363	337.838348388672
55.5	323.108276367188
55.5200004577637	286.651184082031
55.5400009155273	507.01513671875
55.560001373291	362.0849609375
55.5800018310547	402.058074951172
55.5999984741211	352.7646484375
55.6199989318848	323.9462890625
55.6399993896484	326.479644775391
55.6599998474121	423.995727539063
55.6800003051758	436.868988037109
55.7000007629395	552.1318359375
55.7200012207031	286.435974121094
55.7400016784668	246.568298339844
55.7599983215332	418.878845214844
55.7799987792969	357.706939697266
55.7999992370605	204.879486083984
55.8199996948242	398.734161376953
55.8400001525879	383.783538818359
55.8600006103516	382.163116455078
55.8800010681152	296.374877929688
55.9000015258789	308.638610839844
55.9199981689453	375.197357177734
55.939998626709	423.759643554688
55.9599990844727	286.457977294922
55.9799995422363	340.21630859375
56	420.689453125
56.0200004577637	324.816284179688
56.0400009155273	241.052169799805
56.060001373291	437.648468017578
56.0800018310547	405.583404541016
56.0999984741211	408.471435546875
56.1199989318848	534.350769042969
56.1399993896484	389.311462402344
56.1599998474121	444.602447509766
56.1800003051758	271.603363037109
56.2000007629395	376.047668457031
56.2200012207031	321.196044921875
56.2400016784668	415.041259765625
56.2599983215332	340.728393554688
56.2799987792969	417.861846923828
56.2999992370605	412.706848144531
56.3199996948242	306.785217285156
56.3400001525879	278.625091552734
56.3600006103516	413.415435791016
56.3800010681152	297.388977050781
56.4000015258789	359.8369140625
56.4199981689453	391.444519042969
56.439998626709	443.953247070313
56.4599990844727	492.010711669922
56.4799995422363	332.455047607422
56.5	372.333099365234
56.5200004577637	413.216949462891
56.5400009155273	306.393249511719
56.560001373291	240.794296264648
56.5800018310547	333.712280273438
56.5999984741211	337.182342529297
56.6199989318848	488.419036865234
56.6399993896484	372.496704101563
56.6599998474121	414.135986328125
56.6800003051758	419.054168701172
56.7000007629395	635.891418457031
56.7200012207031	553.610900878906
56.7400016784668	955.488159179688
56.7599983215332	1033.71508789063
56.7799987792969	1209.53186035156
56.7999992370605	1678.732421875
56.8199996948242	2857.08032226563
56.8400001525879	4182.7822265625
56.8600006103516	4365.2109375
56.8800010681152	2469.64892578125
56.9000015258789	1597.87939453125
56.9199981689453	1309.08044433594
56.939998626709	1321.83068847656
56.9599990844727	1529.41625976563
56.9799995422363	1844.34362792969
57	2571.34936523438
57.0200004577637	2190.48291015625
57.0400009155273	1190.01501464844
57.060001373291	913.5595703125
57.0800018310547	645.345642089844
57.0999984741211	659.076293945313
57.1199989318848	484.895874023438
57.1399993896484	620.535095214844
57.1599998474121	397.758087158203
57.1800003051758	458.8466796875
57.2000007629395	514.097412109375
57.2200012207031	375.486999511719
57.2400016784668	363.30419921875
57.2599983215332	337.514709472656
57.2799987792969	490.93115234375
57.2999992370605	457.662048339844
57.3199996948242	337.464202880859
57.3400001525879	459.540313720703
57.3600006103516	370.290832519531
57.3800010681152	360.810211181641
57.4000015258789	238.319747924805
57.4199981689453	378.912414550781
57.439998626709	342.381896972656
57.4599990844727	300.3134765625
57.4799995422363	341.298004150391
57.5	463.211975097656
57.5200004577637	448.118194580078
57.5400009155273	453.427185058594
57.560001373291	173.328140258789
57.5800018310547	388.507904052734
57.5999984741211	252.248458862305
57.6199989318848	429.030395507813
57.6399993896484	483.587554931641
57.6599998474121	273.933532714844
57.6800003051758	283.291168212891
57.7000007629395	506.505218505859
57.7200012207031	401.733154296875
57.7400016784668	240.62419128418
57.7599983215332	256.494995117188
57.7799987792969	368.724578857422
57.7999992370605	315.942199707031
57.8199996948242	305.142395019531
57.8400001525879	318.809143066406
57.8600006103516	355.209503173828
57.8800010681152	379.089416503906
57.9000015258789	261.92724609375
57.9199981689453	595.557556152344
57.939998626709	477.370300292969
57.9599990844727	392.501983642578
57.9799995422363	137.246124267578
58	354.261077880859
58.0200004577637	319.132751464844
58.0400009155273	270.316223144531
58.060001373291	205.280792236328
58.0800018310547	449.339660644531
58.0999984741211	421.317962646484
58.1199989318848	367.137451171875
58.1399993896484	326.207397460938
58.1599998474121	370.386260986328
58.1800003051758	401.305755615234
58.2000007629395	389.820953369141
58.2200012207031	284.575012207031
58.2400016784668	230.643569946289
58.2599983215332	384.40576171875
58.2799987792969	403.616729736328
58.2999992370605	231.615219116211
58.3199996948242	275.447479248047
58.3400001525879	202.382736206055
58.3600006103516	167.502319335938
58.3800010681152	244.652709960938
58.4000015258789	276.274444580078
58.4199981689453	272.464782714844
58.439998626709	371.558258056641
58.4599990844727	388.754486083984
58.4799995422363	313.393402099609
58.5	334.266021728516
58.5200004577637	302.519714355469
58.5400009155273	401.400390625
58.560001373291	301.317352294922
58.5800018310547	191.211120605469
58.5999984741211	407.629760742188
58.6199989318848	381.067474365234
58.6399993896484	416.059814453125
58.6599998474121	414.6298828125
58.6800003051758	377.935180664063
58.7000007629395	393.289398193359
58.7200012207031	360.757659912109
58.7400016784668	388.942413330078
58.7599983215332	418.090270996094
58.7799987792969	312.72314453125
58.7999992370605	428.233337402344
58.8199996948242	393.180236816406
58.8400001525879	252.746246337891
58.8600006103516	280.677673339844
58.8800010681152	277.785736083984
58.9000015258789	374.240234375
58.9199981689453	390.854766845703
58.939998626709	433.582763671875
58.9599990844727	344.152587890625
58.9799995422363	308.827484130859
59	357.086700439453
59.0200004577637	213.035949707031
59.0400009155273	200.357650756836
59.060001373291	368.966888427734
59.0800018310547	316.71337890625
59.0999984741211	416.598114013672
59.1199989318848	345.997589111328
59.1399993896484	282.068298339844
59.1599998474121	221.889572143555
59.1800003051758	438.039794921875
59.2000007629395	458.010559082031
59.2200012207031	279.764190673828
59.2400016784668	280.017486572266
59.2599983215332	317.574920654297
59.2799987792969	321.664825439453
59.2999992370605	304.815277099609
59.3199996948242	343.27392578125
59.3400001525879	336.332611083984
59.3600006103516	257.210083007813
59.3800010681152	282.131469726563
59.4000015258789	344.475280761719
59.4199981689453	369.435638427734
59.439998626709	374.779205322266
59.4599990844727	336.894287109375
59.4799995422363	400.907348632813
59.5	377.431091308594
59.5200004577637	445.278625488281
59.5400009155273	347.329406738281
59.560001373291	599.471435546875
59.5800018310547	262.524444580078
59.5999984741211	276.651947021484
59.6199989318848	346.056213378906
59.6399993896484	442.222076416016
59.6599998474121	260.348327636719
59.6800003051758	473.202056884766
59.7000007629395	164.720352172852
59.7200012207031	330.740631103516
59.7400016784668	331.487640380859
59.7599983215332	310.980041503906
59.7799987792969	440.763763427734
59.7999992370605	155.539733886719
59.8199996948242	346.279388427734
59.8400001525879	401.363891601563
59.8600006103516	259.057067871094
59.8800010681152	445.887664794922
59.9000015258789	315.310180664063
59.9199981689453	250.919616699219
59.939998626709	380.829162597656
59.9599990844727	397.070709228516
59.9799995422363	441.902069091797
60	221.704635620117
60.0200004577637	424.746429443359
60.0400009155273	242.100326538086
60.060001373291	343.451293945313
60.0800018310547	357.89306640625
60.0999984741211	298.416198730469
60.1199989318848	320.148132324219
60.1399993896484	341.768310546875
60.1599998474121	412.300628662109
60.1800003051758	391.314758300781
60.2000007629395	323.386444091797
60.2200012207031	394.499969482422
60.2400016784668	313.879943847656
60.2599983215332	389.205963134766
60.2799987792969	294.156951904297
60.2999992370605	425.310852050781
60.3199996948242	418.523895263672
60.3400001525879	426.525482177734
60.3600006103516	296.783233642578
60.3800010681152	380.368774414063
60.4000015258789	355.344360351563
60.4199981689453	474.103759765625
60.439998626709	309.899108886719
60.4599990844727	269.483093261719
60.4799995422363	315.320373535156
60.5	339.372192382813
60.5200004577637	253.853530883789
60.5400009155273	295.169006347656
60.560001373291	264.644989013672
60.5800018310547	250.970306396484
60.5999984741211	406.189086914063
60.6199989318848	362.888549804688
60.6399993896484	391.142120361328
60.6599998474121	481.813903808594
60.6800003051758	378.514770507813
60.7000007629395	320.164398193359
60.7200012207031	335.118774414063
60.7400016784668	251.721389770508
60.7599983215332	325.905578613281
60.7799987792969	243.379638671875
60.7999992370605	368.079315185547
60.8199996948242	298.646697998047
60.8400001525879	417.729614257813
60.8600006103516	451.176086425781
60.8800010681152	420.881164550781
60.9000015258789	264.569030761719
60.9199981689453	394.427856445313
60.939998626709	432.3681640625
60.9599990844727	401.789031982422
60.9799995422363	333.633941650391
61	371.388214111328
61.0200004577637	283.632293701172
61.0400009155273	349.766845703125
61.060001373291	202.21125793457
61.0800018310547	242.113082885742
61.0999984741211	273.60693359375
61.1199989318848	273.53271484375
61.1399993896484	277.782440185547
61.1599998474121	357.351196289063
61.1800003051758	357.262939453125
61.2000007629395	365.651153564453
61.2200012207031	391.666229248047
61.2400016784668	356.529174804688
61.2599983215332	469.494995117188
61.2799987792969	326.919616699219
61.2999992370605	366.740631103516
61.3199996948242	282.111785888672
61.3400001525879	395.935119628906
61.3600006103516	414.995483398438
61.3800010681152	391.438842773438
61.4000015258789	237.44953918457
61.4199981689453	333.216400146484
61.439998626709	283.895690917969
61.4599990844727	361.669647216797
61.4799995422363	279.5341796875
61.5	473.417419433594
61.5200004577637	342.148162841797
61.5400009155273	314.593200683594
61.560001373291	177.826995849609
61.5800018310547	419.055053710938
61.5999984741211	318.744689941406
61.6199989318848	183.624267578125
61.6399993896484	473.221893310547
61.6599998474121	339.51611328125
61.6800003051758	380.844421386719
61.7000007629395	189.464813232422
61.7200012207031	308.342132568359
61.7400016784668	383.183258056641
61.7599983215332	338.956939697266
61.7799987792969	327.511962890625
61.7999992370605	303.325439453125
61.8199996948242	219.919311523438
61.8400001525879	360.264953613281
61.8600006103516	426.174072265625
61.8800010681152	302.856201171875
61.9000015258789	442.118682861328
61.9199981689453	380.469604492188
61.939998626709	380.366821289063
61.9599990844727	468.153686523438
61.9799995422363	302.33740234375
62	255.666320800781
62.0200004577637	361.113647460938
62.0400009155273	310.587066650391
62.060001373291	347.390655517578
62.0800018310547	344.712768554688
62.0999984741211	373.837188720703
62.1199989318848	398.888122558594
62.1399993896484	260.692993164063
62.1599998474121	306.162994384766
62.1800003051758	322.139190673828
62.2000007629395	280.196136474609
62.2200012207031	247.446716308594
62.2400016784668	381.470886230469
62.2599983215332	301.339874267578
62.2799987792969	445.712280273438
62.2999992370605	383.392700195313
62.3199996948242	404.043243408203
62.3400001525879	269.927429199219
62.3600006103516	332.663055419922
62.3800010681152	426.014587402344
62.4000015258789	333.897613525391
62.4199981689453	364.796173095703
62.439998626709	452.190490722656
62.4599990844727	328.427490234375
62.4799995422363	419.992095947266
62.5	349.488098144531
62.5200004577637	336.323272705078
62.5400009155273	337.681335449219
62.560001373291	340.021820068359
62.5800018310547	460.537048339844
62.5999984741211	502.545776367188
62.6199989318848	580.599853515625
62.6399993896484	764.122924804688
62.6599998474121	677.503173828125
62.6800003051758	765.536010742188
62.7000007629395	901.141540527344
62.7200012207031	1398.02026367188
62.7400016784668	2138.9140625
62.7599983215332	3169.87841796875
62.7799987792969	3137.31958007813
62.7999992370605	2045.29174804688
62.8199996948242	1654.43872070313
62.8400001525879	1045.45874023438
62.8600006103516	1067.66333007813
62.8800010681152	1054.04174804688
62.9000015258789	1291.88330078125
62.9199981689453	1440.09204101563
62.939998626709	1684.40698242188
62.9599990844727	1523.49011230469
62.9799995422363	1104.17834472656
63	862.560302734375
63.0200004577637	665.813598632813
63.0400009155273	603.006469726563
63.060001373291	640.7568359375
63.0800018310547	612.348693847656
63.0999984741211	545.324096679688
63.1199989318848	637.955505371094
63.1399993896484	467.898254394531
63.1599998474121	570.612121582031
63.1800003051758	301.643920898438
63.2000007629395	456.915191650391
63.2200012207031	304.826904296875
63.2400016784668	491.478118896484
63.2599983215332	473.660217285156
63.2799987792969	333.553131103516
63.2999992370605	459.210754394531
63.3199996948242	552.369384765625
63.3400001525879	464.647277832031
63.3600006103516	468.674530029297
63.3800010681152	647.807434082031
63.4000015258789	549.799865722656
63.4199981689453	395.229064941406
63.439998626709	491.645111083984
63.4599990844727	482.422637939453
63.4799995422363	571.463134765625
63.5	576.985107421875
63.5200004577637	655.412902832031
63.5400009155273	822.946899414063
63.560001373291	782.435729980469
63.5800018310547	858.203552246094
63.5999984741211	947.619750976563
63.6199989318848	1311.49450683594
63.6399993896484	1778.13146972656
63.6599998474121	2875.79028320313
63.6800003051758	4412.44677734375
63.7000007629395	6547.6171875
63.7200012207031	5893.67041015625
63.7400016784668	3813.73583984375
63.7599983215332	2547.828125
63.7799987792969	1756.98547363281
63.7999992370605	1622.39978027344
63.8199996948242	1690.259765625
63.8400001525879	1729.89404296875
63.8600006103516	2991.9384765625
63.8800010681152	3450.29345703125
63.9000015258789	2988.61987304688
63.9199981689453	1844.54711914063
63.939998626709	1391.25744628906
63.9599990844727	1196.66564941406
63.9799995422363	824.457946777344
64	598.570129394531
64.0199966430664	740.261962890625
64.0400009155273	667.739501953125
64.0599975585938	540.401245117188
64.0800018310547	422.514923095703
64.0999984741211	356.160583496094
64.120002746582	613.881164550781
64.1399993896484	312.169647216797
64.1600036621094	338.598541259766
64.1800003051758	369.344329833984
64.1999969482422	318.547302246094
64.2200012207031	359.733489990234
64.2399978637695	345.1455078125
64.2600021362305	466.303619384766
64.2799987792969	279.684356689453
64.3000030517578	328.284515380859
64.3199996948242	349.673431396484
64.3399963378906	359.438690185547
64.3600006103516	450.500549316406
64.379997253418	421.968597412109
64.4000015258789	337.422515869141
64.4199981689453	375.705322265625
64.4400024414063	419.085815429688
64.4599990844727	266.97119140625
64.4800033569336	252.006713867188
64.5	160.111633300781
64.5199966430664	256.157012939453
64.5400009155273	354.161315917969
64.5599975585938	360.888916015625
64.5800018310547	210.156585693359
64.5999984741211	367.290954589844
64.620002746582	289.616851806641
64.6399993896484	315.100463867188
64.6600036621094	397.616638183594
64.6800003051758	496.963806152344
64.6999969482422	179.568359375
64.7200012207031	342.276214599609
64.7399978637695	248.572463989258
64.7600021362305	373.668762207031
64.7799987792969	361.334045410156
64.8000030517578	255.766174316406
64.8199996948242	314.185485839844
64.8399963378906	337.856201171875
64.8600006103516	326.578430175781
64.879997253418	321.631439208984
64.9000015258789	460.269470214844
64.9199981689453	259.530059814453
64.9400024414063	240.405685424805
64.9599990844727	453.490905761719
64.9800033569336	397.922576904297
65	303.085876464844
65.0199966430664	405.368255615234
65.0400009155273	255.644424438477
65.0599975585938	378.165893554688
65.0800018310547	297.473785400391
65.0999984741211	419.624267578125
65.120002746582	329.136260986328
65.1399993896484	207.431381225586
65.1600036621094	289.781768798828
65.1800003051758	326.160034179688
65.1999969482422	307.240325927734
65.2200012207031	397.886016845703
65.2399978637695	421.004241943359
65.2600021362305	257.221374511719
65.2799987792969	288.958465576172
65.3000030517578	279.044281005859
65.3199996948242	330.83349609375
65.3399963378906	222.897109985352
65.3600006103516	339.082733154297
65.379997253418	301.562469482422
65.4000015258789	337.932098388672
65.4199981689453	321.014495849609
65.4400024414063	514.150207519531
65.4599990844727	275.994506835938
65.4800033569336	364.833404541016
65.5	336.272247314453
65.5199966430664	373.656585693359
65.5400009155273	380.642578125
65.5599975585938	418.754028320313
65.5800018310547	344.449371337891
65.5999984741211	433.894714355469
65.620002746582	421.608184814453
65.6399993896484	499.991821289063
65.6600036621094	531.358154296875
65.6800003051758	727.863891601563
65.6999969482422	651.74169921875
65.7200012207031	689.264770507813
65.7399978637695	684.379455566406
65.7600021362305	1018.47637939453
65.7799987792969	1375.33508300781
65.8000030517578	2210.30078125
65.8199996948242	3345.20532226563
65.8399963378906	3904.15844726563
65.8600006103516	3738.615234375
65.879997253418	2394.75512695313
65.9000015258789	1804.57678222656
65.9199981689453	1472.54956054688
65.9400024414063	1362.48217773438
65.9599990844727	1249.15588378906
65.9800033569336	1507.13793945313
66	1639.58911132813
66.0199966430664	2322.70922851563
66.0400009155273	2268.591796875
66.0599975585938	1661.7802734375
66.0800018310547	1015.115234375
66.0999984741211	1099.08764648438
66.120002746582	719.073303222656
66.1399993896484	637.010070800781
66.1600036621094	473.739379882813
66.1800003051758	430.196136474609
66.1999969482422	535.599609375
66.2200012207031	511.925354003906
66.2399978637695	312.675811767578
66.2600021362305	460.110778808594
66.2799987792969	343.610107421875
66.3000030517578	431.604156494141
66.3199996948242	455.075531005859
66.3399963378906	479.448699951172
66.3600006103516	401.071075439453
66.379997253418	267.598937988281
66.4000015258789	260.604644775391
66.4199981689453	238.896743774414
66.4400024414063	371.470123291016
66.4599990844727	388.061584472656
66.4800033569336	392.314666748047
66.5	248.655242919922
66.5199966430664	375.452758789063
66.5400009155273	198.157501220703
66.5599975585938	341.055603027344
66.5800018310547	397.904632568359
66.5999984741211	314.957885742188
66.620002746582	242.596969604492
66.6399993896484	342.273681640625
66.6600036621094	459.040130615234
66.6800003051758	331.169219970703
66.6999969482422	236.616546630859
66.7200012207031	257.446838378906
66.7399978637695	296.595947265625
66.7600021362305	293.917205810547
66.7799987792969	355.062683105469
66.8000030517578	303.510375976563
66.8199996948242	337.544128417969
66.8399963378906	431.045440673828
66.8600006103516	323.223876953125
66.879997253418	359.879821777344
66.9000015258789	231.726379394531
66.9199981689453	219.165603637695
66.9400024414063	402.936614990234
66.9599990844727	280.197723388672
66.9800033569336	301.203704833984
67	335.894378662109
67.0199966430664	270.944427490234
67.0400009155273	395.857604980469
67.0599975585938	370.259613037109
67.0800018310547	384.922241210938
67.0999984741211	264.476318359375
67.120002746582	279.514404296875
67.1399993896484	246.032684326172
67.1600036621094	346.967437744141
67.1800003051758	328.25244140625
67.1999969482422	296.768280029297
67.2200012207031	229.907989501953
67.2399978637695	217.136077880859
67.2600021362305	268.703704833984
67.2799987792969	297.1142578125
67.3000030517578	514.989135742188
67.3199996948242	318.077667236328
67.3399963378906	300.967620849609
67.3600006103516	286.346496582031
67.379997253418	210.637069702148
67.4000015258789	422.830780029297
67.4199981689453	335.497100830078
67.4400024414063	335.462219238281
67.4599990844727	348.804962158203
67.4800033569336	287.089660644531
67.5	496.751617431641
67.5199966430664	515.232849121094
67.5400009155273	460.047973632813
67.5599975585938	464.671844482422
67.5800018310547	687.387878417969
67.5999984741211	1010.29357910156
67.620002746582	1084.08569335938
67.6399993896484	1431.7412109375
67.6600036621094	1262.79541015625
67.6800003051758	952.065124511719
67.6999969482422	863.2568359375
67.7200012207031	716.884155273438
67.7399978637695	738.2705078125
67.7600021362305	696.06884765625
67.7799987792969	850.279663085938
67.8000030517578	889.446594238281
67.8199996948242	874.532165527344
67.8399963378906	752.599914550781
67.8600006103516	862.177551269531
67.879997253418	757.381164550781
67.9000015258789	539.091186523438
67.9199981689453	508.999328613281
67.9400024414063	463.714752197266
67.9599990844727	598.428466796875
67.9800033569336	527.201782226563
68	680.784729003906
68.0199966430664	321.942199707031
68.0400009155273	399.085296630859
68.0599975585938	329.281188964844
68.0800018310547	225.756729125977
68.0999984741211	323.2783203125
68.120002746582	370.449432373047
68.1399993896484	479.641357421875
68.1600036621094	282.402770996094
68.1800003051758	418.036651611328
68.1999969482422	401.705078125
68.2200012207031	223.767883300781
68.2399978637695	310.200256347656
68.2600021362305	316.308624267578
68.2799987792969	183.84700012207
68.3000030517578	157.25700378418
68.3199996948242	248.499862670898
68.3399963378906	317.190704345703
68.3600006103516	272.531433105469
68.379997253418	352.663757324219
68.4000015258789	208.252151489258
68.4199981689453	327.577362060547
68.4400024414063	264.847351074219
68.4599990844727	365.201019287109
68.4800033569336	427.345062255859
68.5	318.090759277344
68.5199966430664	285.512054443359
68.5400009155273	246.700012207031
68.5599975585938	388.242401123047
68.5800018310547	346.054840087891
68.5999984741211	375.592346191406
68.620002746582	292.170989990234
68.6399993896484	310.641723632813
68.6600036621094	141.953567504883
68.6800003051758	290.737548828125
68.6999969482422	349.282684326172
68.7200012207031	222.923049926758
68.7399978637695	347.684600830078
68.7600021362305	365.096984863281
68.7799987792969	318.662506103516
68.8000030517578	238.177719116211
68.8199996948242	224.011810302734
68.8399963378906	194.019424438477
68.8600006103516	364.089599609375
68.879997253418	234.700805664063
68.9000015258789	328.969635009766
68.9199981689453	337.881042480469
68.9400024414063	236.747207641602
68.9599990844727	224.437255859375
68.9800033569336	234.42805480957
69	318.868469238281
69.0199966430664	268.404235839844
69.0400009155273	222.62858581543
69.0599975585938	323.658599853516
69.0800018310547	298.721252441406
69.0999984741211	279.492065429688
69.120002746582	311.227142333984
69.1399993896484	283.110107421875
69.1600036621094	255.889694213867
69.1800003051758	256.413330078125
69.1999969482422	307.740875244141
69.2200012207031	441.788543701172
69.2399978637695	253.609420776367
69.2600021362305	293.609375
69.2799987792969	129.717880249023
69.3000030517578	254.404495239258
69.3199996948242	296.149719238281
69.3399963378906	223.915100097656
69.3600006103516	284.414306640625
69.379997253418	352.478668212891
69.4000015258789	325.462005615234
69.4199981689453	308.610504150391
69.4400024414063	214.692718505859
69.4599990844727	238.75666809082
69.4800033569336	414.307434082031
69.5	423.180847167969
69.5199966430664	409.978729248047
69.5400009155273	316.035522460938
69.5599975585938	218.897048950195
69.5800018310547	305.525512695313
69.5999984741211	249.150573730469
69.620002746582	256.098999023438
69.6399993896484	159.094818115234
69.6600036621094	243.855026245117
69.6800003051758	244.108535766602
69.6999969482422	152.286911010742
69.7200012207031	278.370361328125
69.7399978637695	350.043151855469
69.7600021362305	297.407836914063
69.7799987792969	377.118560791016
69.8000030517578	318.662750244141
69.8199996948242	219.050094604492
69.8399963378906	313.667816162109
69.8600006103516	438.855804443359
69.879997253418	354.269104003906
69.9000015258789	238.9140625
69.9199981689453	277.518768310547
69.9400024414063	233.149597167969
69.9599990844727	158.650100708008
69.9800033569336	187.129608154297
70	256.953277587891
70.0199966430664	257.551483154297
70.0400009155273	252.880905151367
70.0599975585938	350.939392089844
70.0800018310547	241.077392578125
70.0999984741211	177.302841186523
70.120002746582	271.241088867188
70.1399993896484	335.253143310547
70.1600036621094	306.980346679688
70.1800003051758	323.737091064453
70.1999969482422	180.562316894531
70.2200012207031	269.209686279297
70.2399978637695	218.289794921875
70.2600021362305	227.809417724609
70.2799987792969	234.791641235352
70.3000030517578	270.851043701172
70.3199996948242	222.896926879883
70.3399963378906	222.59700012207
70.3600006103516	280.0625
70.379997253418	311.851776123047
70.4000015258789	176.138824462891
70.4199981689453	263.322387695313
70.4400024414063	204.991165161133
70.4599990844727	282.701782226563
70.4800033569336	376.285125732422
70.5	283.797546386719
70.5199966430664	382.6943359375
70.5400009155273	272.055541992188
70.5599975585938	248.197784423828
70.5800018310547	311.244873046875
70.5999984741211	355.883636474609
70.620002746582	205.474273681641
70.6399993896484	215.353317260742
70.6600036621094	244.917938232422
70.6800003051758	156.928833007813
70.6999969482422	347.237274169922
70.7200012207031	362.934631347656
70.7399978637695	360.815948486328
70.7600021362305	307.205291748047
70.7799987792969	216.036422729492
70.8000030517578	255.577819824219
70.8199996948242	240.766784667969
70.8399963378906	267.521026611328
70.8600006103516	204.333831787109
70.879997253418	205.833374023438
70.9000015258789	319.373138427734
70.9199981689453	201.279922485352
70.9400024414063	234.143569946289
70.9599990844727	205.29216003418
70.9800033569336	304.744262695313
71	294.450103759766
71.0199966430664	367.612365722656
71.0400009155273	412.024749755859
71.0599975585938	182.531936645508
71.0800018310547	252.295181274414
71.0999984741211	190.287384033203
71.120002746582	156.319808959961
71.1399993896484	297.457000732422
71.1600036621094	218.56135559082
71.1800003051758	234.256546020508
71.1999969482422	193.938385009766
71.2200012207031	273.647827148438
71.2399978637695	293.760009765625
71.2600021362305	398.008392333984
71.2799987792969	92.6182708740234
71.3000030517578	249.351470947266
71.3199996948242	262.287658691406
71.3399963378906	221.240768432617
71.3600006103516	288.652465820313
71.379997253418	201.455032348633
71.4000015258789	215.772399902344
71.4199981689453	241.802291870117
71.4400024414063	250.659255981445
71.4599990844727	225.066757202148
71.4800033569336	212.635131835938
71.5	228.17805480957
71.5199966430664	219.190093994141
71.5400009155273	275.752319335938
71.5599975585938	317.200256347656
71.5800018310547	259.946624755859
71.5999984741211	303.497985839844
71.620002746582	409.184020996094
71.6399993896484	263.064178466797
71.6600036621094	271.651885986328
71.6800003051758	301.209442138672
71.6999969482422	289.118041992188
71.7200012207031	304.678314208984
71.7399978637695	416.031372070313
71.7600021362305	398.458312988281
71.7799987792969	371.908782958984
71.8000030517578	195.729125976563
71.8199996948242	354.732421875
71.8399963378906	406.119506835938
71.8600006103516	441.433959960938
71.879997253418	335.038360595703
71.9000015258789	437.430969238281
71.9199981689453	537.20166015625
71.9400024414063	480.405029296875
71.9599990844727	471.949829101563
71.9800033569336	626.159423828125
72	695.179016113281
72.0199966430664	1052.85424804688
72.0400009155273	1612.52368164063
72.0599975585938	1994.48156738281
72.0800018310547	1918.67431640625
72.0999984741211	1572.99755859375
72.120002746582	1047.03747558594
72.1399993896484	826.552856445313
72.1600036621094	768.240966796875
72.1800003051758	675.716979980469
72.1999969482422	604.388122558594
72.2200012207031	686.405700683594
72.2399978637695	773.186767578125
72.2600021362305	1039.00231933594
72.2799987792969	1102.09692382813
72.3000030517578	978.891723632813
72.3199996948242	593.482299804688
72.3399963378906	735.5576171875
72.3600006103516	481.969451904297
72.379997253418	356.889343261719
72.4000015258789	465.095825195313
72.4199981689453	526.389343261719
72.4400024414063	416.176818847656
72.4599990844727	148.228240966797
72.4800033569336	244.4365234375
72.5	150.285720825195
72.5199966430664	326.391143798828
72.5400009155273	251.027221679688
72.5599975585938	405.935943603516
72.5800018310547	218.230743408203
72.5999984741211	282.688049316406
72.620002746582	373.959655761719
72.6399993896484	271.663299560547
72.6600036621094	195.994262695313
72.6800003051758	344.920715332031
72.6999969482422	348.708160400391
72.7200012207031	384.799652099609
72.7399978637695	326.670013427734
72.7600021362305	352.804870605469
72.7799987792969	232.478912353516
72.8000030517578	346.903869628906
72.8199996948242	280.565521240234
72.8399963378906	300.459533691406
72.8600006103516	371.557220458984
72.879997253418	264.841247558594
72.9000015258789	209.650024414063
72.9199981689453	286.331512451172
72.9400024414063	332.728729248047
72.9599990844727	196.073028564453
72.9800033569336	288.421569824219
73	198.944961547852
73.0199966430664	363.22900390625
73.0400009155273	282.400909423828
73.0599975585938	158.14892578125
73.0800018310547	262.034149169922
73.0999984741211	215.226791381836
73.120002746582	380.15185546875
73.1399993896484	291.862121582031
73.1600036621094	297.214599609375
73.1800003051758	313.847137451172
73.1999969482422	389.209503173828
73.2200012207031	330.790954589844
73.2399978637695	349.755615234375
73.2600021362305	230.361450195313
73.2799987792969	286.418823242188
73.3000030517578	329.801116943359
73.3199996948242	264.121124267578
73.3399963378906	344.156829833984
73.3600006103516	499.862579345703
73.379997253418	272.608306884766
73.4000015258789	359.785034179688
73.4199981689453	282.3740234375
73.4400024414063	496.1220703125
73.4599990844727	656.461364746094
73.4800033569336	685.647705078125
73.5	959.0478515625
73.5199966430664	1178.345703125
73.5400009155273	909.559143066406
73.5599975585938	650.212524414063
73.5800018310547	519.846313476563
73.5999984741211	351.154052734375
73.620002746582	380.412506103516
73.6399993896484	509.720611572266
73.6600036621094	416.943206787109
73.6800003051758	435.156921386719
73.6999969482422	657.607238769531
73.7200012207031	708.168579101563
73.7399978637695	833.69775390625
73.7600021362305	576.981750488281
73.7799987792969	544.931640625
73.8000030517578	374.107635498047
73.8199996948242	165.699600219727
73.8399963378906	421.480865478516
73.8600006103516	255.076950073242
73.879997253418	358.72900390625
73.9000015258789	176.439834594727
73.9199981689453	310.617401123047
73.9400024414063	263.909973144531
73.9599990844727	407.624328613281
73.9800033569336	328.557891845703
74	302.136688232422
74.0199966430664	270.871002197266
74.0400009155273	274.095031738281
74.0599975585938	285.180053710938
74.0800018310547	319.473327636719
74.0999984741211	200.387634277344
74.120002746582	209.582824707031
74.1399993896484	257.147064208984
74.1600036621094	184.920959472656
74.1800003051758	349.901763916016
74.1999969482422	225.197189331055
74.2200012207031	273.646362304688
74.2399978637695	240.362091064453
74.2600021362305	272.727264404297
74.2799987792969	145.843933105469
74.3000030517578	403.332092285156
74.3199996948242	359.336853027344
74.3399963378906	219.853591918945
74.3600006103516	253.079650878906
74.379997253418	211.168365478516
74.4000015258789	282.707153320313
74.4199981689453	268.3876953125
74.4400024414063	140.625457763672
74.4599990844727	232.825775146484
74.4800033569336	213.476440429688
74.5	177.246170043945
74.5199966430664	186.471313476563
74.5400009155273	156.11767578125
74.5599975585938	194.017654418945
74.5800018310547	264.968597412109
74.5999984741211	254.555923461914
74.620002746582	271.971557617188
74.6399993896484	319.330383300781
74.6600036621094	230.592880249023
74.6800003051758	243.29948425293
74.6999969482422	147.662475585938
74.7200012207031	169.027542114258
74.7399978637695	174.041854858398
74.7600021362305	253.481704711914
74.7799987792969	368.399139404297
74.8000030517578	257.480102539063
74.8199996948242	241.101638793945
74.8399963378906	272.506408691406
74.8600006103516	234.183731079102
74.879997253418	342.774261474609
74.9000015258789	171.237686157227
74.9199981689453	302.894622802734
74.9400024414063	259.195373535156
74.9599990844727	222.567977905273
74.9800033569336	147.486755371094
75	155.201232910156
75.0199966430664	342.469848632813
75.0400009155273	245.778701782227
75.0599975585938	258.308135986328
75.0800018310547	309.688873291016
75.0999984741211	329.074066162109
75.120002746582	245.957977294922
75.1399993896484	265.433837890625
75.1600036621094	108.620109558105
75.1800003051758	306.283630371094
75.1999969482422	289.0634765625
75.2200012207031	242.297592163086
75.2399978637695	269.365753173828
75.2600021362305	340.350036621094
75.2799987792969	335.323364257813
75.3000030517578	254.452545166016
75.3199996948242	362.740570068359
75.3399963378906	366.930480957031
75.3600006103516	435.794281005859
75.379997253418	352.149444580078
75.4000015258789	382.646087646484
75.4199981689453	508.249420166016
75.4400024414063	522.077392578125
75.4599990844727	621.342834472656
75.4800033569336	938.840637207031
75.5	1010.23620605469
75.5199966430664	1707.12890625
75.5400009155273	1795.76806640625
75.5599975585938	1381.35595703125
75.5800018310547	914.53369140625
75.5999984741211	988.513793945313
75.620002746582	770.523986816406
75.6399993896484	512.780395507813
75.6600036621094	624.230346679688
75.6800003051758	724.896484375
75.6999969482422	659.402404785156
75.7200012207031	784.863403320313
75.7399978637695	1200.60229492188
75.7600021362305	880.496643066406
75.7799987792969	742.128967285156
75.8000030517578	718.93896484375
75.8199996948242	431.404052734375
75.8399963378906	546.211181640625
75.8600006103516	396.17724609375
75.879997253418	372.204803466797
75.9000015258789	358.751708984375
75.9199981689453	358.891052246094
75.9400024414063	268.520446777344
75.9599990844727	302.398132324219
75.9800033569336	384.243499755859
76	201.139251708984
76.0199966430664	258.710571289063
76.0400009155273	369.393035888672
76.0599975585938	199.882354736328
76.0800018310547	331.040679931641
76.0999984741211	136.208312988281
76.120002746582	334.558319091797
76.1399993896484	272.730377197266
76.1600036621094	296.036926269531
76.1800003051758	185.875610351563
76.1999969482422	385.232360839844
76.2200012207031	315.002868652344
76.2399978637695	260.6513671875
76.2600021362305	320.259460449219
76.2799987792969	157.88655090332
76.3000030517578	261.79541015625
76.3199996948242	290.719543457031
76.3399963378906	242.676895141602
76.3600006103516	223.558166503906
76.379997253418	215.860321044922
76.4000015258789	275.818176269531
76.4199981689453	82.7519607543945
76.4400024414063	189.930099487305
76.4599990844727	380.017913818359
76.4800033569336	270.513000488281
76.5	162.539398193359
76.5199966430664	257.114624023438
76.5400009155273	157.049362182617
76.5599975585938	306.871704101563
76.5800018310547	343.281921386719
76.5999984741211	318.644836425781
76.620002746582	313.275909423828
76.6399993896484	119.322227478027
76.6600036621094	186.255798339844
76.6800003051758	282.845123291016
76.6999969482422	205.724563598633
76.7200012207031	159.097351074219
76.7399978637695	226.797454833984
76.7600021362305	118.568572998047
76.7799987792969	230.8564453125
76.8000030517578	228.623397827148
76.8199996948242	265.128173828125
76.8399963378906	200.944869995117
76.8600006103516	216.925018310547
76.879997253418	327.563903808594
76.9000015258789	127.707695007324
76.9199981689453	328.221801757813
76.9400024414063	207.210998535156
76.9599990844727	287.970825195313
76.9800033569336	178.563613891602
77	239.409896850586
77.0199966430664	321.516052246094
77.0400009155273	219.517715454102
77.0599975585938	179.546020507813
77.0800018310547	312.490478515625
77.0999984741211	236.955520629883
77.120002746582	358.707672119141
77.1399993896484	201.797775268555
77.1600036621094	328.157623291016
77.1800003051758	468.764038085938
77.1999969482422	395.694061279297
77.2200012207031	373.792449951172
77.2399978637695	521.563903808594
77.2600021362305	351.626525878906
77.2799987792969	445.406097412109
77.3000030517578	306.015991210938
77.3199996948242	304.768890380859
77.3399963378906	185.686630249023
77.3600006103516	313.097991943359
77.379997253418	340.623657226563
77.4000015258789	259.720031738281
77.4199981689453	382.138031005859
77.4400024414063	405.815612792969
77.4599990844727	375.470092773438
77.4800033569336	331.369964599609
77.5	205.275604248047
77.5199966430664	169.800491333008
77.5400009155273	249.962203979492
77.5599975585938	218.279190063477
77.5800018310547	252.885314941406
77.5999984741211	228.184432983398
77.620002746582	272.830963134766
77.6399993896484	317.324188232422
77.6600036621094	320.680084228516
77.6800003051758	287.817504882813
77.6999969482422	301.204284667969
77.7200012207031	301.301940917969
77.7399978637695	126.061729431152
77.7600021362305	210.561660766602
77.7799987792969	214.771118164063
77.8000030517578	164.507247924805
77.8199996948242	90.5545272827148
77.8399963378906	130.794326782227
77.8600006103516	158.30517578125
77.879997253418	329.654144287109
77.9000015258789	222.912368774414
77.9199981689453	220.968444824219
77.9400024414063	293.620880126953
77.9599990844727	160.928451538086
77.9800033569336	229.624328613281
78	164.241012573242
78.0199966430664	201.711212158203
78.0400009155273	209.849700927734
78.0599975585938	256.421844482422
78.0800018310547	349.411834716797
78.0999984741211	171.784957885742
78.120002746582	208.020736694336
78.1399993896484	207.291152954102
78.1600036621094	157.184036254883
78.1800003051758	253.938705444336
78.1999969482422	269.639953613281
78.2200012207031	177.700225830078
78.2399978637695	223.220169067383
78.2600021362305	245.419845581055
78.2799987792969	212.901779174805
78.3000030517578	250.25505065918
78.3199996948242	167.88410949707
78.3399963378906	292.375427246094
78.3600006103516	247.970123291016
78.379997253418	174.615386962891
78.4000015258789	197.548522949219
78.4199981689453	172.131652832031
78.4400024414063	226.752471923828
78.4599990844727	177.778564453125
78.4800033569336	209.162399291992
78.5	321.154327392578
78.5199966430664	197.747406005859
78.5400009155273	205.073928833008
78.5599975585938	220.706604003906
78.5800018310547	159.496200561523
78.5999984741211	259.611206054688
78.620002746582	253.042861938477
78.6399993896484	222.686233520508
78.6600036621094	127.289596557617
78.6800003051758	187.578674316406
78.6999969482422	236.879760742188
78.7200012207031	226.063339233398
78.7399978637695	199.263519287109
78.7600021362305	248.167190551758
78.7799987792969	123.237213134766
78.8000030517578	223.023635864258
78.8199996948242	140.036437988281
78.8399963378906	222.053024291992
78.8600006103516	195.530731201172
78.879997253418	196.904769897461
78.9000015258789	155.733535766602
78.9199981689453	266.430053710938
78.9400024414063	286.082885742188
78.9599990844727	272.601989746094
78.9800033569336	259.830718994141
79	258.819702148438
79.0199966430664	208.360015869141
79.0400009155273	249.214294433594
79.0599975585938	264.6591796875
79.0800018310547	180.006591796875
79.0999984741211	161.418197631836
79.120002746582	160.517456054688
79.1399993896484	241.691055297852
79.1600036621094	147.976043701172
79.1800003051758	86.1871109008789
79.1999969482422	224.445526123047
79.2200012207031	178.116806030273
79.2399978637695	244.229049682617
79.2600021362305	246.794509887695
79.2799987792969	228.592300415039
79.3000030517578	241.880264282227
79.3199996948242	145.74641418457
79.3399963378906	231.578414916992
79.3600006103516	163.732086181641
79.379997253418	148.595504760742
79.4000015258789	183.272430419922
79.4199981689453	125.886329650879
79.4400024414063	270.502990722656
79.4599990844727	276.992614746094
79.4800033569336	320.975250244141
79.5	266.336975097656
79.5199966430664	205.528060913086
79.5400009155273	228.964416503906
79.5599975585938	178.122909545898
79.5800018310547	187.533309936523
79.5999984741211	332.407806396484
79.620002746582	186.190856933594
79.6399993896484	216.251831054688
79.6600036621094	271.4482421875
79.6800003051758	258.867340087891
79.6999969482422	197.019393920898
79.7200012207031	296.904815673828
79.7399978637695	296.092315673828
79.7600021362305	219.819915771484
79.7799987792969	172.331390380859
79.8000030517578	169.061050415039
79.8199996948242	280.267395019531
79.8399963378906	220.298873901367
79.8600006103516	214.210357666016
79.879997253418	161.706039428711
79.9000015258789	160.178161621094
79.9199981689453	160.465972900391
79.9400024414063	157.395812988281
79.9599990844727	124.124412536621
79.9800033569336	342.452026367188
80	227.942962646484
