1_001/1	
θ/2θ, °	Intensity, cps
20	1025.64282226563
20.0200004577637	918.971130371094
20.0400009155273	815.369323730469
20.0599994659424	1069.916015625
20.0799999237061	782.437255859375
20.1000003814697	786.969421386719
20.1200008392334	794.761901855469
20.1399993896484	825.591857910156
20.1599998474121	769.835693359375
20.1800003051758	890.9345703125
20.2000007629395	711.543029785156
20.2199993133545	765.736206054688
20.2399997711182	743.161010742188
20.2600002288818	658.028991699219
20.2800006866455	848.0732421875
20.2999992370605	651.458862304688
20.3199996948242	941.437194824219
20.3400001525879	703.002075195313
20.3600006103516	782.354553222656
20.3799991607666	710.191833496094
20.3999996185303	667.521484375
20.4200000762939	766.279052734375
20.4400005340576	826.929138183594
20.4599990844727	859.091003417969
20.4799995422363	780.945007324219
20.5	784.213989257813
20.5200004577637	750.743408203125
20.5400009155273	799.541381835938
20.5599994659424	777.822570800781
20.5799999237061	948.083190917969
20.6000003814697	814.135803222656
20.6200008392334	746.255920410156
20.6399993896484	676.20068359375
20.6599998474121	948.360717773438
20.6800003051758	893.713684082031
20.7000007629395	833.896057128906
20.7199993133545	756.582641601563
20.7399997711182	768.759216308594
20.7600002288818	820.674865722656
20.7800006866455	804.566833496094
20.7999992370605	795.497863769531
20.8199996948242	772.872741699219
20.8400001525879	888.367309570313
20.8600006103516	803.572265625
20.8799991607666	821.774047851563
20.8999996185303	697.386413574219
20.9200000762939	799.114685058594
20.9400005340576	683.439575195313
20.9599990844727	789.617370605469
20.9799995422363	716.061584472656
21	812.756469726563
21.0200004577637	659.947937011719
21.0400009155273	816.826843261719
21.0599994659424	709.543334960938
21.0799999237061	860.092956542969
21.1000003814697	830.800537109375
21.1200008392334	624.831848144531
21.1399993896484	666.549682617188
21.1599998474121	773.034423828125
21.1800003051758	717.519653320313
21.2000007629395	648.421203613281
21.2199993133545	817.035888671875
21.2399997711182	863.678894042969
21.2600002288818	656.095947265625
21.2800006866455	752.195922851563
21.2999992370605	791.605590820313
21.3199996948242	753.406188964844
21.3400001525879	827.765747070313
21.3600006103516	773.61279296875
21.3799991607666	737.200256347656
21.3999996185303	732.677612304688
21.4200000762939	723.7626953125
21.4400005340576	832.034362792969
21.4599990844727	702.581176757813
21.4799995422363	1018.11663818359
21.5	779.27783203125
21.5200004577637	677.576721191406
21.5400009155273	853.837890625
21.5599994659424	848.962280273438
21.5799999237061	870.742980957031
21.6000003814697	818.243896484375
21.6200008392334	821.260681152344
21.6399993896484	638.309020996094
21.6599998474121	828.283508300781
21.6800003051758	731.694763183594
21.7000007629395	848.865844726563
21.7199993133545	673.231689453125
21.7399997711182	528.914489746094
21.7600002288818	622.430603027344
21.7800006866455	762.364562988281
21.7999992370605	680.871643066406
21.8199996948242	650.287414550781
21.8400001525879	730.747802734375
21.8600006103516	762.955993652344
21.8799991607666	798.943603515625
21.8999996185303	737.553527832031
21.9200000762939	903.508483886719
21.9400005340576	842.317504882813
21.9599990844727	834.749206542969
21.9799995422363	716.587280273438
22	730.439880371094
22.0200004577637	726.439331054688
22.0400009155273	775.58837890625
22.0599994659424	612.240417480469
22.0799999237061	848.529846191406
22.1000003814697	776.426696777344
22.1200008392334	845.782592773438
22.1399993896484	845.584533691406
22.1599998474121	883.5517578125
22.1800003051758	689.25927734375
22.2000007629395	783.189575195313
22.2199993133545	706.880920410156
22.2399997711182	769.49072265625
22.2600002288818	803.062255859375
22.2800006866455	855.767639160156
22.2999992370605	708.481567382813
22.3199996948242	817.565185546875
22.3400001525879	789.477111816406
22.3600006103516	934.274719238281
22.3799991607666	867.568542480469
22.3999996185303	733.72509765625
22.4200000762939	826.127197265625
22.4400005340576	858.920288085938
22.4599990844727	847.003540039063
22.4799995422363	843.5498046875
22.5	772.285888671875
22.5200004577637	806.7490234375
22.5400009155273	727.607543945313
22.5599994659424	671.135314941406
22.5799999237061	701.643188476563
22.6000003814697	690.903747558594
22.6200008392334	878.011352539063
22.6399993896484	745.177124023438
22.6599998474121	698.303344726563
22.6800003051758	883.660278320313
22.7000007629395	614.610412597656
22.7199993133545	838.747680664063
22.7399997711182	719.94921875
22.7600002288818	660.3427734375
22.7800006866455	876.14306640625
22.7999992370605	760.165710449219
22.8199996948242	754.35595703125
22.8400001525879	782.451965332031
22.8600006103516	764.697082519531
22.8799991607666	825.874877929688
22.8999996185303	936.736022949219
22.9200000762939	823.138244628906
22.9400005340576	1115.13330078125
22.9599990844727	1099.76745605469
22.9799995422363	1450.84008789063
23	1512.32177734375
23.0200004577637	1433.44213867188
23.0400009155273	1470.24743652344
23.0599994659424	1227.392578125
23.0799999237061	1068.77893066406
23.1000003814697	954.913513183594
23.1200008392334	820.465515136719
23.1399993896484	731.051391601563
23.1599998474121	624.845520019531
23.1800003051758	569.182250976563
23.2000007629395	823.402160644531
23.2199993133545	697.31640625
23.2399997711182	727.257751464844
23.2600002288818	771.017578125
23.2800006866455	564.021911621094
23.2999992370605	594.151123046875
23.3199996948242	741.802978515625
23.3400001525879	571.763488769531
23.3600006103516	688.630493164063
23.3799991607666	617.471923828125
23.3999996185303	611.427734375
23.4200000762939	613.566040039063
23.4400005340576	697.441833496094
23.4599990844727	714.088989257813
23.4799995422363	888.609802246094
23.5	505.5654296875
23.5200004577637	677.623352050781
23.5400009155273	728.235595703125
23.5599994659424	577.962524414063
23.5799999237061	600.900085449219
23.6000003814697	633.875183105469
23.6200008392334	581.022216796875
23.6399993896484	757.229736328125
23.6599998474121	609.224914550781
23.6800003051758	702.462463378906
23.7000007629395	672.147644042969
23.7199993133545	720.45751953125
23.7399997711182	533.164001464844
23.7600002288818	610.478393554688
23.7800006866455	749.687622070313
23.7999992370605	661.463562011719
23.8199996948242	671.547668457031
23.8400001525879	591.325256347656
23.8600006103516	438.937225341797
23.8799991607666	511.780700683594
23.8999996185303	430.984802246094
23.9200000762939	829.721435546875
23.9400005340576	768.316772460938
23.9599990844727	658.129638671875
23.9799995422363	549.841491699219
24	723.297424316406
24.0200004577637	512.616088867188
24.0400009155273	514.741577148438
24.0599994659424	639.810302734375
24.0799999237061	682.465026855469
24.1000003814697	548.594177246094
24.1200008392334	664.953430175781
24.1399993896484	674.822509765625
24.1599998474121	489.861236572266
24.1800003051758	501.286254882813
24.2000007629395	574.605224609375
24.2199993133545	531.680297851563
24.2399997711182	449.547271728516
24.2600002288818	519.263061523438
24.2800006866455	565.373046875
24.2999992370605	664.125793457031
24.3199996948242	471.091674804688
24.3400001525879	571.031311035156
24.3600006103516	555.016906738281
24.3799991607666	503.204132080078
24.3999996185303	581.118347167969
24.4200000762939	456.259460449219
24.4400005340576	603.125061035156
24.4599990844727	481.679626464844
24.4799995422363	536.714538574219
24.5	648.418395996094
24.5200004577637	543.951110839844
24.5400009155273	584.042907714844
24.5599994659424	593.491027832031
24.5799999237061	622.596496582031
24.6000003814697	516.616455078125
24.6200008392334	586.588256835938
24.6399993896484	606.147583007813
24.6599998474121	538.073486328125
24.6800003051758	597.383544921875
24.7000007629395	464.736419677734
24.7199993133545	551.835876464844
24.7399997711182	633.289978027344
24.7600002288818	428.347869873047
24.7800006866455	614.932678222656
24.7999992370605	572.276123046875
24.8199996948242	655.268676757813
24.8400001525879	551.871032714844
24.8600006103516	460.822601318359
24.8799991607666	584.49267578125
24.8999996185303	530.6025390625
24.9200000762939	508.182006835938
24.9400005340576	522.957641601563
24.9599990844727	534.642822265625
24.9799995422363	545.637023925781
25	482.357696533203
25.0200004577637	385.881744384766
25.0400009155273	572.726379394531
25.0599994659424	557.691955566406
25.0799999237061	467.834564208984
25.1000003814697	524.06640625
25.1200008392334	405.638946533203
25.1399993896484	536.375671386719
25.1599998474121	487.280364990234
25.1800003051758	503.798522949219
25.2000007629395	637.703063964844
25.2199993133545	747.585144042969
25.2399997711182	636.061462402344
25.2600002288818	527.347534179688
25.2800006866455	568.692565917969
25.2999992370605	647.431945800781
25.3199996948242	479.456237792969
25.3400001525879	620.644592285156
25.3600006103516	409.067321777344
25.3799991607666	542.85693359375
25.3999996185303	426.992340087891
25.4200000762939	540.413513183594
25.4400005340576	509.187469482422
25.4599990844727	575.179138183594
25.4799995422363	478.676910400391
25.5	422.301391601563
25.5200004577637	566.722473144531
25.5400009155273	631.948364257813
25.5599994659424	536.7744140625
25.5799999237061	390.785278320313
25.6000003814697	505.174346923828
25.6200008392334	498.339294433594
25.6399993896484	421.381622314453
25.6599998474121	589.438232421875
25.6800003051758	605.888854980469
25.7000007629395	464.505859375
25.7199993133545	379.004302978516
25.7399997711182	400.406707763672
25.7600002288818	475.260711669922
25.7800006866455	408.026947021484
25.7999992370605	457.503356933594
25.8199996948242	441.472717285156
25.8400001525879	483.172454833984
25.8600006103516	434.975341796875
25.8799991607666	393.653594970703
25.8999996185303	427.610717773438
25.9200000762939	452.486572265625
25.9400005340576	376.655364990234
25.9599990844727	329.240020751953
25.9799995422363	464.311584472656
26	333.272247314453
26.0200004577637	566.509826660156
26.0400009155273	368.074737548828
26.0599994659424	548.723571777344
26.0799999237061	511.745513916016
26.1000003814697	523.661560058594
26.1200008392334	513.49560546875
26.1399993896484	394.858978271484
26.1599998474121	529.55078125
26.1800003051758	455.94140625
26.2000007629395	435.674530029297
26.2199993133545	394.009887695313
26.2399997711182	361.068237304688
26.2600002288818	336.826080322266
26.2800006866455	458.522186279297
26.2999992370605	510.300811767578
26.3199996948242	400.118774414063
26.3400001525879	315.062713623047
26.3600006103516	341.594146728516
26.3799991607666	399.779632568359
26.3999996185303	335.335662841797
26.4200000762939	439.885559082031
26.4400005340576	313.534240722656
26.4599990844727	278.270202636719
26.4799995422363	490.479125976563
26.5	398.661407470703
26.5200004577637	495.522918701172
26.5400009155273	331.377349853516
26.5599994659424	382.018768310547
26.5799999237061	400.607696533203
26.6000003814697	465.110229492188
26.6200008392334	445.401977539063
26.6399993896484	488.633728027344
26.6599998474121	347.333526611328
26.6800003051758	437.417358398438
26.7000007629395	386.492828369141
26.7199993133545	411.810760498047
26.7399997711182	568.977844238281
26.7600002288818	357.680206298828
26.7800006866455	466.516876220703
26.7999992370605	464.930938720703
26.8199996948242	420.749664306641
26.8400001525879	381.721557617188
26.8600006103516	370.715637207031
26.8799991607666	238.468902587891
26.8999996185303	335.437072753906
26.9200000762939	416.951385498047
26.9400005340576	500.093475341797
26.9599990844727	353.815979003906
26.9799995422363	387.417449951172
27	404.426788330078
27.0200004577637	413.624450683594
27.0400009155273	368.95263671875
27.0599994659424	487.975860595703
27.0799999237061	448.264556884766
27.1000003814697	590.099609375
27.1200008392334	438.759765625
27.1399993896484	594.838989257813
27.1599998474121	403.005981445313
27.1800003051758	444.127197265625
27.2000007629395	457.659759521484
27.2199993133545	384.701141357422
27.2399997711182	488.160034179688
27.2600002288818	444.953063964844
27.2800006866455	409.600708007813
27.2999992370605	600.340148925781
27.3199996948242	649.909362792969
27.3400001525879	653.788879394531
27.3600006103516	578.535339355469
27.3799991607666	786.731872558594
27.3999996185303	900.760375976563
27.4200000762939	1007.41741943359
27.4400005340576	1457.07836914063
27.4599990844727	2035.0576171875
27.4799995422363	2998.5576171875
27.5	4737.759765625
27.5200004577637	6444.9072265625
27.5400009155273	6065.8798828125
27.5599994659424	5442.1494140625
27.5799999237061	4930.41357421875
27.6000003814697	4557.13671875
27.6200008392334	3388.173828125
27.6399993896484	2329.82690429688
27.6599998474121	1809.99816894531
27.6800003051758	1261.22521972656
27.7000007629395	940.696838378906
27.7199993133545	641.821716308594
27.7399997711182	596.275024414063
27.7600002288818	440.174346923828
27.7800006866455	402.573608398438
27.7999992370605	527.884155273438
27.8199996948242	498.293304443359
27.8400001525879	412.745269775391
27.8600006103516	345.960144042969
27.8799991607666	448.192047119141
27.8999996185303	333.518493652344
27.9200000762939	272.185729980469
27.9400005340576	192.72624206543
27.9599990844727	318.615753173828
27.9799995422363	411.447784423828
28	421.415832519531
28.0200004577637	297.596252441406
28.0400009155273	356.440155029297
28.0599994659424	322.257507324219
28.0799999237061	385.078186035156
28.1000003814697	420.139495849609
28.1200008392334	364.42626953125
28.1399993896484	421.201324462891
28.1599998474121	190.804351806641
28.1800003051758	377.0029296875
28.2000007629395	394.939910888672
28.2199993133545	293.197265625
28.2399997711182	312.183380126953
28.2600002288818	248.20491027832
28.2800006866455	301.808990478516
28.2999992370605	307.9677734375
28.3199996948242	242.351409912109
28.3400001525879	291.675750732422
28.3600006103516	460.232391357422
28.3799991607666	202.13786315918
28.3999996185303	350.779235839844
28.4200000762939	332.517181396484
28.4400005340576	241.315307617188
28.4599990844727	239.552947998047
28.4799995422363	296.065185546875
28.5	286.470184326172
28.5200004577637	230.402709960938
28.5400009155273	315.628753662109
28.5599994659424	316.423706054688
28.5799999237061	314.807098388672
28.6000003814697	334.140350341797
28.6200008392334	458.814605712891
28.6399993896484	460.414794921875
28.6599998474121	309.898254394531
28.6800003051758	285.243621826172
28.7000007629395	389.144500732422
28.7199993133545	298.461364746094
28.7399997711182	167.910217285156
28.7600002288818	91.8315582275391
28.7800006866455	222.905197143555
28.7999992370605	317.346893310547
28.8199996948242	368.534301757813
28.8400001525879	255.141952514648
28.8600006103516	326.917114257813
28.8799991607666	270.455322265625
28.8999996185303	285.915374755859
28.9200000762939	309.276031494141
28.9400005340576	208.865005493164
28.9599990844727	189.543380737305
28.9799995422363	296.171661376953
29	283.717376708984
29.0200004577637	215.33203125
29.0400009155273	253.285018920898
29.0599994659424	394.965393066406
29.0799999237061	296.053741455078
29.1000003814697	236.657135009766
29.1200008392334	201.620819091797
29.1399993896484	247.329895019531
29.1599998474121	367.077362060547
29.1800003051758	315.202209472656
29.2000007629395	158.099868774414
29.2199993133545	329.9697265625
29.2399997711182	394.989898681641
29.2600002288818	232.746688842773
29.2800006866455	269.515258789063
29.2999992370605	360.472473144531
29.3199996948242	358.264129638672
29.3400001525879	254.9052734375
29.3600006103516	166.533889770508
29.3799991607666	269.745849609375
29.3999996185303	207.248336791992
29.4200000762939	213.478042602539
29.4400005340576	314.761535644531
29.4599990844727	289.855316162109
29.4799995422363	202.187637329102
29.5	307.092346191406
29.5200004577637	299.343353271484
29.5400009155273	341.250823974609
29.5599994659424	122.51432800293
29.5799999237061	89.0617904663086
29.6000003814697	283.413818359375
29.6200008392334	224.366760253906
29.6399993896484	249.851654052734
29.6599998474121	239.158828735352
29.6800003051758	291.503723144531
29.7000007629395	179.532104492188
29.7199993133545	325.668823242188
29.7399997711182	201.277908325195
29.7600002288818	250.039443969727
29.7800006866455	253.183547973633
29.7999992370605	199.109725952148
29.8199996948242	360.679077148438
29.8400001525879	314.852691650391
29.8600006103516	174.236572265625
29.8799991607666	212.946426391602
29.8999996185303	174.402328491211
29.9200000762939	240.833633422852
29.9400005340576	284.208587646484
29.9599990844727	219.889266967773
29.9799995422363	231.075698852539
30	213.788909912109
30.0200004577637	389.565032958984
30.0400009155273	302.448760986328
30.0599994659424	240.423736572266
30.0799999237061	290.243591308594
30.1000003814697	214.183151245117
30.1200008392334	151.661575317383
30.1399993896484	227.705429077148
30.1599998474121	247.908218383789
30.1800003051758	278.056579589844
30.2000007629395	184.973663330078
30.2199993133545	156.261520385742
30.2399997711182	204.549133300781
30.2600002288818	265.874267578125
30.2800006866455	216.183135986328
30.2999992370605	327.703857421875
30.3199996948242	233.947708129883
30.3400001525879	290.461029052734
30.3600006103516	277.978851318359
30.3799991607666	91.5421447753906
30.3999996185303	295.342559814453
30.4200000762939	240.33317565918
30.4400005340576	340.171966552734
30.4599990844727	261.525390625
30.4799995422363	272.728088378906
30.5	218.054779052734
30.5200004577637	129.593139648438
30.5400009155273	180.805389404297
30.5599994659424	284.586761474609
30.5799999237061	241.732147216797
30.6000003814697	204.282958984375
30.6200008392334	305.760833740234
30.6399993896484	322.557891845703
30.6599998474121	240.542449951172
30.6800003051758	246.508834838867
30.7000007629395	157.261260986328
30.7199993133545	275.947998046875
30.7399997711182	251.560317993164
30.7600002288818	374.987701416016
30.7800006866455	343.938659667969
30.7999992370605	232.685119628906
30.8199996948242	264.56884765625
30.8400001525879	299.943450927734
30.8600006103516	233.160675048828
30.8799991607666	336.731689453125
30.8999996185303	314.456390380859
30.9200000762939	347.816375732422
30.9400005340576	213.277297973633
30.9599990844727	292.547943115234
30.9799995422363	329.594512939453
31	303.286895751953
31.0200004577637	269.612152099609
31.0400009155273	296.148529052734
31.0599994659424	283.902526855469
31.0799999237061	176.015411376953
31.1000003814697	376.788391113281
31.1200008392334	261.848815917969
31.1399993896484	268.943237304688
31.1599998474121	235.433227539063
31.1800003051758	283.676086425781
31.2000007629395	331.614471435547
31.2199993133545	307.846435546875
31.2399997711182	265.793090820313
31.2600002288818	275.129669189453
31.2800006866455	459.480499267578
31.2999992370605	425.638427734375
31.3199996948242	252.032135009766
31.3400001525879	286.838195800781
31.3600006103516	321.659027099609
31.3799991607666	381.694122314453
31.3999996185303	408.058258056641
31.4200000762939	326.736633300781
31.4400005340576	501.76513671875
31.4599990844727	491.262603759766
31.4799995422363	582.69091796875
31.5	699.380981445313
31.5200004577637	614.450805664063
31.5400009155273	936.211547851563
31.5599994659424	1234.90368652344
31.5799999237061	1220.60095214844
31.6000003814697	1578.17944335938
31.6200008392334	1827.79931640625
31.6399993896484	2778.154296875
31.6599998474121	4233.07470703125
31.6800003051758	6964.0966796875
31.7000007629395	12985.1123046875
31.7199993133545	17093.4140625
31.7399997711182	19425.466796875
31.7600002288818	17617.265625
31.7800006866455	13946.716796875
31.7999992370605	13198.6435546875
31.8199996948242	11562.6357421875
31.8400001525879	9422.478515625
31.8600006103516	5966.92236328125
31.8799991607666	3504.62646484375
31.8999996185303	1887.84338378906
31.9200000762939	1658.44421386719
31.9400005340576	1235.9482421875
31.9599990844727	1046.697265625
31.9799995422363	837.747009277344
32	740.846252441406
32.0200004577637	464.392456054688
32.0400009155273	558.475219726563
32.060001373291	373.316436767578
32.0800018310547	339.857727050781
32.0999984741211	448.584655761719
32.1199989318848	420.969451904297
32.1399993896484	354.516784667969
32.1599998474121	363.73828125
32.1800003051758	373.016784667969
32.2000007629395	355.089813232422
32.2200012207031	294.4677734375
32.2400016784668	331.238311767578
32.2599983215332	284.105285644531
32.2799987792969	201.65544128418
32.2999992370605	224.728775024414
32.3199996948242	304.134460449219
32.3400001525879	269.153076171875
32.3600006103516	200.827102661133
32.3800010681152	293.689514160156
32.4000015258789	313.164520263672
32.4199981689453	377.437347412109
32.439998626709	282.725799560547
32.4599990844727	353.958648681641
32.4799995422363	216.109115600586
32.5	366.850494384766
32.5200004577637	248.226745605469
32.5400009155273	283.559387207031
32.560001373291	154.505828857422
32.5800018310547	303.655517578125
32.5999984741211	372.200622558594
32.6199989318848	285.227630615234
32.6399993896484	249.889068603516
32.6599998474121	381.972015380859
32.6800003051758	304.908905029297
32.7000007629395	219.812438964844
32.7200012207031	298.621276855469
32.7400016784668	203.543670654297
32.7599983215332	279.597473144531
32.7799987792969	280.236724853516
32.7999992370605	315.459442138672
32.8199996948242	270.864562988281
32.8400001525879	182.893432617188
32.8600006103516	257.589752197266
32.8800010681152	171.980209350586
32.9000015258789	284.504516601563
32.9199981689453	300.459655761719
32.939998626709	260.1083984375
32.9599990844727	252.465744018555
32.9799995422363	164.740020751953
33	235.791213989258
33.0200004577637	325.901824951172
33.0400009155273	226.853897094727
33.060001373291	200.198287963867
33.0800018310547	174.365737915039
33.0999984741211	259.319946289063
33.1199989318848	266.672088623047
33.1399993896484	247.568481445313
33.1599998474121	300.716522216797
33.1800003051758	238.954162597656
33.2000007629395	195.551773071289
33.2200012207031	289.173675537109
33.2400016784668	343.8408203125
33.2599983215332	237.744140625
33.2799987792969	234.832504272461
33.2999992370605	202.645401000977
33.3199996948242	349.634704589844
33.3400001525879	244.317245483398
33.3600006103516	302.991729736328
33.3800010681152	191.302825927734
33.4000015258789	376.729187011719
33.4199981689453	186.945861816406
33.439998626709	184.750244140625
33.4599990844727	304.531188964844
33.4799995422363	293.247924804688
33.5	280.857055664063
33.5200004577637	156.891189575195
33.5400009155273	118.10262298584
33.560001373291	174.082977294922
33.5800018310547	313.695587158203
33.5999984741211	306.828582763672
33.6199989318848	324.899719238281
33.6399993896484	377.299285888672
33.6599998474121	199.206192016602
33.6800003051758	260.898345947266
33.7000007629395	396.560974121094
33.7200012207031	242.611312866211
33.7400016784668	222.882568359375
33.7599983215332	253.669311523438
33.7799987792969	279.215972900391
33.7999992370605	219.81884765625
33.8199996948242	305.096557617188
33.8400001525879	197.31526184082
33.8600006103516	183.660263061523
33.8800010681152	236.302978515625
33.9000015258789	219.780349731445
33.9199981689453	256.821411132813
33.939998626709	216.390991210938
33.9599990844727	282.95751953125
33.9799995422363	254.387466430664
34	186.223693847656
34.0200004577637	286.102966308594
34.0400009155273	137.279632568359
34.060001373291	353.113433837891
34.0800018310547	258.652648925781
34.0999984741211	320.277008056641
34.1199989318848	230.999801635742
34.1399993896484	353.667907714844
34.1599998474121	219.706924438477
34.1800003051758	420.860321044922
34.2000007629395	563.356994628906
34.2200012207031	565.267456054688
34.2400016784668	650.201110839844
34.2599983215332	576.834533691406
34.2799987792969	611.140014648438
34.2999992370605	765.653686523438
34.3199996948242	1301.42785644531
34.3400001525879	2483.27587890625
34.3600006103516	4747.1484375
34.3800010681152	6873.12109375
34.4000015258789	6603.39208984375
34.4199981689453	5016.7470703125
34.439998626709	3628.58227539063
34.4599990844727	3745.8271484375
34.4799995422363	3910.48876953125
34.5	2854.734375
34.5200004577637	1850.31884765625
34.5400009155273	880.640441894531
34.560001373291	749.722351074219
34.5800018310547	630.296630859375
34.5999984741211	443.284240722656
34.6199989318848	400.320373535156
34.6399993896484	321.797576904297
34.6599998474121	265.058013916016
34.6800003051758	428.314727783203
34.7000007629395	334.617340087891
34.7200012207031	285.514282226563
34.7400016784668	402.586761474609
34.7599983215332	126.95588684082
34.7799987792969	206.007675170898
34.7999992370605	345.979064941406
34.8199996948242	256.316955566406
34.8400001525879	157.927673339844
34.8600006103516	268.193725585938
34.8800010681152	344.673950195313
34.9000015258789	329.965850830078
34.9199981689453	292.243103027344
34.939998626709	331.114715576172
34.9599990844727	245.174896240234
34.9799995422363	285.692840576172
35	310.466796875
35.0200004577637	265.327850341797
35.0400009155273	292.885955810547
35.060001373291	381.931884765625
35.0800018310547	392.584136962891
35.0999984741211	225.709762573242
35.1199989318848	354.529846191406
35.1399993896484	358.395263671875
35.1599998474121	400.828735351563
35.1800003051758	300.11328125
35.2000007629395	182.039688110352
35.2200012207031	223.837478637695
35.2400016784668	334.133819580078
35.2599983215332	330.447875976563
35.2799987792969	321.038970947266
35.2999992370605	410.873779296875
35.3199996948242	368.622344970703
35.3400001525879	311.576812744141
35.3600006103516	397.557830810547
35.3800010681152	338.347534179688
35.4000015258789	287.816192626953
35.4199981689453	370.71484375
35.439998626709	316.08642578125
35.4599990844727	293.468383789063
35.4799995422363	275.425598144531
35.5	247.246398925781
35.5200004577637	216.513488769531
35.5400009155273	275.936828613281
35.560001373291	268.780639648438
35.5800018310547	266.759368896484
35.5999984741211	367.546020507813
35.6199989318848	350.826934814453
35.6399993896484	335.635406494141
35.6599998474121	287.307891845703
35.6800003051758	318.59326171875
35.7000007629395	282.845886230469
35.7200012207031	382.202087402344
35.7400016784668	349.565032958984
35.7599983215332	500.968627929688
35.7799987792969	466.205596923828
35.7999992370605	383.534484863281
35.8199996948242	292.523406982422
35.8400001525879	475.188598632813
35.8600006103516	402.92919921875
35.8800010681152	528.441101074219
35.9000015258789	384.649108886719
35.9199981689453	580.166320800781
35.939998626709	425.605072021484
35.9599990844727	586.222412109375
35.9799995422363	792.270751953125
36	1026.09680175781
36.0200004577637	1165.21655273438
36.0400009155273	1390.48901367188
36.060001373291	1735.86157226563
36.0800018310547	1912.77429199219
36.0999984741211	2164.40307617188
36.1199989318848	2973.51196289063
36.1399993896484	4274.94580078125
36.1599998474121	6999.00732421875
36.1800003051758	14003.78125
36.2000007629395	22027.369140625
36.2200012207031	25119.0859375
36.2400016784668	21785.328125
36.2599983215332	16219.474609375
36.2799987792969	14420.2607421875
36.2999992370605	14889.3505859375
36.3199996948242	14363.3955078125
36.3400001525879	10458.146484375
36.3600006103516	6563.83642578125
36.3800010681152	3630.07641601563
36.4000015258789	2103.16748046875
36.4199981689453	1704.89953613281
36.439998626709	1111.34204101563
36.4599990844727	982.705810546875
36.4799995422363	820.611083984375
36.5	863.35205078125
36.5200004577637	549.045593261719
36.5400009155273	473.579162597656
36.560001373291	499.029022216797
36.5800018310547	338.506561279297
36.5999984741211	370.307647705078
36.6199989318848	454.5908203125
36.6399993896484	315.01416015625
36.6599998474121	565.947875976563
36.6800003051758	351.56201171875
36.7000007629395	316.174530029297
36.7200012207031	360.924163818359
36.7400016784668	510.480804443359
36.7599983215332	278.469177246094
36.7799987792969	247.375747680664
36.7999992370605	295.822082519531
36.8199996948242	357.687438964844
36.8400001525879	295.965576171875
36.8600006103516	256.341613769531
36.8800010681152	375.760437011719
36.9000015258789	431.877197265625
36.9199981689453	292.512634277344
36.939998626709	233.310241699219
36.9599990844727	479.190673828125
36.9799995422363	377.976409912109
37	344.073394775391
37.0200004577637	365.99169921875
37.0400009155273	260.574279785156
37.060001373291	342.496765136719
37.0800018310547	340.850708007813
37.0999984741211	199.720458984375
37.1199989318848	340.490875244141
37.1399993896484	258.695251464844
37.1599998474121	365.317993164063
37.1800003051758	340.597076416016
37.2000007629395	248.0302734375
37.2200012207031	326.547058105469
37.2400016784668	381.285095214844
37.2599983215332	254.336929321289
37.2799987792969	213.316467285156
37.2999992370605	217.210494995117
37.3199996948242	216.724014282227
37.3400001525879	360.186065673828
37.3600006103516	292.925506591797
37.3800010681152	347.643005371094
37.4000015258789	327.431488037109
37.4199981689453	195.896820068359
37.439998626709	228.228225708008
37.4599990844727	399.342163085938
37.4799995422363	348.538238525391
37.5	315.584777832031
37.5200004577637	342.097259521484
37.5400009155273	221.566192626953
37.560001373291	304.071319580078
37.5800018310547	269.986328125
37.5999984741211	335.28173828125
37.6199989318848	327.107818603516
37.6399993896484	240.857620239258
37.6599998474121	351.617492675781
37.6800003051758	237.202178955078
37.7000007629395	175.126739501953
37.7200012207031	184.79768371582
37.7400016784668	187.031234741211
37.7599983215332	290.560272216797
37.7799987792969	267.631866455078
37.7999992370605	187.710891723633
37.8199996948242	359.285339355469
37.8400001525879	265.256103515625
37.8600006103516	236.838562011719
37.8800010681152	261.204345703125
37.9000015258789	180.200836181641
37.9199981689453	200.867034912109
37.939998626709	351.245544433594
37.9599990844727	238.79345703125
37.9799995422363	447.004302978516
38	263.667938232422
38.0200004577637	318.878845214844
38.0400009155273	380.210784912109
38.060001373291	429.384857177734
38.0800018310547	550.595275878906
38.0999984741211	601.193969726563
38.1199989318848	557.339599609375
38.1399993896484	587.664916992188
38.1599998474121	779.893615722656
38.1800003051758	963.908081054688
38.2000007629395	1629.36645507813
38.2200012207031	2327.11962890625
38.2400016784668	2503.67529296875
38.2599983215332	2175.2548828125
38.2799987792969	1659.80078125
38.2999992370605	1756.03393554688
38.3199996948242	1632.8564453125
38.3400001525879	1463.18994140625
38.3600006103516	1193.19702148438
38.3800010681152	1073.65124511719
38.4000015258789	724.018127441406
38.4199981689453	583.131958007813
38.439998626709	676.233459472656
38.4599990844727	541.004150390625
38.4799995422363	458.9541015625
38.5	298.527893066406
38.5200004577637	225.211303710938
38.5400009155273	521.914794921875
38.560001373291	297.316528320313
38.5800018310547	212.749328613281
38.5999984741211	263.118682861328
38.6199989318848	418.972442626953
38.6399993896484	313.961090087891
38.6599998474121	177.541168212891
38.6800003051758	197.222717285156
38.7000007629395	128.413513183594
38.7200012207031	175.199295043945
38.7400016784668	392.014831542969
38.7599983215332	205.594146728516
38.7799987792969	256.302581787109
38.7999992370605	347.208892822266
38.8199996948242	254.636306762695
38.8400001525879	242.617797851563
38.8600006103516	178.604736328125
38.8800010681152	272.445739746094
38.9000015258789	209.052841186523
38.9199981689453	172.477951049805
38.939998626709	226.444671630859
38.9599990844727	196.929809570313
38.9799995422363	254.88200378418
39	150.989807128906
39.0200004577637	228.506881713867
39.0400009155273	322.428955078125
39.060001373291	232.939483642578
39.0800018310547	377.885314941406
39.0999984741211	244.38916015625
39.1199989318848	271.424011230469
39.1399993896484	293.050170898438
39.1599998474121	397.404052734375
39.1800003051758	225.095260620117
39.2000007629395	288.986694335938
39.2200012207031	237.073165893555
39.2400016784668	286.758178710938
39.2599983215332	202.223052978516
39.2799987792969	237.936935424805
39.2999992370605	235.177459716797
39.3199996948242	104.740165710449
39.3400001525879	283.297637939453
39.3600006103516	295.987030029297
39.3800010681152	232.413070678711
39.4000015258789	140.472030639648
39.4199981689453	181.820205688477
39.439998626709	388.668426513672
39.4599990844727	158.185852050781
39.4799995422363	182.79460144043
39.5	235.726623535156
39.5200004577637	312.168273925781
39.5400009155273	177.772171020508
39.560001373291	311.970306396484
39.5800018310547	142.020553588867
39.5999984741211	249.896057128906
39.6199989318848	299.438720703125
39.6399993896484	287.593811035156
39.6599998474121	294.344818115234
39.6800003051758	421.808258056641
39.7000007629395	336.050476074219
39.7200012207031	351.345977783203
39.7400016784668	296.881988525391
39.7599983215332	100.290542602539
39.7799987792969	242.192153930664
39.7999992370605	233.945053100586
39.8199996948242	250.747802734375
39.8400001525879	213.121856689453
39.8600006103516	281.62890625
39.8800010681152	212.406951904297
39.9000015258789	243.408386230469
39.9199981689453	198.445846557617
39.939998626709	320.8896484375
39.9599990844727	106.556411743164
39.9799995422363	313.981567382813
40	236.951065063477
40.0200004577637	319.58984375
40.0400009155273	191.6494140625
40.060001373291	243.860778808594
40.0800018310547	256.7783203125
40.0999984741211	349.262115478516
40.1199989318848	273.132690429688
40.1399993896484	178.028259277344
40.1599998474121	382.610595703125
40.1800003051758	350.179077148438
40.2000007629395	170.616256713867
40.2200012207031	357.419921875
40.2400016784668	453.151641845703
40.2599983215332	319.168853759766
40.2799987792969	446.646820068359
40.2999992370605	427.936859130859
40.3199996948242	525.540344238281
40.3400001525879	749.111083984375
40.3600006103516	1080.50109863281
40.3800010681152	1565.55920410156
40.4000015258789	2127.12451171875
40.4199981689453	2121.96142578125
40.439998626709	1648.94555664063
40.4599990844727	1645.94995117188
40.4799995422363	1222.29321289063
40.5	1304.08630371094
40.5200004577637	1523.77722167969
40.5400009155273	1119.24682617188
40.560001373291	1001.20227050781
40.5800018310547	742.902709960938
40.5999984741211	459.648742675781
40.6199989318848	396.666534423828
40.6399993896484	401.755310058594
40.6599998474121	257.773468017578
40.6800003051758	275.408721923828
40.7000007629395	408.237579345703
40.7200012207031	337.839172363281
40.7400016784668	283.191223144531
40.7599983215332	355.993682861328
40.7799987792969	186.770935058594
40.7999992370605	224.155075073242
40.8199996948242	471.859893798828
40.8400001525879	211.453887939453
40.8600006103516	271.415069580078
40.8800010681152	146.028610229492
40.9000015258789	115.526504516602
40.9199981689453	98.3167037963867
40.939998626709	244.357757568359
40.9599990844727	233.155181884766
40.9799995422363	238.410339355469
41	156.709915161133
41.0200004577637	194.405242919922
41.0400009155273	154.431274414063
41.060001373291	161.898941040039
41.0800018310547	298.280944824219
41.0999984741211	258.190856933594
41.1199989318848	99.2583923339844
41.1399993896484	249.095428466797
41.1599998474121	261.239288330078
41.1800003051758	296.417358398438
41.2000007629395	242.479965209961
41.2200012207031	79.2950973510742
41.2400016784668	85.7000274658203
41.2599983215332	200.473281860352
41.2799987792969	197.608749389648
41.2999992370605	259.095520019531
41.3199996948242	188.750442504883
41.3400001525879	305.799987792969
41.3600006103516	206.074768066406
41.3800010681152	131.840026855469
41.4000015258789	247.082397460938
41.4199981689453	314.053436279297
41.439998626709	339.6884765625
41.4599990844727	237.872207641602
41.4799995422363	191.428817749023
41.5	114.020172119141
41.5200004577637	143.440368652344
41.5400009155273	226.161148071289
41.560001373291	131.146057128906
41.5800018310547	215.750457763672
41.5999984741211	188.682922363281
41.6199989318848	303.161468505859
41.6399993896484	153.681640625
41.6599998474121	194.99006652832
41.6800003051758	87.3218460083008
41.7000007629395	159.888320922852
41.7200012207031	217.812042236328
41.7400016784668	215.141937255859
41.7599983215332	272.28564453125
41.7799987792969	350.23779296875
41.7999992370605	328.897766113281
41.8199996948242	373.546997070313
41.8400001525879	265.203216552734
41.8600006103516	244.5751953125
41.8800010681152	330.379760742188
41.9000015258789	323.7451171875
41.9199981689453	307.555084228516
41.939998626709	298.466552734375
41.9599990844727	128.464309692383
41.9799995422363	281.273132324219
42	271.239379882813
42.0200004577637	247.090484619141
42.0400009155273	188.111022949219
42.060001373291	210.498001098633
42.0800018310547	171.229598999023
42.0999984741211	220.278503417969
42.1199989318848	204.591094970703
42.1399993896484	267.070251464844
42.1599998474121	135.83984375
42.1800003051758	101.625053405762
42.2000007629395	204.596450805664
42.2200012207031	186.04411315918
42.2400016784668	65.5882110595703
42.2599983215332	86.8416290283203
42.2799987792969	171.113723754883
42.2999992370605	189.401962280273
42.3199996948242	166.957138061523
42.3400001525879	244.542877197266
42.3600006103516	142.122055053711
42.3800010681152	157.80078125
42.4000015258789	174.859588623047
42.4199981689453	237.754791259766
42.439998626709	209.898544311523
42.4599990844727	151.280090332031
42.4799995422363	320.241149902344
42.5	128.964996337891
42.5200004577637	315.629211425781
42.5400009155273	85.0174179077148
42.560001373291	162.453842163086
42.5800018310547	196.09016418457
42.5999984741211	247.209243774414
42.6199989318848	359.908447265625
42.6399993896484	161.159927368164
42.6599998474121	306.975067138672
42.6800003051758	189.747055053711
42.7000007629395	301.308502197266
42.7200012207031	145.615386962891
42.7400016784668	169.84782409668
42.7599983215332	184.289520263672
42.7799987792969	112.547554016113
42.7999992370605	268.685424804688
42.8199996948242	290.855560302734
42.8400001525879	140.504638671875
42.8600006103516	240.270538330078
42.8800010681152	235.389144897461
42.9000015258789	151.688507080078
42.9199981689453	243.117950439453
42.939998626709	265.911651611328
42.9599990844727	141.412689208984
42.9799995422363	173.077713012695
43	213.65478515625
43.0200004577637	164.092132568359
43.0400009155273	282.05908203125
43.060001373291	302.058166503906
43.0800018310547	232.159805297852
43.0999984741211	134.413955688477
43.1199989318848	347.123840332031
43.1399993896484	258.132385253906
43.1599998474121	215.915100097656
43.1800003051758	382.138885498047
43.2000007629395	325.145141601563
43.2200012207031	483.755493164063
43.2400016784668	488.346557617188
43.2599983215332	484.092956542969
43.2799987792969	697.744262695313
43.2999992370605	854.758605957031
43.3199996948242	857.814147949219
43.3400001525879	820.433166503906
43.3600006103516	656.462890625
43.3800010681152	619.631469726563
43.4000015258789	640.528991699219
43.4199981689453	627.080749511719
43.439998626709	545.590942382813
43.4599990844727	395.641204833984
43.4799995422363	467.094482421875
43.5	252.056686401367
43.5200004577637	275.859008789063
43.5400009155273	227.848281860352
43.560001373291	216.290893554688
43.5800018310547	114.584487915039
43.5999984741211	178.328842163086
43.6199989318848	270.395324707031
43.6399993896484	111.581550598145
43.6599998474121	248.942565917969
43.6800003051758	185.7646484375
43.7000007629395	85.2571411132813
43.7200012207031	297.836059570313
43.7400016784668	144.430740356445
43.7599983215332	95.1852111816406
43.7799987792969	169.668121337891
43.7999992370605	193.316940307617
43.8199996948242	248.599655151367
43.8400001525879	227.848129272461
43.8600006103516	159.174621582031
43.8800010681152	242.008178710938
43.9000015258789	142.089767456055
43.9199981689453	129.631576538086
43.939998626709	148.685516357422
43.9599990844727	243.918411254883
43.9799995422363	103.098106384277
44	274.434997558594
44.0200004577637	280.237030029297
44.0400009155273	138.083419799805
44.060001373291	118.30281829834
44.0800018310547	246.580764770508
44.0999984741211	153.784057617188
44.1199989318848	273.447021484375
44.1399993896484	139.513244628906
44.1599998474121	299.99853515625
44.1800003051758	143.255401611328
44.2000007629395	227.078247070313
44.2200012207031	220.76057434082
44.2400016784668	210.681274414063
44.2599983215332	171.740234375
44.2799987792969	248.252868652344
44.2999992370605	117.48388671875
44.3199996948242	208.330764770508
44.3400001525879	305.65185546875
44.3600006103516	269.839782714844
44.3800010681152	353.074493408203
44.4000015258789	228.469650268555
44.4199981689453	184.489593505859
44.439998626709	150.149688720703
44.4599990844727	276.207946777344
44.4799995422363	308.031555175781
44.5	379.10888671875
44.5200004577637	277.510040283203
44.5400009155273	243.329315185547
44.560001373291	198.190780639648
44.5800018310547	431.134399414063
44.5999984741211	217.172622680664
44.6199989318848	308.277923583984
44.6399993896484	282.59912109375
44.6599998474121	245.765991210938
44.6800003051758	204.472778320313
44.7000007629395	271.633880615234
44.7200012207031	145.907775878906
44.7400016784668	92.4335403442383
44.7599983215332	352.800964355469
44.7799987792969	156.398101806641
44.7999992370605	136.979766845703
44.8199996948242	242.996398925781
44.8400001525879	191.611785888672
44.8600006103516	281.001800537109
44.8800010681152	211.057312011719
44.9000015258789	319.785125732422
44.9199981689453	72.495735168457
44.939998626709	136.333206176758
44.9599990844727	328.393890380859
44.9799995422363	180.146240234375
45	106.507278442383
45.0200004577637	197.164413452148
45.0400009155273	318.939239501953
45.060001373291	349.971862792969
45.0800018310547	189.90153503418
45.0999984741211	207.484680175781
45.1199989318848	235.512573242188
45.1399993896484	205.045837402344
45.1599998474121	229.836227416992
45.1800003051758	105.261787414551
45.2000007629395	116.96004486084
45.2200012207031	195.663269042969
45.2400016784668	213.691757202148
45.2599983215332	217.339630126953
45.2799987792969	343.905212402344
45.2999992370605	166.227203369141
45.3199996948242	278.763763427734
45.3400001525879	282.525390625
45.3600006103516	54.9665908813477
45.3800010681152	182.429504394531
45.4000015258789	329.244110107422
45.4199981689453	137.851287841797
45.439998626709	279.330139160156
45.4599990844727	128.86213684082
45.4799995422363	32.9216613769531
45.5	334.385437011719
45.5200004577637	255.92170715332
45.5400009155273	205.122772216797
45.560001373291	237.898986816406
45.5800018310547	234.863021850586
45.5999984741211	247.006042480469
45.6199989318848	319.924865722656
45.6399993896484	263.85888671875
45.6599998474121	183.896591186523
45.6800003051758	203.725616455078
45.7000007629395	363.86962890625
45.7200012207031	290.586120605469
45.7400016784668	286.856414794922
45.7599983215332	243.231628417969
45.7799987792969	213.537490844727
45.7999992370605	301.730377197266
45.8199996948242	333.637908935547
45.8400001525879	299.34423828125
45.8600006103516	441.175476074219
45.8800010681152	797.578674316406
45.9000015258789	495.076080322266
45.9199981689453	527.165222167969
45.939998626709	411.876342773438
45.9599990844727	381.586669921875
45.9799995422363	332.527526855469
46	437.653259277344
46.0200004577637	382.562866210938
46.0400009155273	398.954162597656
46.060001373291	344.472717285156
46.0800018310547	201.702758789063
46.0999984741211	334.384735107422
46.1199989318848	69.1753234863281
46.1399993896484	281.14892578125
46.1599998474121	208.44938659668
46.1800003051758	322.664764404297
46.2000007629395	293.075500488281
46.2200012207031	214.420822143555
46.2400016784668	212.356628417969
46.2599983215332	148.416885375977
46.2799987792969	317.837890625
46.2999992370605	243.014114379883
46.3199996948242	88.4784851074219
46.3400001525879	165.886840820313
46.3600006103516	314.068054199219
46.3800010681152	148.05061340332
46.4000015258789	193.593200683594
46.4199981689453	258.418640136719
46.439998626709	121.684074401855
46.4599990844727	108.115097045898
46.4799995422363	171.848739624023
46.5	157.760009765625
46.5200004577637	75.3838119506836
46.5400009155273	166.607131958008
46.560001373291	161.185546875
46.5800018310547	202.408706665039
46.5999984741211	101.827117919922
46.6199989318848	227.47607421875
46.6399993896484	295.828277587891
46.6599998474121	93.6393585205078
46.6800003051758	84.0190658569336
46.7000007629395	124.955276489258
46.7200012207031	298.997863769531
46.7400016784668	294.999542236328
46.7599983215332	160.404693603516
46.7799987792969	255.722885131836
46.7999992370605	159.713287353516
46.8199996948242	206.043472290039
46.8400001525879	190.754318237305
46.8600006103516	255.012771606445
46.8800010681152	307.723419189453
46.9000015258789	212.128845214844
46.9199981689453	234.197662353516
46.939998626709	259.357696533203
46.9599990844727	188.396453857422
46.9799995422363	383.298553466797
47	416.314147949219
47.0200004577637	396.197418212891
47.0400009155273	286.297821044922
47.060001373291	440.688171386719
47.0800018310547	331.630462646484
47.0999984741211	275.793701171875
47.1199989318848	515.851928710938
47.1399993896484	298.551605224609
47.1599998474121	341.844665527344
47.1800003051758	325.158843994141
47.2000007629395	270.951812744141
47.2200012207031	246.35693359375
47.2400016784668	390.6044921875
47.2599983215332	357.833770751953
47.2799987792969	408.933013916016
47.2999992370605	307.08837890625
47.3199996948242	457.951293945313
47.3400001525879	559.747192382813
47.3600006103516	454.934997558594
47.3800010681152	664.516418457031
47.4000015258789	576.316711425781
47.4199981689453	722.325927734375
47.439998626709	1375.1376953125
47.4599990844727	2771.17578125
47.4799995422363	4601.2001953125
47.5	5370.92333984375
47.5200004577637	4505.513671875
47.5400009155273	2823.2734375
47.560001373291	2218.78881835938
47.5800018310547	1771.05688476563
47.5999984741211	2335.52783203125
47.6199989318848	3020.83081054688
47.6399993896484	2775.65405273438
47.6599998474121	1767.50915527344
47.6800003051758	1384.21130371094
47.7000007629395	696.849731445313
47.7200012207031	512.950927734375
47.7400016784668	574.690124511719
47.7599983215332	462.319488525391
47.7799987792969	297.601379394531
47.7999992370605	310.902191162109
47.8199996948242	325.567230224609
47.8400001525879	281.658233642578
47.8600006103516	103.998313903809
47.8800010681152	232.109725952148
47.9000015258789	214.074523925781
47.9199981689453	204.242553710938
47.939998626709	321.000885009766
47.9599990844727	291.366546630859
47.9799995422363	272.741363525391
48	259.374786376953
48.0200004577637	148.1279296875
48.0400009155273	289.220886230469
48.060001373291	99.1471557617188
48.0800018310547	178.600234985352
48.0999984741211	152.162094116211
48.1199989318848	126.385932922363
48.1399993896484	372.703918457031
48.1599998474121	267.043701171875
48.1800003051758	99.8360061645508
48.2000007629395	117.153228759766
48.2200012207031	154.928207397461
48.2400016784668	185.347778320313
48.2599983215332	256.682708740234
48.2799987792969	184.587310791016
48.2999992370605	277.335296630859
48.3199996948242	167.714492797852
48.3400001525879	110.742050170898
48.3600006103516	224.405792236328
48.3800010681152	182.612854003906
48.4000015258789	189.567672729492
48.4199981689453	299.725311279297
48.439998626709	185.672561645508
48.4599990844727	143.768615722656
48.4799995422363	189.610641479492
48.5	186.911392211914
48.5200004577637	241.62483215332
48.5400009155273	258.419769287109
48.560001373291	131.42138671875
48.5800018310547	234.421432495117
48.5999984741211	224.52262878418
48.6199989318848	202.154403686523
48.6399993896484	7.76634550094604
48.6599998474121	161.012710571289
48.6800003051758	237.167663574219
48.7000007629395	281.305053710938
48.7200012207031	196.690002441406
48.7400016784668	268.376556396484
48.7599983215332	252.576141357422
48.7799987792969	193.527450561523
48.7999992370605	99.8415451049805
48.8199996948242	223.446228027344
48.8400001525879	199.825012207031
48.8600006103516	195.357376098633
48.8800010681152	210.101531982422
48.9000015258789	140.183944702148
48.9199981689453	114.994697570801
48.939998626709	106.390129089355
48.9599990844727	219.028289794922
48.9799995422363	167.677597045898
49	270.881195068359
49.0200004577637	154.31608581543
49.0400009155273	282.220367431641
49.060001373291	249.738189697266
49.0800018310547	199.233383178711
49.0999984741211	206.848937988281
49.1199989318848	303.543151855469
49.1399993896484	268.697967529297
49.1599998474121	178.890487670898
49.1800003051758	201.914810180664
49.2000007629395	186.482131958008
49.2200012207031	295.458435058594
49.2400016784668	332.358917236328
49.2599983215332	198.578735351563
49.2799987792969	182.48210144043
49.2999992370605	281.536956787109
49.3199996948242	169.712127685547
49.3400001525879	306.339935302734
49.3600006103516	363.007019042969
49.3800010681152	373.843902587891
49.4000015258789	298.529418945313
49.4199981689453	386.755401611328
49.439998626709	485.424499511719
49.4599990844727	434.065948486328
49.4799995422363	463.889373779297
49.5	425.702667236328
49.5200004577637	383.747131347656
49.5400009155273	706.133605957031
49.560001373291	622.2783203125
49.5800018310547	1261.53662109375
49.5999984741211	1431.62670898438
49.6199989318848	1387.71240234375
49.6399993896484	1220.5625
49.6599998474121	1097.16027832031
49.6800003051758	812.349609375
49.7000007629395	980.389221191406
49.7200012207031	862.386779785156
49.7400016784668	839.037475585938
49.7599983215332	729.194702148438
49.7799987792969	565.952819824219
49.7999992370605	500.721801757813
49.8199996948242	427.798217773438
49.8400001525879	530.116760253906
49.8600006103516	438.03564453125
49.8800010681152	374.919647216797
49.9000015258789	356.216644287109
49.9199981689453	169.631896972656
49.939998626709	256.080169677734
49.9599990844727	243.373672485352
49.9799995422363	337.109313964844
50	192.362121582031
50.0200004577637	179.119033813477
50.0400009155273	264.6494140625
50.060001373291	206.608383178711
50.0800018310547	199.593673706055
50.0999984741211	262.876647949219
50.1199989318848	257.265472412109
50.1399993896484	244.154998779297
50.1599998474121	211.910202026367
50.1800003051758	365.658325195313
50.2000007629395	235.574035644531
50.2200012207031	228.695877075195
50.2400016784668	280.984741210938
50.2599983215332	98.0136260986328
50.2799987792969	181.146423339844
50.2999992370605	101.428665161133
50.3199996948242	86.8577499389648
50.3400001525879	201.406356811523
50.3600006103516	215.156219482422
50.3800010681152	164.806457519531
50.4000015258789	188.168807983398
50.4199981689453	193.239440917969
50.439998626709	355.728881835938
50.4599990844727	228.393524169922
50.4799995422363	223.868225097656
50.5	278.642028808594
50.5200004577637	167.063018798828
50.5400009155273	178.529541015625
50.560001373291	191.352127075195
50.5800018310547	118.684898376465
50.5999984741211	230.185745239258
50.6199989318848	243.570373535156
50.6399993896484	170.254318237305
50.6599998474121	93.4022903442383
50.6800003051758	210.374725341797
50.7000007629395	266.514068603516
50.7200012207031	205.613357543945
50.7400016784668	260.063201904297
50.7599983215332	210.500244140625
50.7799987792969	175.434280395508
50.7999992370605	180.911514282227
50.8199996948242	210.32389831543
50.8400001525879	220.40852355957
50.8600006103516	193.237564086914
50.8800010681152	217.107238769531
50.9000015258789	171.878326416016
50.9199981689453	235.721054077148
50.939998626709	137.764739990234
50.9599990844727	137.570129394531
50.9799995422363	92.6655197143555
51	251.993743896484
51.0200004577637	178.879806518555
51.0400009155273	118.687019348145
51.060001373291	172.202545166016
51.0800018310547	228.384323120117
51.0999984741211	311.375091552734
51.1199989318848	299.674926757813
51.1399993896484	354.978393554688
51.1599998474121	314.089416503906
51.1800003051758	361.029602050781
51.2000007629395	519.107360839844
51.2200012207031	626.475952148438
51.2400016784668	677.784301757813
51.2599983215332	436.286315917969
51.2799987792969	453.464202880859
51.2999992370605	336.785797119141
51.3199996948242	559.807739257813
51.3400001525879	580.466796875
51.3600006103516	378.904327392578
51.3800010681152	398.491271972656
51.4000015258789	362.289642333984
51.4199981689453	464.175323486328
51.439998626709	296.540435791016
51.4599990844727	242.746246337891
51.4799995422363	91.5617141723633
51.5	313.770904541016
51.5200004577637	336.268676757813
51.5400009155273	287.839660644531
51.560001373291	137.076858520508
51.5800018310547	246.36589050293
51.5999984741211	290.712738037109
51.6199989318848	165.000747680664
51.6399993896484	218.886642456055
51.6599998474121	230.459396362305
51.6800003051758	262.838806152344
51.7000007629395	167.242218017578
51.7200012207031	333.878112792969
51.7400016784668	227.59098815918
51.7599983215332	419.565948486328
51.7799987792969	194.327926635742
51.7999992370605	233.215026855469
51.8199996948242	295.572967529297
51.8400001525879	287.470764160156
51.8600006103516	153.729827880859
51.8800010681152	351.827728271484
51.9000015258789	209.316818237305
51.9199981689453	333.810180664063
51.939998626709	408.626922607422
51.9599990844727	354.541259765625
51.9799995422363	370.711120605469
52	292.193359375
52.0200004577637	269.967803955078
52.0400009155273	249.57600402832
52.060001373291	209.503341674805
52.0800018310547	203.255874633789
52.0999984741211	289.238647460938
52.1199989318848	142.695953369141
52.1399993896484	219.505920410156
52.1599998474121	225.048263549805
52.1800003051758	268.503204345703
52.2000007629395	182.851150512695
52.2200012207031	231.821411132813
52.2400016784668	186.503524780273
52.2599983215332	323.323852539063
52.2799987792969	137.76091003418
52.2999992370605	328.12548828125
52.3199996948242	260.951324462891
52.3400001525879	239.337997436523
52.3600006103516	131.843933105469
52.3800010681152	125.434913635254
52.4000015258789	161.266891479492
52.4199981689453	180.717895507813
52.439998626709	355.570098876953
52.4599990844727	174.273178100586
52.4799995422363	183.181076049805
52.5	244.281204223633
52.5200004577637	188.588134765625
52.5400009155273	191.917434692383
52.560001373291	353.577270507813
52.5800018310547	249.387130737305
52.5999984741211	113.028549194336
52.6199989318848	297.334899902344
52.6399993896484	149.310882568359
52.6599998474121	147.465042114258
52.6800003051758	162.990707397461
52.7000007629395	113.97087097168
52.7200012207031	287.052978515625
52.7400016784668	248.107406616211
52.7599983215332	0
52.7799987792969	200.331146240234
52.7999992370605	119.716773986816
52.8199996948242	209.614715576172
52.8400001525879	236.174621582031
52.8600006103516	265.066741943359
52.8800010681152	204.429306030273
52.9000015258789	209.016677856445
52.9199981689453	147.835311889648
52.939998626709	255.804016113281
52.9599990844727	170.651473999023
52.9799995422363	86.5282211303711
53	188.27571105957
53.0200004577637	285.891448974609
53.0400009155273	259.086090087891
53.060001373291	79.9825820922852
53.0800018310547	167.794906616211
53.0999984741211	240.372467041016
53.1199989318848	198.563949584961
53.1399993896484	118.328323364258
53.1599998474121	187.609130859375
53.1800003051758	254.153869628906
53.2000007629395	273.370483398438
53.2200012207031	139.777114868164
53.2400016784668	406.460144042969
53.2599983215332	230.175964355469
53.2799987792969	235.430267333984
53.2999992370605	171.735717773438
53.3199996948242	230.018341064453
53.3400001525879	125.577354431152
53.3600006103516	184.761672973633
53.3800010681152	303.821502685547
53.4000015258789	180.503341674805
53.4199981689453	330.029052734375
53.439998626709	251.521636962891
53.4599990844727	255.398513793945
53.4799995422363	136.3779296875
53.5	250.782699584961
53.5200004577637	295.684448242188
53.5400009155273	314.862640380859
53.560001373291	82.6028060913086
53.5800018310547	141.766937255859
53.5999984741211	141.717712402344
53.6199989318848	271.198181152344
53.6399993896484	114.292388916016
53.6599998474121	247.065200805664
53.6800003051758	348.322814941406
53.7000007629395	162.325347900391
53.7200012207031	207.035369873047
53.7400016784668	186.556091308594
53.7599983215332	404.077484130859
53.7799987792969	265.303527832031
53.7999992370605	170.33984375
53.8199996948242	137.053192138672
53.8400001525879	155.108337402344
53.8600006103516	156.401748657227
53.8800010681152	205.221984863281
53.9000015258789	148.136047363281
53.9199981689453	170.005218505859
53.939998626709	267.401672363281
53.9599990844727	242.922943115234
53.9799995422363	94.2110595703125
54	179.444915771484
54.0200004577637	167.698776245117
54.0400009155273	55.6650848388672
54.060001373291	125.993003845215
54.0800018310547	205.149337768555
54.0999984741211	166.809143066406
54.1199989318848	140.370513916016
54.1399993896484	225.609329223633
54.1599998474121	182.542999267578
54.1800003051758	266.739471435547
54.2000007629395	286.977630615234
54.2200012207031	127.638702392578
54.2400016784668	115.877822875977
54.2599983215332	186.503677368164
54.2799987792969	251.193237304688
54.2999992370605	254.330444335938
54.3199996948242	139.793670654297
54.3400001525879	192.866073608398
54.3600006103516	201.052978515625
54.3800010681152	281.303283691406
54.4000015258789	312.843231201172
54.4199981689453	108.919639587402
54.439998626709	157.158355712891
54.4599990844727	178.006103515625
54.4799995422363	70.0511932373047
54.5	229.417526245117
54.5200004577637	188.341659545898
54.5400009155273	302.858520507813
54.560001373291	226.095703125
54.5800018310547	205.928756713867
54.5999984741211	206.847229003906
54.6199989318848	236.237442016602
54.6399993896484	184.373138427734
54.6599998474121	295.113830566406
54.6800003051758	234.232223510742
54.7000007629395	215.627700805664
54.7200012207031	138.377792358398
54.7400016784668	197.993576049805
54.7599983215332	199.74284362793
54.7799987792969	354.009765625
54.7999992370605	236.268280029297
54.8199996948242	308.288208007813
54.8400001525879	285.771789550781
54.8600006103516	205.259292602539
54.8800010681152	296.4130859375
54.9000015258789	198.50846862793
54.9199981689453	176.900665283203
54.939998626709	246.438781738281
54.9599990844727	187.56135559082
54.9799995422363	195.420272827148
55	330.417938232422
55.0200004577637	289.727783203125
55.0400009155273	288.537750244141
55.060001373291	314.131408691406
55.0800018310547	239.808807373047
55.0999984741211	158.537628173828
55.1199989318848	287.167572021484
55.1399993896484	157.186187744141
55.1599998474121	169.133209228516
55.1800003051758	280.008697509766
55.2000007629395	189.328262329102
55.2200012207031	339.664428710938
55.2400016784668	251.755065917969
55.2599983215332	325.266479492188
55.2799987792969	299.449523925781
55.2999992370605	309.413330078125
55.3199996948242	204.883010864258
55.3400001525879	271.934234619141
55.3600006103516	131.691177368164
55.3800010681152	226.051940917969
55.4000015258789	163.025955200195
55.4199981689453	175.396789550781
55.439998626709	149.972091674805
55.4599990844727	235.586166381836
55.4799995422363	208.041030883789
55.5	199.74821472168
55.5200004577637	417.239379882813
55.5400009155273	390.907409667969
55.560001373291	241.540863037109
55.5800018310547	177.856201171875
55.5999984741211	86.7935333251953
55.6199989318848	388.486968994141
55.6399993896484	230.53840637207
55.6599998474121	172.54084777832
55.6800003051758	187.516143798828
55.7000007629395	289.449737548828
55.7200012207031	295.062469482422
55.7400016784668	276.734680175781
55.7599983215332	304.130187988281
55.7799987792969	191.077163696289
55.7999992370605	247.133636474609
55.8199996948242	146.583862304688
55.8400001525879	336.210144042969
55.8600006103516	192.010635375977
55.8800010681152	139.476287841797
55.9000015258789	371.382751464844
55.9199981689453	329.097045898438
55.939998626709	357.263092041016
55.9599990844727	253.362426757813
55.9799995422363	349.763061523438
56	278.626861572266
56.0200004577637	348.838226318359
56.0400009155273	318.981658935547
56.060001373291	387.507965087891
56.0800018310547	248.612701416016
56.0999984741211	266.289154052734
56.1199989318848	194.093673706055
56.1399993896484	353.528747558594
56.1599998474121	272.375732421875
56.1800003051758	407.6904296875
56.2000007629395	307.960052490234
56.2200012207031	416.373992919922
56.2400016784668	344.990295410156
56.2599983215332	642.220581054688
56.2799987792969	477.734619140625
56.2999992370605	545.895690917969
56.3199996948242	527.457580566406
56.3400001525879	755.877258300781
56.3600006103516	686.60107421875
56.3800010681152	700.239685058594
56.4000015258789	1056.92614746094
56.4199981689453	1076.1708984375
56.439998626709	1412.92724609375
56.4599990844727	1389.15368652344
56.4799995422363	2448.19409179688
56.5	4456.88330078125
56.5200004577637	7794.89111328125
56.5400009155273	11674.806640625
56.560001373291	12058.9228515625
56.5800018310547	10169.521484375
56.5999984741211	6949.84521484375
56.6199989318848	4364.1728515625
56.6399993896484	3545.634765625
56.6599998474121	3822.60791015625
56.6800003051758	5505.1435546875
56.7000007629395	6485.220703125
56.7200012207031	6479.1669921875
56.7400016784668	4817.73974609375
56.7599983215332	3290.396484375
56.7799987792969	2197.53930664063
56.7999992370605	1390.87475585938
56.8199996948242	1394.54309082031
56.8400001525879	1324.54931640625
56.8600006103516	1394.33032226563
56.8800010681152	1407.2021484375
56.9000015258789	987.354553222656
56.9199981689453	896.777038574219
56.939998626709	718.093994140625
56.9599990844727	687.215698242188
56.9799995422363	516.05078125
57	688.166381835938
57.0200004577637	977.749755859375
57.0400009155273	765.895751953125
57.060001373291	612.447204589844
57.0800018310547	670.750549316406
57.0999984741211	494.351806640625
57.1199989318848	490.782318115234
57.1399993896484	125.302375793457
57.1599998474121	207.318237304688
57.1800003051758	318.985534667969
57.2000007629395	276.027160644531
57.2200012207031	302.343627929688
57.2400016784668	211.530868530273
57.2599983215332	249.337432861328
57.2799987792969	428.102172851563
57.2999992370605	382.476196289063
57.3199996948242	237.169067382813
57.3400001525879	212.387908935547
57.3600006103516	223.64582824707
57.3800010681152	192.266052246094
57.4000015258789	282.734222412109
57.4199981689453	318.156890869141
57.439998626709	374.908782958984
57.4599990844727	414.560913085938
57.4799995422363	250.588333129883
57.5	326.776733398438
57.5200004577637	306.770904541016
57.5400009155273	272.33349609375
57.560001373291	211.79167175293
57.5800018310547	144.389694213867
57.5999984741211	394.993988037109
57.6199989318848	391.862518310547
57.6399993896484	326.740875244141
57.6599998474121	339.626129150391
57.6800003051758	320.203308105469
57.7000007629395	357.472808837891
57.7200012207031	200.628845214844
57.7400016784668	225.441696166992
57.7599983215332	112.576690673828
57.7799987792969	236.694290161133
57.7999992370605	209.620986938477
57.8199996948242	155.089508056641
57.8400001525879	234.714309692383
57.8600006103516	131.454437255859
57.8800010681152	287.076049804688
57.9000015258789	403.282012939453
57.9199981689453	264.993621826172
57.939998626709	275.379364013672
57.9599990844727	195.629455566406
57.9799995422363	321.030426025391
58	317.514190673828
58.0200004577637	252.107192993164
58.0400009155273	276.982696533203
58.060001373291	385.132629394531
58.0800018310547	227.400314331055
58.0999984741211	258.596557617188
58.1199989318848	229.710693359375
58.1399993896484	261.41259765625
58.1599998474121	256.587860107422
58.1800003051758	220.901641845703
58.2000007629395	404.049102783203
58.2200012207031	385.740234375
58.2400016784668	239.240417480469
58.2599983215332	240.339630126953
58.2799987792969	265.073974609375
58.2999992370605	194.313110351563
58.3199996948242	307.468536376953
58.3400001525879	324.378570556641
58.3600006103516	166.774627685547
58.3800010681152	171.738143920898
58.4000015258789	285.111175537109
58.4199981689453	262.274383544922
58.439998626709	223.490982055664
58.4599990844727	212.896987915039
58.4799995422363	316.766387939453
58.5	217.174499511719
58.5200004577637	94.7970733642578
58.5400009155273	289.534362792969
58.560001373291	304.458740234375
58.5800018310547	312.169219970703
58.5999984741211	262.189697265625
58.6199989318848	345.049346923828
58.6399993896484	345.696136474609
58.6599998474121	131.732513427734
58.6800003051758	184.510131835938
58.7000007629395	255.508377075195
58.7200012207031	161.866470336914
58.7400016784668	322.6015625
58.7599983215332	244.493286132813
58.7799987792969	148.551162719727
58.7999992370605	212.246978759766
58.8199996948242	256.015594482422
58.8400001525879	188.273345947266
58.8600006103516	534.417358398438
58.8800010681152	374.615844726563
58.9000015258789	306.745452880859
58.9199981689453	173.298721313477
58.939998626709	233.513412475586
58.9599990844727	249.302825927734
58.9799995422363	217.396041870117
59	417.253997802734
59.0200004577637	115.082229614258
59.0400009155273	209.72834777832
59.060001373291	281.039978027344
59.0800018310547	157.836502075195
59.0999984741211	242.54460144043
59.1199989318848	226.828964233398
59.1399993896484	180.947280883789
59.1599998474121	264.918853759766
59.1800003051758	165.85530090332
59.2000007629395	219.267654418945
59.2200012207031	123.20915222168
59.2400016784668	200.627578735352
59.2599983215332	325.686676025391
59.2799987792969	194.203659057617
59.2999992370605	261.463684082031
59.3199996948242	304.051666259766
59.3400001525879	152.114486694336
59.3600006103516	366.381195068359
59.3800010681152	290.331970214844
59.4000015258789	206.787979125977
59.4199981689453	241.822784423828
59.439998626709	255.782424926758
59.4599990844727	132.793304443359
59.4799995422363	329.046539306641
59.5	237.740051269531
59.5200004577637	318.026306152344
59.5400009155273	363.996185302734
59.560001373291	241.355255126953
59.5800018310547	239.135665893555
59.5999984741211	279.505249023438
59.6199989318848	302.04443359375
59.6399993896484	287.834503173828
59.6599998474121	204.260757446289
59.6800003051758	249.139678955078
59.7000007629395	259.880493164063
59.7200012207031	272.196075439453
59.7400016784668	193.984405517578
59.7599983215332	343.154327392578
59.7799987792969	347.238647460938
59.7999992370605	336.921295166016
59.8199996948242	245.215301513672
59.8400001525879	117.418266296387
59.8600006103516	194.963500976563
59.8800010681152	244.148071289063
59.9000015258789	318.692840576172
59.9199981689453	429.702087402344
59.939998626709	240.680816650391
59.9599990844727	311.259216308594
59.9799995422363	175.024841308594
60	305.219787597656
60.0200004577637	239.924163818359
60.0400009155273	316.887573242188
60.060001373291	148.112121582031
60.0800018310547	352.909820556641
60.0999984741211	320.042327880859
60.1199989318848	288.091186523438
60.1399993896484	227.418518066406
60.1599998474121	337.791076660156
60.1800003051758	208.520233154297
60.2000007629395	292.1083984375
60.2200012207031	86.4049301147461
60.2400016784668	327.413665771484
60.2599983215332	255.029937744141
60.2799987792969	232.42839050293
60.2999992370605	286.579925537109
60.3199996948242	100.758224487305
60.3400001525879	294.646850585938
60.3600006103516	326.135070800781
60.3800010681152	239.925796508789
60.4000015258789	214.930038452148
60.4199981689453	257.197021484375
60.439998626709	328.74951171875
60.4599990844727	240.453826904297
60.4799995422363	320.455047607422
60.5	304.376098632813
60.5200004577637	321.234039306641
60.5400009155273	283.155914306641
60.560001373291	351.483673095703
60.5800018310547	215.745193481445
60.5999984741211	302.591918945313
60.6199989318848	250.436279296875
60.6399993896484	302.367828369141
60.6599998474121	284.284149169922
60.6800003051758	410.044006347656
60.7000007629395	390.9384765625
60.7200012207031	315.690795898438
60.7400016784668	206.361618041992
60.7599983215332	183.893981933594
60.7799987792969	202.010681152344
60.7999992370605	264.616943359375
60.8199996948242	243.727264404297
60.8400001525879	339.758117675781
60.8600006103516	191.497512817383
60.8800010681152	274.979309082031
60.9000015258789	277.630737304688
60.9199981689453	283.619720458984
60.939998626709	299.867004394531
60.9599990844727	230.774124145508
60.9799995422363	324.309844970703
61	304.858459472656
61.0200004577637	216.584823608398
61.0400009155273	243.030776977539
61.060001373291	183.826782226563
61.0800018310547	338.112548828125
61.0999984741211	185.431060791016
61.1199989318848	281.5126953125
61.1399993896484	315.178436279297
61.1599998474121	385.488525390625
61.1800003051758	216.513244628906
61.2000007629395	258.139221191406
61.2200012207031	221.203643798828
61.2400016784668	190.430328369141
61.2599983215332	182.716995239258
61.2799987792969	223.330429077148
61.2999992370605	279.377166748047
61.3199996948242	284.553131103516
61.3400001525879	231.244842529297
61.3600006103516	263.401245117188
61.3800010681152	294.805694580078
61.4000015258789	176.293533325195
61.4199981689453	204.205276489258
61.439998626709	359.928436279297
61.4599990844727	352.647216796875
61.4799995422363	244.270477294922
61.5	341.5439453125
61.5200004577637	211.69482421875
61.5400009155273	294.331939697266
61.560001373291	274.210754394531
61.5800018310547	299.808532714844
61.5999984741211	274.661712646484
61.6199989318848	320.435852050781
61.6399993896484	232.765045166016
61.6599998474121	380.161773681641
61.6800003051758	194.336868286133
61.7000007629395	229.853973388672
61.7200012207031	454.49853515625
61.7400016784668	377.985900878906
61.7599983215332	175.365859985352
61.7799987792969	346.284759521484
61.7999992370605	177.178604125977
61.8199996948242	354.821868896484
61.8400001525879	208.103958129883
61.8600006103516	240.729187011719
61.8800010681152	405.443115234375
61.9000015258789	272.676422119141
61.9199981689453	195.771133422852
61.939998626709	421.134582519531
61.9599990844727	405.0830078125
61.9799995422363	312.320892333984
62	156.840744018555
62.0200004577637	209.747741699219
62.0400009155273	211.46760559082
62.060001373291	221.7578125
62.0800018310547	134.272583007813
62.0999984741211	270.17236328125
62.1199989318848	288.769714355469
62.1399993896484	333.226257324219
62.1599998474121	353.292144775391
62.1800003051758	438.905334472656
62.2000007629395	374.541107177734
62.2200012207031	255.513427734375
62.2400016784668	334.220062255859
62.2599983215332	307.024536132813
62.2799987792969	387.939697265625
62.2999992370605	171.003143310547
62.3199996948242	156.849243164063
62.3400001525879	335.544494628906
62.3600006103516	236.094436645508
62.3800010681152	243.478439331055
62.4000015258789	385.034851074219
62.4199981689453	318.050048828125
62.439998626709	356.478698730469
62.4599990844727	234.266128540039
62.4799995422363	289.397216796875
62.5	291.238403320313
62.5200004577637	262.4560546875
62.5400009155273	232.484130859375
62.560001373291	421.655853271484
62.5800018310547	493.047393798828
62.5999984741211	472.057891845703
62.6199989318848	543.90185546875
62.6399993896484	528.04150390625
62.6599998474121	636.720703125
62.6800003051758	828.523559570313
62.7000007629395	829.167175292969
62.7200012207031	1015.65380859375
62.7400016784668	1370.49255371094
62.7599983215332	2373.16186523438
62.7799987792969	4175.6953125
62.7999992370605	6117.20947265625
62.8199996948242	6521.11865234375
62.8400001525879	4746.494140625
62.8600006103516	3186.80712890625
62.8800010681152	2287.27490234375
62.9000015258789	1581.45007324219
62.9199981689453	1682.70092773438
62.939998626709	2130.80517578125
62.9599990844727	2621.82788085938
62.9799995422363	3208.84252929688
63	3080.26293945313
63.0200004577637	2505.28955078125
63.0400009155273	1715.4013671875
63.060001373291	1092.57055664063
63.0800018310547	907.102355957031
63.0999984741211	609.887268066406
63.1199989318848	526.024658203125
63.1399993896484	595.177673339844
63.1599998474121	524.098999023438
63.1800003051758	309.708679199219
63.2000007629395	369.296356201172
63.2200012207031	402.275115966797
63.2400016784668	493.155883789063
63.2599983215332	157.720596313477
63.2799987792969	248.292282104492
63.2999992370605	274.496215820313
63.3199996948242	168.552719116211
63.3400001525879	325.511810302734
63.3600006103516	509.324188232422
63.3800010681152	426.820770263672
63.4000015258789	626.460144042969
63.4199981689453	306.121459960938
63.439998626709	238.733642578125
63.4599990844727	263.042449951172
63.4799995422363	187.327758789063
63.5	266.784851074219
63.5200004577637	315.988708496094
63.5400009155273	314.252624511719
63.560001373291	142.87646484375
63.5800018310547	311.561065673828
63.5999984741211	377.090972900391
63.6199989318848	508.489318847656
63.6399993896484	399.474304199219
63.6599998474121	611.943908691406
63.6800003051758	641.917175292969
63.7000007629395	777.246948242188
63.7200012207031	779.383178710938
63.7400016784668	746.897888183594
63.7599983215332	574.044982910156
63.7799987792969	444.632263183594
63.7999992370605	591.022277832031
63.8199996948242	696.802429199219
63.8400001525879	573.635131835938
63.8600006103516	569.419128417969
63.8800010681152	595.600524902344
63.9000015258789	485.942138671875
63.9199981689453	469.642547607422
63.939998626709	468.238830566406
63.9599990844727	383.522613525391
63.9799995422363	320.906890869141
64	226.207962036133
64.0199966430664	369.529876708984
64.0400009155273	214.721725463867
64.0599975585938	231.114242553711
64.0800018310547	273.415771484375
64.0999984741211	288.968414306641
64.120002746582	242.547866821289
64.1399993896484	380.942016601563
64.1600036621094	294.191284179688
64.1800003051758	179.315139770508
64.1999969482422	449.376922607422
64.2200012207031	321.3984375
64.2399978637695	249.195175170898
64.2600021362305	299.168487548828
64.2799987792969	298.003326416016
64.3000030517578	262.379241943359
64.3199996948242	126.950073242188
64.3399963378906	245.715026855469
64.3600006103516	240.817230224609
64.379997253418	153.264923095703
64.4000015258789	205.661697387695
64.4199981689453	290.565124511719
64.4400024414063	276.654571533203
64.4599990844727	223.97380065918
64.4800033569336	351.651275634766
64.5	253.006484985352
64.5199966430664	211.321197509766
64.5400009155273	306.704650878906
64.5599975585938	211.247146606445
64.5800018310547	192.456039428711
64.5999984741211	126.69580078125
64.620002746582	392.217437744141
64.6399993896484	235.565216064453
64.6600036621094	328.670959472656
64.6800003051758	246.141860961914
64.6999969482422	300.351928710938
64.7200012207031	346.164611816406
64.7399978637695	317.638793945313
64.7600021362305	205.893951416016
64.7799987792969	323.185516357422
64.8000030517578	260.754699707031
64.8199996948242	348.566467285156
64.8399963378906	209.363357543945
64.8600006103516	274.2490234375
64.879997253418	366.462860107422
64.9000015258789	297.097351074219
64.9199981689453	235.213806152344
64.9400024414063	305.283416748047
64.9599990844727	321.970184326172
64.9800033569336	195.740905761719
65	153.912872314453
65.0199966430664	222.701156616211
65.0400009155273	325.480102539063
65.0599975585938	305.536102294922
65.0800018310547	74.9340591430664
65.0999984741211	25.6315612792969
65.120002746582	92.2765197753906
65.1399993896484	292.899261474609
65.1600036621094	288.984680175781
65.1800003051758	194.395401000977
65.1999969482422	332.260589599609
65.2200012207031	303.517883300781
65.2399978637695	320.609893798828
65.2600021362305	336.822814941406
65.2799987792969	231.884963989258
65.3000030517578	168.655181884766
65.3199996948242	295.085510253906
65.3399963378906	295.211242675781
65.3600006103516	305.979370117188
65.379997253418	301.418762207031
65.4000015258789	153.750610351563
65.4199981689453	217.673110961914
65.4400024414063	246.040618896484
65.4599990844727	384.605499267578
65.4800033569336	285.516632080078
65.5	310.9267578125
65.5199966430664	202.737319946289
65.5400009155273	313.30615234375
65.5599975585938	275.589935302734
65.5800018310547	227.118576049805
65.5999984741211	232.73811340332
65.620002746582	303.558715820313
65.6399993896484	377.882537841797
65.6600036621094	318.571380615234
65.6800003051758	375.851776123047
65.6999969482422	456.158386230469
65.7200012207031	253.553192138672
65.7399978637695	384.786865234375
65.7600021362305	492.366394042969
65.7799987792969	542.374084472656
65.8000030517578	485.8837890625
65.8199996948242	815.980285644531
65.8399963378906	781.228393554688
65.8600006103516	876.6923828125
65.879997253418	653.68115234375
65.9000015258789	599.066101074219
65.9199981689453	494.407562255859
65.9400024414063	487.085174560547
65.9599990844727	444.608703613281
65.9800033569336	543.925964355469
66	601.353576660156
66.0199966430664	666.656188964844
66.0400009155273	728.2783203125
66.0599975585938	603.841674804688
66.0800018310547	590.137390136719
66.0999984741211	496.4404296875
66.120002746582	368.728271484375
66.1399993896484	300.038818359375
66.1600036621094	345.141082763672
66.1800003051758	360.426971435547
66.1999969482422	487.270141601563
66.2200012207031	542.344848632813
66.2399978637695	417.167541503906
66.2600021362305	740.617309570313
66.2799987792969	935.267822265625
66.3000030517578	1595.49499511719
66.3199996948242	1947.3486328125
66.3399963378906	1933.51586914063
66.3600006103516	1683.28271484375
66.379997253418	1157.74145507813
66.4000015258789	971.600952148438
66.4199981689453	778.934509277344
66.4400024414063	655.255432128906
66.4599990844727	739.225646972656
66.4800033569336	988.987243652344
66.5	1078.20739746094
66.5199966430664	1032.4150390625
66.5400009155273	1050.79675292969
66.5599975585938	762.143432617188
66.5800018310547	579.864196777344
66.5999984741211	450.710906982422
66.620002746582	432.164215087891
66.6399993896484	400.858367919922
66.6600036621094	221.091995239258
66.6800003051758	393.566040039063
66.6999969482422	387.675109863281
66.7200012207031	302.753662109375
66.7399978637695	261.505035400391
66.7600021362305	331.217926025391
66.7799987792969	293.380889892578
66.8000030517578	316.849822998047
66.8199996948242	301.466064453125
66.8399963378906	294.545959472656
66.8600006103516	380.307952880859
66.879997253418	394.515502929688
66.9000015258789	506.762145996094
66.9199981689453	303.992980957031
66.9400024414063	289.994171142578
66.9599990844727	394.468933105469
66.9800033569336	208.956649780273
67	210.199661254883
67.0199966430664	368.214111328125
67.0400009155273	269.708068847656
67.0599975585938	352.776153564453
67.0800018310547	255.489654541016
67.0999984741211	264.516296386719
67.120002746582	406.282379150391
67.1399993896484	294.422943115234
67.1600036621094	254.422149658203
67.1800003051758	476.589141845703
67.1999969482422	238.204040527344
67.2200012207031	306.682556152344
67.2399978637695	263.215301513672
67.2600021362305	321.179992675781
67.2799987792969	256.753784179688
67.3000030517578	185.087539672852
67.3199996948242	294.457855224609
67.3399963378906	248.394973754883
67.3600006103516	218.616256713867
67.379997253418	259.741149902344
67.4000015258789	285.415222167969
67.4199981689453	201.71858215332
67.4400024414063	370.708343505859
67.4599990844727	369.711975097656
67.4800033569336	320.399841308594
67.5	425.276245117188
67.5199966430664	401.901184082031
67.5400009155273	406.643646240234
67.5599975585938	408.467468261719
67.5800018310547	441.907196044922
67.5999984741211	482.138580322266
67.620002746582	495.290435791016
67.6399993896484	418.397827148438
67.6600036621094	654.855590820313
67.6800003051758	746.965454101563
67.6999969482422	723.002563476563
67.7200012207031	765.879028320313
67.7399978637695	806.01123046875
67.7600021362305	747.464233398438
67.7799987792969	1099.51818847656
67.8000030517578	1067.08117675781
67.8199996948242	1309.54565429688
67.8399963378906	2046.68518066406
67.8600006103516	3105.591796875
67.879997253418	5185.02197265625
67.9000015258789	6462.5546875
67.9199981689453	6173.931640625
67.9400024414063	4590.8974609375
67.9599990844727	2820.763671875
67.9800033569336	1959.31701660156
68	1613.142578125
68.0199966430664	1660.017578125
68.0400009155273	1758.86389160156
68.0599975585938	2457.27490234375
68.0800018310547	3128.15283203125
68.0999984741211	3485.0830078125
68.120002746582	3068.88623046875
68.1399993896484	2171.7763671875
68.1600036621094	1492.61682128906
68.1800003051758	989.799682617188
68.1999969482422	748.783996582031
68.2200012207031	717.391174316406
68.2399978637695	429.809051513672
68.2600021362305	592.957397460938
68.2799987792969	405.356781005859
68.3000030517578	495.47607421875
68.3199996948242	404.541534423828
68.3399963378906	351.002593994141
68.3600006103516	390.392364501953
68.379997253418	327.610015869141
68.4000015258789	233.32585144043
68.4199981689453	307.727355957031
68.4400024414063	444.178375244141
68.4599990844727	213.711517333984
68.4800033569336	312.816528320313
68.5	314.379669189453
68.5199966430664	256.690246582031
68.5400009155273	179.447937011719
68.5599975585938	325.453430175781
68.5800018310547	327.483276367188
68.5999984741211	220.361740112305
68.620002746582	242.930450439453
68.6399993896484	261.477844238281
68.6600036621094	416.671691894531
68.6800003051758	272.727722167969
68.6999969482422	340.590179443359
68.7200012207031	337.103851318359
68.7399978637695	326.220672607422
68.7600021362305	358.091766357422
68.7799987792969	383.235931396484
68.8000030517578	377.855895996094
68.8199996948242	379.961608886719
68.8399963378906	633.44921875
68.8600006103516	411.249603271484
68.879997253418	511.792694091797
68.9000015258789	492.294403076172
68.9199981689453	622.015686035156
68.9400024414063	588.861694335938
68.9599990844727	776.1328125
68.9800033569336	1230.02282714844
69	2012.48205566406
69.0199966430664	3302.55419921875
69.0400009155273	4060.3271484375
69.0599975585938	3775.21850585938
69.0800018310547	2783.6455078125
69.0999984741211	1800.75500488281
69.120002746582	1225.04968261719
69.1399993896484	1301.27587890625
69.1600036621094	946.715881347656
69.1800003051758	1261.34375
69.1999969482422	1384.72570800781
69.2200012207031	2171.82250976563
69.2399978637695	2210.5595703125
69.2600021362305	1893.45764160156
69.2799987792969	1562.68542480469
69.3000030517578	1185.2333984375
69.3199996948242	787.632873535156
69.3399963378906	620.858337402344
69.3600006103516	541.179443359375
69.379997253418	538.70556640625
69.4000015258789	469.676513671875
69.4199981689453	546.904174804688
69.4400024414063	297.908996582031
69.4599990844727	393.840087890625
69.4800033569336	302.824249267578
69.5	383.709594726563
69.5199966430664	401.259765625
69.5400009155273	388.076690673828
69.5599975585938	395.360595703125
69.5800018310547	347.233459472656
69.5999984741211	309.369232177734
69.620002746582	373.509735107422
69.6399993896484	291.702819824219
69.6600036621094	342.447723388672
69.6800003051758	283.675445556641
69.6999969482422	288.443237304688
69.7200012207031	207.872436523438
69.7399978637695	294.879516601563
69.7600021362305	285.014465332031
69.7799987792969	274.621276855469
69.8000030517578	276.69287109375
69.8199996948242	291.489196777344
69.8399963378906	166.60774230957
69.8600006103516	346.363098144531
69.879997253418	279.872436523438
69.9000015258789	139.428146362305
69.9199981689453	243.443801879883
69.9400024414063	394.370025634766
69.9599990844727	273.713897705078
69.9800033569336	229.392669677734
70	257.569610595703
70.0199966430664	366.08447265625
70.0400009155273	342.498809814453
70.0599975585938	281.934906005859
70.0800018310547	205.959976196289
70.0999984741211	255.087921142578
70.120002746582	350.473388671875
70.1399993896484	359.632385253906
70.1600036621094	267.897033691406
70.1800003051758	296.957244873047
70.1999969482422	338.489135742188
70.2200012207031	349.714111328125
70.2399978637695	169.995956420898
70.2600021362305	234.317932128906
70.2799987792969	386.557708740234
70.3000030517578	294.772644042969
70.3199996948242	372.392730712891
70.3399963378906	366.018707275391
70.3600006103516	302.149139404297
70.379997253418	289.482421875
70.4000015258789	187.80827331543
70.4199981689453	228.465774536133
70.4400024414063	237.665969848633
70.4599990844727	313.347534179688
70.4800033569336	291.096649169922
70.5	300.493225097656
70.5199966430664	333.143432617188
70.5400009155273	247.354537963867
70.5599975585938	280.835113525391
70.5800018310547	341.059295654297
70.5999984741211	366.323791503906
70.620002746582	301.118804931641
70.6399993896484	267.491333007813
70.6600036621094	324.582763671875
70.6800003051758	246.672088623047
70.6999969482422	254.045074462891
70.7200012207031	270.872924804688
70.7399978637695	181.531051635742
70.7600021362305	207.770645141602
70.7799987792969	268.967132568359
70.8000030517578	192.307281494141
70.8199996948242	188.179809570313
70.8399963378906	259.415649414063
70.8600006103516	192.349060058594
70.879997253418	346.523651123047
70.9000015258789	309.771606445313
70.9199981689453	246.194107055664
70.9400024414063	261.910003662109
70.9599990844727	269.724029541016
70.9800033569336	322.416229248047
71	413.373474121094
71.0199966430664	346.672271728516
71.0400009155273	225.531127929688
71.0599975585938	370.352081298828
71.0800018310547	201.496170043945
71.0999984741211	355.442260742188
71.120002746582	230.942184448242
71.1399993896484	248.938751220703
71.1600036621094	198.729339599609
71.1800003051758	382.249176025391
71.1999969482422	265.514404296875
71.2200012207031	133.411499023438
71.2399978637695	319.123413085938
71.2600021362305	324.095886230469
71.2799987792969	228.384979248047
71.3000030517578	290.894165039063
71.3199996948242	271.072448730469
71.3399963378906	413.04248046875
71.3600006103516	277.986663818359
71.379997253418	275.821075439453
71.4000015258789	228.187911987305
71.4199981689453	382.511596679688
71.4400024414063	394.035949707031
71.4599990844727	321.200408935547
71.4800033569336	175.12077331543
71.5	128.401245117188
71.5199966430664	366.653961181641
71.5400009155273	416.875061035156
71.5599975585938	249.215805053711
71.5800018310547	76.1122512817383
71.5999984741211	289.199340820313
71.620002746582	262.515625
71.6399993896484	271.747009277344
71.6600036621094	201.527053833008
71.6800003051758	268.8330078125
71.6999969482422	337.118041992188
71.7200012207031	224.80534362793
71.7399978637695	263.481964111328
71.7600021362305	262.614959716797
71.7799987792969	315.806640625
71.8000030517578	283.662780761719
71.8199996948242	189.913131713867
71.8399963378906	231.891906738281
71.8600006103516	353.193359375
71.879997253418	87.3292236328125
71.9000015258789	265.158050537109
71.9199981689453	442.083129882813
71.9400024414063	237.880126953125
71.9599990844727	362.425994873047
71.9800033569336	241.207626342773
72	366.72705078125
72.0199966430664	438.190826416016
72.0400009155273	484.556488037109
72.0599975585938	645.1826171875
72.0800018310547	615.995422363281
72.0999984741211	590.045654296875
72.120002746582	463.122039794922
72.1399993896484	442.132629394531
72.1600036621094	400.690246582031
72.1800003051758	324.666961669922
72.1999969482422	426.688690185547
72.2200012207031	445.567413330078
72.2399978637695	431.656951904297
72.2600021362305	542.785095214844
72.2799987792969	496.542358398438
72.3000030517578	371.809417724609
72.3199996948242	361.977569580078
72.3399963378906	219.725219726563
72.3600006103516	290.031829833984
72.379997253418	281.403442382813
72.4000015258789	309.071655273438
72.4199981689453	275.670837402344
72.4400024414063	301.891387939453
72.4599990844727	387.756866455078
72.4800033569336	437.424560546875
72.5	423.327423095703
72.5199966430664	580.730895996094
72.5400009155273	521.690185546875
72.5599975585938	511.989807128906
72.5800018310547	439.958648681641
72.5999984741211	413.832580566406
72.620002746582	331.866516113281
72.6399993896484	256.070251464844
72.6600036621094	415.897277832031
72.6800003051758	400.241027832031
72.6999969482422	436.963958740234
72.7200012207031	385.857696533203
72.7399978637695	309.571716308594
72.7600021362305	309.399932861328
72.7799987792969	296.862335205078
72.8000030517578	319.794677734375
72.8199996948242	341.558410644531
72.8399963378906	313.123229980469
72.8600006103516	289.618927001953
72.879997253418	398.688201904297
72.9000015258789	235.413665771484
72.9199981689453	159.659255981445
72.9400024414063	332.683715820313
72.9599990844727	155.615295410156
72.9800033569336	153.998687744141
73	292.762756347656
73.0199966430664	246.709518432617
73.0400009155273	217.598571777344
73.0599975585938	289.380187988281
73.0800018310547	181.534332275391
73.0999984741211	230.786102294922
73.120002746582	238.292419433594
73.1399993896484	206.394104003906
73.1600036621094	239.924667358398
73.1800003051758	302.895416259766
73.1999969482422	285.315032958984
73.2200012207031	258.300720214844
73.2399978637695	157.329010009766
73.2600021362305	222.204467773438
73.2799987792969	169.086837768555
73.3000030517578	393.725555419922
73.3199996948242	336.440032958984
73.3399963378906	173.571960449219
73.3600006103516	248.557083129883
73.379997253418	343.274291992188
73.4000015258789	137.023376464844
73.4199981689453	375.323760986328
73.4400024414063	292.600463867188
73.4599990844727	303.723510742188
73.4800033569336	240.539245605469
73.5	313.694152832031
73.5199966430664	325.750518798828
73.5400009155273	402.506317138672
73.5599975585938	312.170867919922
73.5800018310547	291.329925537109
73.5999984741211	202.570648193359
73.620002746582	247.505874633789
73.6399993896484	245.498382568359
73.6600036621094	233.69450378418
73.6800003051758	197.241424560547
73.6999969482422	253.211624145508
73.7200012207031	375.335968017578
73.7399978637695	438.482666015625
73.7600021362305	335.921997070313
73.7799987792969	201.231643676758
73.8000030517578	309.744934082031
73.8199996948242	180.847183227539
73.8399963378906	115.896987915039
73.8600006103516	122.028022766113
73.879997253418	279.830780029297
73.9000015258789	292.621032714844
73.9199981689453	191.803268432617
73.9400024414063	181.399261474609
73.9599990844727	254.226104736328
73.9800033569336	239.62809753418
74	217.534912109375
74.0199966430664	287.150695800781
74.0400009155273	177.055053710938
74.0599975585938	189.930953979492
74.0800018310547	143.088180541992
74.0999984741211	285.241882324219
74.120002746582	357.658294677734
74.1399993896484	256.609710693359
74.1600036621094	181.763565063477
74.1800003051758	226.312484741211
74.1999969482422	270.628387451172
74.2200012207031	288.392028808594
74.2399978637695	234.492721557617
74.2600021362305	302.634979248047
74.2799987792969	132.326477050781
74.3000030517578	198.695892333984
74.3199996948242	300.120544433594
74.3399963378906	172.364471435547
74.3600006103516	119.488967895508
74.379997253418	177.800430297852
74.4000015258789	241.943710327148
74.4199981689453	188.305694580078
74.4400024414063	249.861175537109
74.4599990844727	196.272888183594
74.4800033569336	207.990600585938
74.5	304.820495605469
74.5199966430664	260.351593017578
74.5400009155273	198.163452148438
74.5599975585938	263.275665283203
74.5800018310547	178.840057373047
74.5999984741211	362.345642089844
74.620002746582	282.536376953125
74.6399993896484	244.312561035156
74.6600036621094	210.028671264648
74.6800003051758	177.628814697266
74.6999969482422	350.953796386719
74.7200012207031	260.274383544922
74.7399978637695	177.816543579102
74.7600021362305	161.049942016602
74.7799987792969	124.100975036621
74.8000030517578	197.739212036133
74.8199996948242	307.541931152344
74.8399963378906	264.715209960938
74.8600006103516	206.450714111328
74.879997253418	262.11376953125
74.9000015258789	243.114120483398
74.9199981689453	212.183334350586
74.9400024414063	334.125762939453
74.9599990844727	196.580261230469
74.9800033569336	171.107681274414
75	218.927886962891
75.0199966430664	273.822418212891
75.0400009155273	275.818237304688
75.0599975585938	214.855377197266
75.0800018310547	173.748580932617
75.0999984741211	305.814544677734
75.120002746582	255.704727172852
75.1399993896484	251.452789306641
75.1600036621094	274.315002441406
75.1800003051758	328.545806884766
75.1999969482422	143.972351074219
75.2200012207031	290.646209716797
75.2399978637695	223.730972290039
75.2600021362305	134.244934082031
75.2799987792969	170.651916503906
75.3000030517578	225.419952392578
75.3199996948242	257.854705810547
75.3399963378906	255.006149291992
75.3600006103516	193.905364990234
75.379997253418	197.868316650391
75.4000015258789	238.182037353516
75.4199981689453	311.656219482422
75.4400024414063	344.934478759766
75.4599990844727	341.157592773438
75.4800033569336	400.193237304688
75.5	415.478576660156
75.5199966430664	384.812164306641
75.5400009155273	276.657012939453
75.5599975585938	450.072570800781
75.5800018310547	355.243377685547
75.5999984741211	422.219512939453
75.620002746582	291.557586669922
75.6399993896484	374.133514404297
75.6600036621094	318.790954589844
75.6800003051758	288.747619628906
75.6999969482422	376.783599853516
75.7200012207031	354.400848388672
75.7399978637695	317.244659423828
75.7600021362305	255.263168334961
75.7799987792969	238.365249633789
75.8000030517578	425.410308837891
75.8199996948242	389.304748535156
75.8399963378906	181.507843017578
75.8600006103516	348.185150146484
75.879997253418	229.885665893555
75.9000015258789	200.471694946289
75.9199981689453	176.241912841797
75.9400024414063	109.851631164551
75.9599990844727	177.03840637207
75.9800033569336	258.342956542969
76	266.173675537109
76.0199966430664	313.824401855469
76.0400009155273	276.787780761719
76.0599975585938	225.186874389648
76.0800018310547	204.003707885742
76.0999984741211	177.422119140625
76.120002746582	96.94384765625
76.1399993896484	201.213333129883
76.1600036621094	301.101104736328
76.1800003051758	272.509216308594
76.1999969482422	261.315277099609
76.2200012207031	324.899291992188
76.2399978637695	106.093841552734
76.2600021362305	256.061096191406
76.2799987792969	253.518783569336
76.3000030517578	248.738784790039
76.3199996948242	347.241516113281
76.3399963378906	325.851623535156
76.3600006103516	238.530914306641
76.379997253418	200.191635131836
76.4000015258789	250.9326171875
76.4199981689453	252.937164306641
76.4400024414063	150.288803100586
76.4599990844727	305.390075683594
76.4800033569336	390.233917236328
76.5	309.404388427734
76.5199966430664	224.276077270508
76.5400009155273	185.818969726563
76.5599975585938	235.283843994141
76.5800018310547	232.946670532227
76.5999984741211	354.247985839844
76.620002746582	402.719970703125
76.6399993896484	317.094177246094
76.6600036621094	319.633331298828
76.6800003051758	169.962265014648
76.6999969482422	274.175170898438
76.7200012207031	210.795059204102
76.7399978637695	432.475799560547
76.7600021362305	251.304626464844
76.7799987792969	215.323684692383
76.8000030517578	257.497802734375
76.8199996948242	305.837768554688
76.8399963378906	450.888000488281
76.8600006103516	406.895050048828
76.879997253418	669.599731445313
76.9000015258789	968.492309570313
76.9199981689453	1132.4140625
76.9400024414063	1155.22241210938
76.9599990844727	646.269653320313
76.9800033569336	608.988708496094
77	397.525299072266
77.0199966430664	303.518310546875
77.0400009155273	388.238403320313
77.0599975585938	360.477691650391
77.0800018310547	292.560302734375
77.0999984741211	519.321472167969
77.120002746582	626.036071777344
77.1399993896484	791.417602539063
77.1600036621094	581.646606445313
77.1800003051758	550.348754882813
77.1999969482422	485.211395263672
77.2200012207031	344.070648193359
77.2399978637695	227.372970581055
77.2600021362305	338.4267578125
77.2799987792969	261.838195800781
77.3000030517578	346.068298339844
77.3199996948242	263.956085205078
77.3399963378906	229.300033569336
77.3600006103516	206.547943115234
77.379997253418	112.031494140625
77.4000015258789	321.520080566406
77.4199981689453	326.174072265625
77.4400024414063	302.367095947266
77.4599990844727	268.331176757813
77.4800033569336	264.628112792969
77.5	308.704895019531
77.5199966430664	346.406707763672
77.5400009155273	218.904830932617
77.5599975585938	286.544403076172
77.5800018310547	78.1822967529297
77.5999984741211	242.952774047852
77.620002746582	151.635559082031
77.6399993896484	196.700012207031
77.6600036621094	203.779373168945
77.6800003051758	188.413192749023
77.6999969482422	221.153335571289
77.7200012207031	160.673324584961
77.7399978637695	245.570114135742
77.7600021362305	223.320114135742
77.7799987792969	211.461410522461
77.8000030517578	136.49299621582
77.8199996948242	37.8508949279785
77.8399963378906	226.947708129883
77.8600006103516	239.66911315918
77.879997253418	119.512954711914
77.9000015258789	184.616333007813
77.9199981689453	276.513366699219
77.9400024414063	203.493377685547
77.9599990844727	308.878936767578
77.9800033569336	199.389404296875
78	253.534240722656
78.0199966430664	169.823547363281
78.0400009155273	149.833648681641
78.0599975585938	163.085739135742
78.0800018310547	325.610137939453
78.0999984741211	255.568359375
78.120002746582	330.612426757813
78.1399993896484	299.397521972656
78.1600036621094	173.150970458984
78.1800003051758	143.929306030273
78.1999969482422	226.106079101563
78.2200012207031	228.120300292969
78.2399978637695	206.423233032227
78.2600021362305	281.267028808594
78.2799987792969	269.775085449219
78.3000030517578	236.548263549805
78.3199996948242	152.390838623047
78.3399963378906	217.748443603516
78.3600006103516	207.003601074219
78.379997253418	285.840362548828
78.4000015258789	233.917083740234
78.4199981689453	251.546585083008
78.4400024414063	212.952896118164
78.4599990844727	262.785430908203
78.4800033569336	81.4546051025391
78.5	318.982299804688
78.5199966430664	165.828460693359
78.5400009155273	248.099487304688
78.5599975585938	278.916259765625
78.5800018310547	292.860260009766
78.5999984741211	147.613967895508
78.620002746582	221.077697753906
78.6399993896484	156.05924987793
78.6600036621094	156.434814453125
78.6800003051758	296.381958007813
78.6999969482422	196.98908996582
78.7200012207031	262.472259521484
78.7399978637695	307.674591064453
78.7600021362305	295.261749267578
78.7799987792969	381.927551269531
78.8000030517578	299.634796142578
78.8199996948242	173.967575073242
78.8399963378906	174.830810546875
78.8600006103516	100.452362060547
78.879997253418	321.708465576172
78.9000015258789	235.084808349609
78.9199981689453	245.785446166992
78.9400024414063	248.673583984375
78.9599990844727	222.677307128906
78.9800033569336	268.115539550781
79	234.42317199707
79.0199966430664	233.910186767578
79.0400009155273	181.530731201172
79.0599975585938	199.812469482422
79.0800018310547	136.514984130859
79.0999984741211	443.990997314453
79.120002746582	209.33952331543
79.1399993896484	300.079071044922
79.1600036621094	169.422760009766
79.1800003051758	175.466415405273
79.1999969482422	326.057220458984
79.2200012207031	238.872299194336
79.2399978637695	143.383560180664
79.2600021362305	290.751251220703
79.2799987792969	338.62109375
79.3000030517578	118.143257141113
79.3199996948242	217.200820922852
79.3399963378906	230.392456054688
79.3600006103516	230.242156982422
79.379997253418	253.435241699219
79.4000015258789	118.656982421875
79.4199981689453	226.013534545898
79.4400024414063	176.547470092773
79.4599990844727	250.374862670898
79.4800033569336	258.853698730469
79.5	236.993057250977
79.5199966430664	247.263900756836
79.5400009155273	166.173553466797
79.5599975585938	143.723602294922
79.5800018310547	204.005813598633
79.5999984741211	154.297973632813
79.620002746582	292.512573242188
79.6399993896484	125.894828796387
79.6600036621094	289.8447265625
79.6800003051758	315.581817626953
79.6999969482422	253.752716064453
79.7200012207031	173.632553100586
79.7399978637695	145.611206054688
79.7600021362305	239.631607055664
79.7799987792969	156.00325012207
79.8000030517578	259.193450927734
79.8199996948242	165.255828857422
79.8399963378906	246.889373779297
79.8600006103516	289.029479980469
79.879997253418	91.0483703613281
79.9000015258789	145.770324707031
79.9199981689453	221.440093994141
79.9400024414063	207.873199462891
79.9599990844727	144.656860351563
79.9800033569336	132.280487060547
80	225.5693359375
