1_002/1	
θ/2θ, °	Intensity, cps
20	344.943603515625
20.0200004577637	247.555465698242
20.0400009155273	214.465667724609
20.0599994659424	154.680374145508
20.0799999237061	162.224746704102
20.1000003814697	133.963363647461
20.1200008392334	211.316604614258
20.1399993896484	215.257766723633
20.1599998474121	295.498291015625
20.1800003051758	244.673568725586
20.2000007629395	196.89421081543
20.2199993133545	175.783218383789
20.2399997711182	216.776016235352
20.2600002288818	148.664276123047
20.2800006866455	221.061019897461
20.2999992370605	276.504241943359
20.3199996948242	279.208770751953
20.3400001525879	161.091934204102
20.3600006103516	244.259918212891
20.3799991607666	198.177444458008
20.3999996185303	207.467376708984
20.4200000762939	272.823303222656
20.4400005340576	219.141204833984
20.4599990844727	135.408752441406
20.4799995422363	200.929977416992
20.5	213.238800048828
20.5200004577637	297.35546875
20.5400009155273	251.784027099609
20.5599994659424	185.620162963867
20.5799999237061	150.18815612793
20.6000003814697	166.575531005859
20.6200008392334	145.35205078125
20.6399993896484	290.813110351563
20.6599998474121	236.744506835938
20.6800003051758	260.799133300781
20.7000007629395	259.534759521484
20.7199993133545	285.101928710938
20.7399997711182	189.281326293945
20.7600002288818	294.814849853516
20.7800006866455	172.0244140625
20.7999992370605	208.422744750977
20.8199996948242	165.09880065918
20.8400001525879	78.072395324707
20.8600006103516	172.780990600586
20.8799991607666	116.936820983887
20.8999996185303	216.511993408203
20.9200000762939	186.853179931641
20.9400005340576	162.412078857422
20.9599990844727	217.709762573242
20.9799995422363	235.437088012695
21	187.756072998047
21.0200004577637	146.327560424805
21.0400009155273	243.407440185547
21.0599994659424	168.125778198242
21.0799999237061	250.925643920898
21.1000003814697	234.769561767578
21.1200008392334	174.992706298828
21.1399993896484	147.687866210938
21.1599998474121	191.782333374023
21.1800003051758	150.244110107422
21.2000007629395	232.1796875
21.2199993133545	239.802017211914
21.2399997711182	180.411514282227
21.2600002288818	207.012969970703
21.2800006866455	187.637451171875
21.2999992370605	185.899124145508
21.3199996948242	183.722946166992
21.3400001525879	196.296981811523
21.3600006103516	282.852142333984
21.3799991607666	179.140365600586
21.3999996185303	201.530334472656
21.4200000762939	234.916809082031
21.4400005340576	196.323013305664
21.4599990844727	77.4872131347656
21.4799995422363	156.56120300293
21.5	206.909729003906
21.5200004577637	213.530731201172
21.5400009155273	182.440246582031
21.5599994659424	170.299194335938
21.5799999237061	117.311744689941
21.6000003814697	279.808807373047
21.6200008392334	245.267761230469
21.6399993896484	279.189727783203
21.6599998474121	250.949066162109
21.6800003051758	157.857757568359
21.7000007629395	253.759918212891
21.7199993133545	116.285057067871
21.7399997711182	266.261657714844
21.7600002288818	179.721069335938
21.7800006866455	209.378799438477
21.7999992370605	209.52392578125
21.8199996948242	359.570343017578
21.8400001525879	119.153388977051
21.8600006103516	215.419204711914
21.8799991607666	235.92121887207
21.8999996185303	226.32991027832
21.9200000762939	228.767654418945
21.9400005340576	211.354217529297
21.9599990844727	297.865325927734
21.9799995422363	213.095092773438
22	129.159423828125
22.0200004577637	250.700881958008
22.0400009155273	107.878952026367
22.0599994659424	226.138565063477
22.0799999237061	109.734474182129
22.1000003814697	146.206954956055
22.1200008392334	212.439147949219
22.1399993896484	198.647399902344
22.1599998474121	114.064903259277
22.1800003051758	245.398406982422
22.2000007629395	250.334503173828
22.2199993133545	199.625061035156
22.2399997711182	281.084350585938
22.2600002288818	253.957565307617
22.2800006866455	230.371170043945
22.2999992370605	78.3364486694336
22.3199996948242	169.069702148438
22.3400001525879	139.45036315918
22.3600006103516	251.713439941406
22.3799991607666	221.709259033203
22.3999996185303	249.68586730957
22.4200000762939	109.123916625977
22.4400005340576	202.784927368164
22.4599990844727	174.672134399414
22.4799995422363	123.878311157227
22.5	170.241790771484
22.5200004577637	119.097427368164
22.5400009155273	159.167907714844
22.5599994659424	300.526397705078
22.5799999237061	203.416015625
22.6000003814697	202.18684387207
22.6200008392334	199.014450073242
22.6399993896484	235.196380615234
22.6599998474121	212.762710571289
22.6800003051758	223.217727661133
22.7000007629395	275.392730712891
22.7199993133545	133.553237915039
22.7399997711182	205.914520263672
22.7600002288818	184.824523925781
22.7800006866455	110.367431640625
22.7999992370605	213.763244628906
22.8199996948242	250.611602783203
22.8400001525879	293.986206054688
22.8600006103516	314.421173095703
22.8799991607666	362.159942626953
22.8999996185303	370.75244140625
22.9200000762939	439.894195556641
22.9400005340576	612.143737792969
22.9599990844727	737.592163085938
22.9799995422363	936.486633300781
23	822.727355957031
23.0200004577637	589.270629882813
23.0400009155273	607.1826171875
23.0599994659424	680.399108886719
23.0799999237061	327.906402587891
23.1000003814697	455.126190185547
23.1200008392334	178.983947753906
23.1399993896484	293.222595214844
23.1599998474121	220.541412353516
23.1800003051758	342.377593994141
23.2000007629395	224.522216796875
23.2199993133545	239.638977050781
23.2399997711182	174.867294311523
23.2600002288818	101.053176879883
23.2800006866455	121.008316040039
23.2999992370605	146.038177490234
23.3199996948242	95.073860168457
23.3400001525879	202.634231567383
23.3600006103516	99.5745620727539
23.3799991607666	267.877563476563
23.3999996185303	185.636138916016
23.4200000762939	170.68620300293
23.4400005340576	283.494262695313
23.4599990844727	186.897552490234
23.4799995422363	174.304382324219
23.5	291.680053710938
23.5200004577637	239.635513305664
23.5400009155273	196.633117675781
23.5599994659424	350.912353515625
23.5799999237061	192.573303222656
23.6000003814697	84.0801162719727
23.6200008392334	128.504135131836
23.6399993896484	186.335922241211
23.6599998474121	148.871398925781
23.6800003051758	218.361099243164
23.7000007629395	118.20768737793
23.7199993133545	153.129165649414
23.7399997711182	258.185272216797
23.7600002288818	79.4235076904297
23.7800006866455	278.633911132813
23.7999992370605	201.313507080078
23.8199996948242	240.126998901367
23.8400001525879	184.565475463867
23.8600006103516	224.10514831543
23.8799991607666	287.890960693359
23.8999996185303	100.535461425781
23.9200000762939	241.099044799805
23.9400005340576	244.943572998047
23.9599990844727	237.906295776367
23.9799995422363	250.249588012695
24	255.372436523438
24.0200004577637	215.586959838867
24.0400009155273	173.439926147461
24.0599994659424	38.5080871582031
24.0799999237061	156.691986083984
24.1000003814697	214.917678833008
24.1200008392334	120.845207214355
24.1399993896484	175.585144042969
24.1599998474121	215.220153808594
24.1800003051758	160.750289916992
24.2000007629395	194.037094116211
24.2199993133545	214.487915039063
24.2399997711182	250.827133178711
24.2600002288818	291.605895996094
24.2800006866455	140.272705078125
24.2999992370605	186.448989868164
24.3199996948242	141.114486694336
24.3400001525879	197.552215576172
24.3600006103516	196.688552856445
24.3799991607666	124.154373168945
24.3999996185303	153.946228027344
24.4200000762939	187.120452880859
24.4400005340576	143.088623046875
24.4599990844727	225.606918334961
24.4799995422363	221.110763549805
24.5	183.926971435547
24.5200004577637	65.3978652954102
24.5400009155273	216.597671508789
24.5599994659424	166.404067993164
24.5799999237061	164.101455688477
24.6000003814697	214.945648193359
24.6200008392334	217.316314697266
24.6399993896484	315.880859375
24.6599998474121	36.0703239440918
24.6800003051758	235.465393066406
24.7000007629395	220.02507019043
24.7199993133545	257.451019287109
24.7399997711182	130.163391113281
24.7600002288818	177.856811523438
24.7800006866455	189.820465087891
24.7999992370605	192.153732299805
24.8199996948242	306.041656494141
24.8400001525879	196.794738769531
24.8600006103516	260.282073974609
24.8799991607666	148.131591796875
24.8999996185303	81.2788467407227
24.9200000762939	170.883361816406
24.9400005340576	164.006652832031
24.9599990844727	264.557098388672
24.9799995422363	239.317443847656
25	313.011810302734
25.0200004577637	333.795074462891
25.0400009155273	364.738037109375
25.0599994659424	317.378143310547
25.0799999237061	314.736999511719
25.1000003814697	362.236846923828
25.1200008392334	300.929321289063
25.1399993896484	472.030853271484
25.1599998474121	679.445861816406
25.1800003051758	1372.53381347656
25.2000007629395	3171.73852539063
25.2199993133545	2302.02221679688
25.2399997711182	1563.54614257813
25.2600002288818	1902.89758300781
25.2800006866455	1808.11364746094
25.2999992370605	871.838073730469
25.3199996948242	669.814819335938
25.3400001525879	508.726898193359
25.3600006103516	411.407043457031
25.3799991607666	392.187133789063
25.3999996185303	293.672088623047
25.4200000762939	304.962982177734
25.4400005340576	253.240509033203
25.4599990844727	352.968811035156
25.4799995422363	227.23876953125
25.5	134.397766113281
25.5200004577637	69.1645355224609
25.5400009155273	227.653930664063
25.5599994659424	284.054138183594
25.5799999237061	238.657196044922
25.6000003814697	161.793380737305
25.6200008392334	114.130111694336
25.6399993896484	266.431030273438
25.6599998474121	229.834320068359
25.6800003051758	334.217529296875
25.7000007629395	137.693435668945
25.7199993133545	120.138221740723
25.7399997711182	177.304321289063
25.7600002288818	313.633178710938
25.7800006866455	177.972106933594
25.7999992370605	308.800506591797
25.8199996948242	263.360595703125
25.8400001525879	195.809173583984
25.8600006103516	297.822021484375
25.8799991607666	160.181915283203
25.8999996185303	164.060592651367
25.9200000762939	196.333038330078
25.9400005340576	160.972015380859
25.9599990844727	185.205352783203
25.9799995422363	251.461532592773
26	239.360122680664
26.0200004577637	258.872009277344
26.0400009155273	213.744430541992
26.0599994659424	223.22688293457
26.0799999237061	143.305816650391
26.1000003814697	179.268341064453
26.1200008392334	199.758560180664
26.1399993896484	198.467712402344
26.1599998474121	187.859954833984
26.1800003051758	164.738204956055
26.2000007629395	288.242492675781
26.2199993133545	135.336959838867
26.2399997711182	201.451873779297
26.2600002288818	152.828643798828
26.2800006866455	236.463470458984
26.2999992370605	310.779327392578
26.3199996948242	176.984771728516
26.3400001525879	141.809600830078
26.3600006103516	201.111206054688
26.3799991607666	166.787338256836
26.3999996185303	175.60530090332
26.4200000762939	232.638244628906
26.4400005340576	141.203475952148
26.4599990844727	257.660949707031
26.4799995422363	216.45149230957
26.5	266.684143066406
26.5200004577637	179.835098266602
26.5400009155273	117.856140136719
26.5599994659424	210.698959350586
26.5799999237061	179.805252075195
26.6000003814697	331.394561767578
26.6200008392334	106.240875244141
26.6399993896484	291.131988525391
26.6599998474121	306.796569824219
26.6800003051758	228.793304443359
26.7000007629395	217.526504516602
26.7199993133545	144.268829345703
26.7399997711182	322.955627441406
26.7600002288818	308.085784912109
26.7800006866455	154.777694702148
26.7999992370605	247.227355957031
26.8199996948242	293.279052734375
26.8400001525879	211.696472167969
26.8600006103516	241.938705444336
26.8799991607666	162.110229492188
26.8999996185303	217.103225708008
26.9200000762939	220.262756347656
26.9400005340576	341.604644775391
26.9599990844727	223.507202148438
26.9799995422363	236.584167480469
27	294.796691894531
27.0200004577637	281.022094726563
27.0400009155273	271.610321044922
27.0599994659424	192.768676757813
27.0799999237061	297.628112792969
27.1000003814697	155.070358276367
27.1200008392334	90.550651550293
27.1399993896484	196.364974975586
27.1599998474121	249.586486816406
27.1800003051758	93.7044296264648
27.2000007629395	283.23193359375
27.2199993133545	169.45442199707
27.2399997711182	201.228591918945
27.2600002288818	233.555633544922
27.2800006866455	362.346496582031
27.2999992370605	338.650634765625
27.3199996948242	359.791687011719
27.3400001525879	252.629364013672
27.3600006103516	474.721527099609
27.3799991607666	399.793151855469
27.3999996185303	486.778472900391
27.4200000762939	603.521850585938
27.4400005340576	808.590454101563
27.4599990844727	991.758728027344
27.4799995422363	1682.77575683594
27.5	2492.99145507813
27.5200004577637	2548.9130859375
27.5400009155273	2134.32641601563
27.5599994659424	2139.85327148438
27.5799999237061	1794.34790039063
27.6000003814697	1477.33056640625
27.6200008392334	970.655029296875
27.6399993896484	800.741821289063
27.6599998474121	630.543334960938
27.6800003051758	591.445983886719
27.7000007629395	444.193481445313
27.7199993133545	428.129821777344
27.7399997711182	343.312133789063
27.7600002288818	271.043182373047
27.7800006866455	285.935028076172
27.7999992370605	196.574615478516
27.8199996948242	286.166625976563
27.8400001525879	285.026733398438
27.8600006103516	307.979064941406
27.8799991607666	287.069732666016
27.8999996185303	260.186279296875
27.9200000762939	320.0908203125
27.9400005340576	189.285614013672
27.9599990844727	175.972549438477
27.9799995422363	228.683441162109
28	247.228088378906
28.0200004577637	210.031814575195
28.0400009155273	210.871475219727
28.0599994659424	207.308746337891
28.0799999237061	309.951263427734
28.1000003814697	242.731201171875
28.1200008392334	224.644653320313
28.1399993896484	237.556732177734
28.1599998474121	239.573944091797
28.1800003051758	170.676010131836
28.2000007629395	134.122955322266
28.2199993133545	331.819427490234
28.2399997711182	193.703598022461
28.2600002288818	145.321228027344
28.2800006866455	119.40803527832
28.2999992370605	174.643356323242
28.3199996948242	182.150680541992
28.3400001525879	170.139953613281
28.3600006103516	201.149703979492
28.3799991607666	204.394515991211
28.3999996185303	213.341415405273
28.4200000762939	210.853378295898
28.4400005340576	203.768966674805
28.4599990844727	233.998840332031
28.4799995422363	250.508880615234
28.5	258.164611816406
28.5200004577637	206.489974975586
28.5400009155273	319.933532714844
28.5599994659424	292.905487060547
28.5799999237061	130.650375366211
28.6000003814697	345.28515625
28.6200008392334	224.274139404297
28.6399993896484	330.922302246094
28.6599998474121	242.616775512695
28.6800003051758	232.990219116211
28.7000007629395	249.136383056641
28.7199993133545	157.676361083984
28.7399997711182	183.719589233398
28.7600002288818	102.796112060547
28.7800006866455	270.264709472656
28.7999992370605	189.424743652344
28.8199996948242	263.027435302734
28.8400001525879	166.965957641602
28.8600006103516	271.264434814453
28.8799991607666	110.911773681641
28.8999996185303	150.813171386719
28.9200000762939	163.044876098633
28.9400005340576	145.440826416016
28.9599990844727	122.894958496094
28.9799995422363	222.07160949707
29	224.419097900391
29.0200004577637	190.931411743164
29.0400009155273	217.303009033203
29.0599994659424	207.413543701172
29.0799999237061	188.857009887695
29.1000003814697	205.744506835938
29.1200008392334	156.634643554688
29.1399993896484	204.015182495117
29.1599998474121	347.31982421875
29.1800003051758	363.329040527344
29.2000007629395	450.858154296875
29.2199993133545	394.135040283203
29.2399997711182	370.619873046875
29.2600002288818	206.27001953125
29.2800006866455	294.954437255859
29.2999992370605	200.943710327148
29.3199996948242	153.352844238281
29.3400001525879	289.653350830078
29.3600006103516	199.356353759766
29.3799991607666	250.516967773438
29.3999996185303	143.626235961914
29.4200000762939	84.6486053466797
29.4400005340576	118.406311035156
29.4599990844727	167.075836181641
29.4799995422363	169.395706176758
29.5	185.189010620117
29.5200004577637	181.868743896484
29.5400009155273	220.317794799805
29.5599994659424	198.681945800781
29.5799999237061	201.831726074219
29.6000003814697	231.189300537109
29.6200008392334	193.114868164063
29.6399993896484	84.3738708496094
29.6599998474121	147.363998413086
29.6800003051758	198.263885498047
29.7000007629395	189.732177734375
29.7199993133545	292.412658691406
29.7399997711182	99.494514465332
29.7600002288818	181.275085449219
29.7800006866455	245.645446777344
29.7999992370605	189.003005981445
29.8199996948242	168.855163574219
29.8400001525879	208.120864868164
29.8600006103516	123.059844970703
29.8799991607666	210.348449707031
29.8999996185303	174.237976074219
29.9200000762939	174.629821777344
29.9400005340576	315.402679443359
29.9599990844727	279.157653808594
29.9799995422363	310.417907714844
30	228.270950317383
30.0200004577637	267.622436523438
30.0400009155273	203.764404296875
30.0599994659424	94.9650268554688
30.0799999237061	89.4110107421875
30.1000003814697	203.064071655273
30.1200008392334	193.215133666992
30.1399993896484	69.6544189453125
30.1599998474121	129.906784057617
30.1800003051758	207.936065673828
30.2000007629395	275.544311523438
30.2199993133545	276.356658935547
30.2399997711182	212.366760253906
30.2600002288818	156.455657958984
30.2800006866455	181.153701782227
30.2999992370605	276.342010498047
30.3199996948242	332.808502197266
30.3400001525879	122.120758056641
30.3600006103516	177.141723632813
30.3799991607666	212.447235107422
30.3999996185303	202.409042358398
30.4200000762939	156.792785644531
30.4400005340576	352.943359375
30.4599990844727	104.599220275879
30.4799995422363	150.364761352539
30.5	206.595031738281
30.5200004577637	122.22257232666
30.5400009155273	89.8195190429688
30.5599994659424	227.695434570313
30.5799999237061	83.6980514526367
30.6000003814697	157.565780639648
30.6200008392334	246.887939453125
30.6399993896484	96.8972930908203
30.6599998474121	323.208374023438
30.6800003051758	230.473754882813
30.7000007629395	345.399719238281
30.7199993133545	277.346862792969
30.7399997711182	174.023284912109
30.7600002288818	227.745162963867
30.7800006866455	91.8042831420898
30.7999992370605	183.99626159668
30.8199996948242	235.582382202148
30.8400001525879	168.925216674805
30.8600006103516	246.215393066406
30.8799991607666	248.867370605469
30.8999996185303	272.444976806641
30.9200000762939	211.130493164063
30.9400005340576	95.793327331543
30.9599990844727	223.274078369141
30.9799995422363	249.605072021484
31	218.744842529297
31.0200004577637	221.46061706543
31.0400009155273	250.49250793457
31.0599994659424	193.995986938477
31.0799999237061	243.492309570313
31.1000003814697	148.115875244141
31.1200008392334	100.094841003418
31.1399993896484	170.151412963867
31.1599998474121	259.671752929688
31.1800003051758	243.683959960938
31.2000007629395	126.112632751465
31.2199993133545	144.959030151367
31.2399997711182	70.8644332885742
31.2600002288818	195.519332885742
31.2800006866455	208.10693359375
31.2999992370605	207.674102783203
31.3199996948242	250.424545288086
31.3400001525879	185.07975769043
31.3600006103516	177.743072509766
31.3799991607666	227.88899230957
31.3999996185303	281.559814453125
31.4200000762939	258.649505615234
31.4400005340576	322.171844482422
31.4599990844727	220.513610839844
31.4799995422363	510.353149414063
31.5	329.378570556641
31.5200004577637	345.793670654297
31.5400009155273	233.85661315918
31.5599994659424	376.24072265625
31.5799999237061	527.062683105469
31.6000003814697	639.618041992188
31.6200008392334	665.380004882813
31.6399993896484	1068.64038085938
31.6599998474121	1723.69812011719
31.6800003051758	3537.37548828125
31.7000007629395	4532.89599609375
31.7199993133545	4437.7724609375
31.7399997711182	4132.3330078125
31.7600002288818	4360.3515625
31.7800006866455	3865.68798828125
31.7999992370605	2868.04077148438
31.8199996948242	2183.587890625
31.8400001525879	1661.74755859375
31.8600006103516	1407.83935546875
31.8799991607666	780.591186523438
31.8999996185303	583.489990234375
31.9200000762939	405.625213623047
31.9400005340576	478.627258300781
31.9599990844727	357.863647460938
31.9799995422363	314.745452880859
32	242.426147460938
32.0200004577637	369.650421142578
32.0400009155273	217.907836914063
32.060001373291	235.659286499023
32.0800018310547	258.105621337891
32.0999984741211	181.246139526367
32.1199989318848	273.156158447266
32.1399993896484	398.595245361328
32.1599998474121	173.966934204102
32.1800003051758	174.270889282227
32.2000007629395	114.097534179688
32.2200012207031	113.907051086426
32.2400016784668	91.802375793457
32.2599983215332	273.139404296875
32.2799987792969	173.210861206055
32.2999992370605	58.7681846618652
32.3199996948242	133.195816040039
32.3400001525879	182.778732299805
32.3600006103516	210.646331787109
32.3800010681152	223.958435058594
32.4000015258789	234.635543823242
32.4199981689453	225.516693115234
32.439998626709	61.638500213623
32.4599990844727	174.445892333984
32.4799995422363	186.748168945313
32.5	145.175842285156
32.5200004577637	204.870651245117
32.5400009155273	209.212524414063
32.560001373291	143.474456787109
32.5800018310547	179.055740356445
32.5999984741211	309.685180664063
32.6199989318848	254.847381591797
32.6399993896484	333.168975830078
32.6599998474121	91.9096069335938
32.6800003051758	170.564315795898
32.7000007629395	153.210403442383
32.7200012207031	283.562561035156
32.7400016784668	21.3819255828857
32.7599983215332	174.83056640625
32.7799987792969	138.108108520508
32.7999992370605	137.462478637695
32.8199996948242	177.228042602539
32.8400001525879	172.57160949707
32.8600006103516	206.02864074707
32.8800010681152	150.484466552734
32.9000015258789	225.431564331055
32.9199981689453	197.93147277832
32.939998626709	155.217529296875
32.9599990844727	170.232116699219
32.9799995422363	191.186386108398
33	100.67414855957
33.0200004577637	238.739364624023
33.0400009155273	172.822555541992
33.060001373291	196.951690673828
33.0800018310547	235.64045715332
33.0999984741211	239.753372192383
33.1199989318848	127.660293579102
33.1399993896484	201.845581054688
33.1599998474121	160.796279907227
33.1800003051758	202.343719482422
33.2000007629395	231.312225341797
33.2200012207031	190.938537597656
33.2400016784668	241.873123168945
33.2599983215332	112.485565185547
33.2799987792969	182.029449462891
33.2999992370605	233.270751953125
33.3199996948242	131.000610351563
33.3400001525879	234.779312133789
33.3600006103516	171.120834350586
33.3800010681152	159.185699462891
33.4000015258789	276.496246337891
33.4199981689453	202.888977050781
33.439998626709	127.102149963379
33.4599990844727	231.058242797852
33.4799995422363	228.177749633789
33.5	94.9853363037109
33.5200004577637	185.041351318359
33.5400009155273	155.579833984375
33.560001373291	170.332214355469
33.5800018310547	178.80012512207
33.5999984741211	184.556488037109
33.6199989318848	304.452667236328
33.6399993896484	114.73486328125
33.6599998474121	254.360763549805
33.6800003051758	133.355758666992
33.7000007629395	95.2981185913086
33.7200012207031	56.8511772155762
33.7400016784668	152.584060668945
33.7599983215332	206.694763183594
33.7799987792969	310.970520019531
33.7999992370605	120.792404174805
33.8199996948242	112.738708496094
33.8400001525879	181.813735961914
33.8600006103516	113.882522583008
33.8800010681152	196.070663452148
33.9000015258789	186.933258056641
33.9199981689453	76.8127288818359
33.939998626709	247.523147583008
33.9599990844727	86.8347702026367
33.9799995422363	111.012474060059
34	229.225128173828
34.0200004577637	179.007049560547
34.0400009155273	271.518188476563
34.060001373291	252.984573364258
34.0800018310547	200.941345214844
34.0999984741211	99.1623077392578
34.1199989318848	209.104309082031
34.1399993896484	242.59928894043
34.1599998474121	195.085632324219
34.1800003051758	316.046081542969
34.2000007629395	179.248123168945
34.2200012207031	296.141662597656
34.2400016784668	112.11946105957
34.2599983215332	181.90592956543
34.2799987792969	301.819030761719
34.2999992370605	340.880798339844
34.3199996948242	366.400207519531
34.3400001525879	504.736389160156
34.3600006103516	720.474365234375
34.3800010681152	826.466003417969
34.4000015258789	486.433654785156
34.4199981689453	723.907592773438
34.439998626709	496.613922119141
34.4599990844727	427.350860595703
34.4799995422363	375.172637939453
34.5	319.732086181641
34.5200004577637	242.295043945313
34.5400009155273	294.304748535156
34.560001373291	234.200622558594
34.5800018310547	216.972091674805
34.5999984741211	160.879837036133
34.6199989318848	114.277153015137
34.6399993896484	155.4833984375
34.6599998474121	85.3271942138672
34.6800003051758	138.87532043457
34.7000007629395	151.479309082031
34.7200012207031	229.787109375
34.7400016784668	95.9228439331055
34.7599983215332	132.678649902344
34.7799987792969	87.8323211669922
34.7999992370605	182.845550537109
34.8199996948242	241.812438964844
34.8400001525879	143.157165527344
34.8600006103516	174.967041015625
34.8800010681152	203.394866943359
34.9000015258789	107.964744567871
34.9199981689453	167.676177978516
34.939998626709	194.067321777344
34.9599990844727	218.339874267578
34.9799995422363	100.932693481445
35	141.309814453125
35.0200004577637	180.41276550293
35.0400009155273	139.711288452148
35.060001373291	236.604644775391
35.0800018310547	311.644958496094
35.0999984741211	174.852722167969
35.1199989318848	280.092132568359
35.1399993896484	210.16340637207
35.1599998474121	266.313720703125
35.1800003051758	114.723777770996
35.2000007629395	157.290496826172
35.2200012207031	178.32829284668
35.2400016784668	233.653594970703
35.2599983215332	163.002487182617
35.2799987792969	257.785919189453
35.2999992370605	158.773788452148
35.3199996948242	242.511413574219
35.3400001525879	257.918273925781
35.3600006103516	289.946075439453
35.3800010681152	144.273529052734
35.4000015258789	164.040939331055
35.4199981689453	188.049697875977
35.439998626709	164.730133056641
35.4599990844727	312.531188964844
35.4799995422363	199.083038330078
35.5	89.5072631835938
35.5200004577637	31.4373588562012
35.5400009155273	219.775115966797
35.560001373291	188.056976318359
35.5800018310547	209.438735961914
35.5999984741211	344.495819091797
35.6199989318848	181.408874511719
35.6399993896484	246.803482055664
35.6599998474121	174.85758972168
35.6800003051758	209.909622192383
35.7000007629395	144.594497680664
35.7200012207031	148.434967041016
35.7400016784668	247.090789794922
35.7599983215332	164.866973876953
35.7799987792969	199.486083984375
35.7999992370605	153.332412719727
35.8199996948242	185.028884887695
35.8400001525879	291.0078125
35.8600006103516	259.924987792969
35.8800010681152	199.632507324219
35.9000015258789	182.461135864258
35.9199981689453	171.384094238281
35.939998626709	196.952026367188
35.9599990844727	207.103500366211
35.9799995422363	98.3213043212891
36	277.118957519531
36.0200004577637	264.32470703125
36.0400009155273	440.056304931641
36.060001373291	380.155395507813
36.0800018310547	379.243255615234
36.0999984741211	413.322662353516
36.1199989318848	599.196533203125
36.1399993896484	1105.84289550781
36.1599998474121	2026.38464355469
36.1800003051758	3198.5185546875
36.2000007629395	3375.8525390625
36.2200012207031	2310.28076171875
36.2400016784668	1894.68627929688
36.2599983215332	1972.14880371094
36.2799987792969	2243.67602539063
36.2999992370605	1813.07678222656
36.3199996948242	1189.69567871094
36.3400001525879	872.167053222656
36.3600006103516	662.780212402344
36.3800010681152	508.017028808594
36.4000015258789	383.881958007813
36.4199981689453	305.442443847656
36.439998626709	247.389831542969
36.4599990844727	293.272216796875
36.4799995422363	264.628448486328
36.5	254.148788452148
36.5200004577637	151.987319946289
36.5400009155273	180.917022705078
36.560001373291	264.518890380859
36.5800018310547	233.235061645508
36.5999984741211	198.47705078125
36.6199989318848	163.896011352539
36.6399993896484	241.906280517578
36.6599998474121	215.781860351563
36.6800003051758	138.10124206543
36.7000007629395	66.7056884765625
36.7200012207031	149.146514892578
36.7400016784668	198.208908081055
36.7599983215332	344.641815185547
36.7799987792969	90.2110061645508
36.7999992370605	338.449401855469
36.8199996948242	264.655578613281
36.8400001525879	158.615982055664
36.8600006103516	177.566787719727
36.8800010681152	123.218139648438
36.9000015258789	178.866348266602
36.9199981689453	179.110061645508
36.939998626709	137.737915039063
36.9599990844727	225.814437866211
36.9799995422363	282.167388916016
37	131.492691040039
37.0200004577637	164.872451782227
37.0400009155273	244.339340209961
37.060001373291	112.75691986084
37.0800018310547	209.939270019531
37.0999984741211	140.046020507813
37.1199989318848	146.265228271484
37.1399993896484	69.5638885498047
37.1599998474121	159.198394775391
37.1800003051758	171.830093383789
37.2000007629395	199.71369934082
37.2200012207031	136.461929321289
37.2400016784668	230.512420654297
37.2599983215332	184.126647949219
37.2799987792969	168.376068115234
37.2999992370605	137.811111450195
37.3199996948242	90.851936340332
37.3400001525879	68.0166778564453
37.3600006103516	212.309509277344
37.3800010681152	98.0612869262695
37.4000015258789	210.776092529297
37.4199981689453	270.939697265625
37.439998626709	310.471801757813
37.4599990844727	212.795471191406
37.4799995422363	366.283172607422
37.5	248.125274658203
37.5200004577637	106.994537353516
37.5400009155273	244.184341430664
37.560001373291	100.196319580078
37.5800018310547	49.5353698730469
37.5999984741211	170.287643432617
37.6199989318848	147.516296386719
37.6399993896484	160.570709228516
37.6599998474121	181.694381713867
37.6800003051758	242.486267089844
37.7000007629395	173.765823364258
37.7200012207031	191.923110961914
37.7400016784668	154.358596801758
37.7599983215332	165.01106262207
37.7799987792969	187.154418945313
37.7999992370605	67.7696838378906
37.8199996948242	95.5544967651367
37.8400001525879	55.2188034057617
37.8600006103516	253.000228881836
37.8800010681152	268.85400390625
37.9000015258789	130.141983032227
37.9199981689453	253.171005249023
37.939998626709	180.327026367188
37.9599990844727	305.764190673828
37.9799995422363	260.8916015625
38	204.753219604492
38.0200004577637	149.362365722656
38.0400009155273	232.282516479492
38.060001373291	333.403533935547
38.0800018310547	276.71240234375
38.0999984741211	171.849594116211
38.1199989318848	261.354675292969
38.1399993896484	204.663681030273
38.1599998474121	286.543334960938
38.1800003051758	378.138244628906
38.2000007629395	524.290283203125
38.2200012207031	521.032775878906
38.2400016784668	539.712036132813
38.2599983215332	478.920135498047
38.2799987792969	463.485717773438
38.2999992370605	427.959991455078
38.3199996948242	574.520751953125
38.3400001525879	471.669860839844
38.3600006103516	402.534820556641
38.3800010681152	329.595672607422
38.4000015258789	377.047576904297
38.4199981689453	297.518188476563
38.439998626709	201.85710144043
38.4599990844727	140.443008422852
38.4799995422363	131.243789672852
38.5	224.776962280273
38.5200004577637	240.00439453125
38.5400009155273	141.217163085938
38.560001373291	173.404373168945
38.5800018310547	233.029525756836
38.5999984741211	279.064575195313
38.6199989318848	287.109405517578
38.6399993896484	196.556350708008
38.6599998474121	195.487854003906
38.6800003051758	202.026138305664
38.7000007629395	175.626571655273
38.7200012207031	116.619895935059
38.7400016784668	332.481994628906
38.7599983215332	144.021209716797
38.7799987792969	211.082641601563
38.7999992370605	267.337860107422
38.8199996948242	128.071044921875
38.8400001525879	75.8700714111328
38.8600006103516	175.924118041992
38.8800010681152	177.736541748047
38.9000015258789	136.550628662109
38.9199981689453	241.20280456543
38.939998626709	148.458129882813
38.9599990844727	160.934936523438
38.9799995422363	203.511184692383
39	219.587203979492
39.0200004577637	156.314819335938
39.0400009155273	218.532104492188
39.060001373291	222.662704467773
39.0800018310547	121.646881103516
39.0999984741211	177.42724609375
39.1199989318848	188.807815551758
39.1399993896484	48.0009422302246
39.1599998474121	305.074645996094
39.1800003051758	186.08967590332
39.2000007629395	173.703506469727
39.2200012207031	236.431762695313
39.2400016784668	167.158309936523
39.2599983215332	204.820587158203
39.2799987792969	125.318588256836
39.2999992370605	202.24201965332
39.3199996948242	179.14225769043
39.3400001525879	233.953506469727
39.3600006103516	314.199310302734
39.3800010681152	158.752471923828
39.4000015258789	205.679290771484
39.4199981689453	43.9935684204102
39.439998626709	140.570220947266
39.4599990844727	166.48063659668
39.4799995422363	100.693252563477
39.5	169.649978637695
39.5200004577637	90.359375
39.5400009155273	154.419799804688
39.560001373291	229.899948120117
39.5800018310547	67.4459991455078
39.5999984741211	168.360946655273
39.6199989318848	113.090057373047
39.6399993896484	133.02360534668
39.6599998474121	74.4801559448242
39.6800003051758	167.677673339844
39.7000007629395	178.751937866211
39.7200012207031	78.5595474243164
39.7400016784668	148.150863647461
39.7599983215332	168.426071166992
39.7799987792969	179.598571777344
39.7999992370605	132.373779296875
39.8199996948242	132.712524414063
39.8400001525879	223.483459472656
39.8600006103516	175.895370483398
39.8800010681152	99.4180450439453
39.9000015258789	33.9178810119629
39.9199981689453	274.0185546875
39.939998626709	149.987243652344
39.9599990844727	244.894454956055
39.9799995422363	175.415679931641
40	166.871841430664
40.0200004577637	258.660034179688
40.0400009155273	161.187789916992
40.060001373291	183.38688659668
40.0800018310547	113.009399414063
40.0999984741211	173.318618774414
40.1199989318848	282.070678710938
40.1399993896484	299.663726806641
40.1599998474121	261.572570800781
40.1800003051758	205.07633972168
40.2000007629395	195.944198608398
40.2200012207031	247.985275268555
40.2400016784668	394.442047119141
40.2599983215332	281.376556396484
40.2799987792969	403.626586914063
40.2999992370605	555.268859863281
40.3199996948242	629.578247070313
40.3400001525879	889.619262695313
40.3600006103516	998.235961914063
40.3800010681152	1538.75024414063
40.4000015258789	1852.99475097656
40.4199981689453	1427.38220214844
40.439998626709	1083.98291015625
40.4599990844727	999.028137207031
40.4799995422363	920.140258789063
40.5	1250.67932128906
40.5200004577637	834.732788085938
40.5400009155273	495.706695556641
40.560001373291	687.177856445313
40.5800018310547	436.178955078125
40.5999984741211	265.421966552734
40.6199989318848	231.081161499023
40.6399993896484	355.863250732422
40.6599998474121	261.190887451172
40.6800003051758	231.417495727539
40.7000007629395	109.41968536377
40.7200012207031	146.147872924805
40.7400016784668	309.634765625
40.7599983215332	199.545028686523
40.7799987792969	162.428512573242
40.7999992370605	34.2773895263672
40.8199996948242	102.326904296875
40.8400001525879	121.698554992676
40.8600006103516	276.966247558594
40.8800010681152	163.017913818359
40.9000015258789	230.302352905273
40.9199981689453	217.307434082031
40.939998626709	87.3346633911133
40.9599990844727	171.351348876953
40.9799995422363	242.242401123047
41	56.5871925354004
41.0200004577637	158.873016357422
41.0400009155273	108.724060058594
41.060001373291	208.46223449707
41.0800018310547	82.4785766601563
41.0999984741211	236.305801391602
41.1199989318848	216.576309204102
41.1399993896484	176.507690429688
41.1599998474121	0
41.1800003051758	163.801864624023
41.2000007629395	96.8698043823242
41.2200012207031	182.471801757813
41.2400016784668	108.600997924805
41.2599983215332	112.883773803711
41.2799987792969	34.3363151550293
41.2999992370605	48.2131195068359
41.3199996948242	129.010116577148
41.3400001525879	191.675552368164
41.3600006103516	115.575729370117
41.3800010681152	179.509338378906
41.4000015258789	144.498657226563
41.4199981689453	153.985336303711
41.439998626709	97.6742706298828
41.4599990844727	252.627029418945
41.4799995422363	229.16862487793
41.5	147.287460327148
41.5200004577637	195.236206054688
41.5400009155273	214.648544311523
41.560001373291	232.963973999023
41.5800018310547	239.978820800781
41.5999984741211	313.073059082031
41.6199989318848	210.788131713867
41.6399993896484	387.086944580078
41.6599998474121	250.511672973633
41.6800003051758	315.105407714844
41.7000007629395	230.811462402344
41.7200012207031	356.978973388672
41.7400016784668	776.826782226563
41.7599983215332	1433.08605957031
41.7799987792969	2685.9208984375
41.7999992370605	2248.74462890625
41.8199996948242	1325.2900390625
41.8400001525879	1004.28051757813
41.8600006103516	912.282287597656
41.8800010681152	1300.03332519531
41.9000015258789	1570.14916992188
41.9199981689453	920.820434570313
41.939998626709	573.306640625
41.9599990844727	380.345001220703
41.9799995422363	288.544036865234
42	289.012634277344
42.0200004577637	238.777770996094
42.0400009155273	257.812194824219
42.060001373291	237.813339233398
42.0800018310547	265.012481689453
42.0999984741211	233.508331298828
42.1199989318848	214.609039306641
42.1399993896484	216.369293212891
42.1599998474121	149.341705322266
42.1800003051758	207.408813476563
42.2000007629395	144.073547363281
42.2200012207031	81.8163299560547
42.2400016784668	75.9196548461914
42.2599983215332	182.929946899414
42.2799987792969	93.7686386108398
42.2999992370605	178.78596496582
42.3199996948242	79.5556106567383
42.3400001525879	53.7544937133789
42.3600006103516	185.706573486328
42.3800010681152	184.851638793945
42.4000015258789	170.813659667969
42.4199981689453	152.399307250977
42.439998626709	250.145034790039
42.4599990844727	346.850555419922
42.4799995422363	89.8247146606445
42.5	202.241973876953
42.5200004577637	130.841033935547
42.5400009155273	82.707763671875
42.560001373291	191.902465820313
42.5800018310547	91.8731842041016
42.5999984741211	119.321151733398
42.6199989318848	129.629440307617
42.6399993896484	170.664291381836
42.6599998474121	270.532745361328
42.6800003051758	66.5954742431641
42.7000007629395	152.568542480469
42.7200012207031	198.3642578125
42.7400016784668	172.648773193359
42.7599983215332	183.368774414063
42.7799987792969	175.325668334961
42.7999992370605	165.585830688477
42.8199996948242	138.721252441406
42.8400001525879	136.410278320313
42.8600006103516	75.425666809082
42.8800010681152	167.559509277344
42.9000015258789	222.802703857422
42.9199981689453	55.0605697631836
42.939998626709	126.836753845215
42.9599990844727	188.39111328125
42.9799995422363	70.5427398681641
43	262.587738037109
43.0200004577637	228.035171508789
43.0400009155273	239.954574584961
43.060001373291	83.5480270385742
43.0800018310547	167.38166809082
43.0999984741211	125.381927490234
43.1199989318848	142.681762695313
43.1399993896484	160.865905761719
43.1599998474121	159.528167724609
43.1800003051758	203.380249023438
43.2000007629395	125.15291595459
43.2200012207031	393.385925292969
43.2400016784668	390.747589111328
43.2599983215332	389.623870849609
43.2799987792969	409.519348144531
43.2999992370605	539.331665039063
43.3199996948242	365.967010498047
43.3400001525879	394.490264892578
43.3600006103516	418.115234375
43.3800010681152	335.316497802734
43.4000015258789	327.910797119141
43.4199981689453	312.735748291016
43.439998626709	309.232299804688
43.4599990844727	146.002548217773
43.4799995422363	232.058746337891
43.5	368.918823242188
43.5200004577637	188.670867919922
43.5400009155273	178.194595336914
43.560001373291	196.573257446289
43.5800018310547	314.519104003906
43.5999984741211	157.803359985352
43.6199989318848	112.084579467773
43.6399993896484	152.975250244141
43.6599998474121	155.244888305664
43.6800003051758	180.374328613281
43.7000007629395	213.373336791992
43.7200012207031	212.867156982422
43.7400016784668	218.197143554688
43.7599983215332	158.713287353516
43.7799987792969	94.2156524658203
43.7999992370605	90.2992401123047
43.8199996948242	173.780914306641
43.8400001525879	133.814971923828
43.8600006103516	193.473281860352
43.8800010681152	184.197235107422
43.9000015258789	243.679779052734
43.9199981689453	116.224922180176
43.939998626709	133.549575805664
43.9599990844727	285.119873046875
43.9799995422363	196.347076416016
44	193.477172851563
44.0200004577637	255.148849487305
44.0400009155273	87.1122665405273
44.060001373291	45.1036605834961
44.0800018310547	82.7791519165039
44.0999984741211	174.243148803711
44.1199989318848	124.937080383301
44.1399993896484	156.457092285156
44.1599998474121	203.096267700195
44.1800003051758	52.1630020141602
44.2000007629395	224.350357055664
44.2200012207031	186.537322998047
44.2400016784668	151.304916381836
44.2599983215332	236.16877746582
44.2799987792969	162.384857177734
44.2999992370605	125.479927062988
44.3199996948242	88.9834060668945
44.3400001525879	174.81672668457
44.3600006103516	77.5431289672852
44.3800010681152	191.038726806641
44.4000015258789	119.19319152832
44.4199981689453	138.011138916016
44.439998626709	186.745330810547
44.4599990844727	122.49006652832
44.4799995422363	76.4019088745117
44.5	154.619918823242
44.5200004577637	56.8490142822266
44.5400009155273	147.288696289063
44.560001373291	236.493148803711
44.5800018310547	174.543197631836
44.5999984741211	82.6059646606445
44.6199989318848	161.966995239258
44.6399993896484	187.265380859375
44.6599998474121	179.556304931641
44.6800003051758	159.348205566406
44.7000007629395	220.602066040039
44.7200012207031	295.584045410156
44.7400016784668	153.987091064453
44.7599983215332	160.958312988281
44.7799987792969	204.149932861328
44.7999992370605	296.679443359375
44.8199996948242	254.012100219727
44.8400001525879	85.4843673706055
44.8600006103516	70.1554489135742
44.8800010681152	179.549621582031
44.9000015258789	79.8729095458984
44.9199981689453	214.751235961914
44.939998626709	169.85009765625
44.9599990844727	155.774032592773
44.9799995422363	10.7199659347534
45	173.171722412109
45.0200004577637	128.521102905273
45.0400009155273	125.667266845703
45.060001373291	188.330169677734
45.0800018310547	122.331901550293
45.0999984741211	125.359077453613
45.1199989318848	257.907043457031
45.1399993896484	183.775756835938
45.1599998474121	99.6781616210938
45.1800003051758	135.444488525391
45.2000007629395	170.094161987305
45.2200012207031	154.104583740234
45.2400016784668	144.973098754883
45.2599983215332	63.012020111084
45.2799987792969	229.397201538086
45.2999992370605	60.158374786377
45.3199996948242	166.485565185547
45.3400001525879	177.913925170898
45.3600006103516	184.5546875
45.3800010681152	63.231575012207
45.4000015258789	117.701225280762
45.4199981689453	76.4057998657227
45.439998626709	120.430183410645
45.4599990844727	124.104057312012
45.4799995422363	163.05339050293
45.5	71.7196426391602
45.5200004577637	116.286201477051
45.5400009155273	56.0067749023438
45.560001373291	259.419128417969
45.5800018310547	46.1964454650879
45.5999984741211	76.83251953125
45.6199989318848	30.9390392303467
45.6399993896484	31.181303024292
45.6599998474121	97.6409454345703
45.6800003051758	121.037040710449
45.7000007629395	183.448837280273
45.7200012207031	316.689239501953
45.7400016784668	183.564224243164
45.7599983215332	141.346069335938
45.7799987792969	197.836074829102
45.7999992370605	139.11198425293
45.8199996948242	180.662155151367
45.8400001525879	221.856735229492
45.8600006103516	223.217895507813
45.8800010681152	126.762619018555
45.9000015258789	210.763732910156
45.9199981689453	169.453201293945
45.939998626709	159.910552978516
45.9599990844727	172.324600219727
45.9799995422363	428.350067138672
46	249.461547851563
46.0200004577637	229.332122802734
46.0400009155273	285.279174804688
46.060001373291	256.37744140625
46.0800018310547	194.169403076172
46.0999984741211	85.8413238525391
46.1199989318848	148.032592773438
46.1399993896484	266.964630126953
46.1599998474121	213.102600097656
46.1800003051758	139.783615112305
46.2000007629395	161.718490600586
46.2200012207031	157.688110351563
46.2400016784668	152.487915039063
46.2599983215332	152.401062011719
46.2799987792969	83.937141418457
46.2999992370605	191.713012695313
46.3199996948242	68.2480239868164
46.3400001525879	160.5888671875
46.3600006103516	90.7305221557617
46.3800010681152	17.9268932342529
46.4000015258789	233.323928833008
46.4199981689453	229.887115478516
46.439998626709	151.184692382813
46.4599990844727	264.027923583984
46.4799995422363	245.056076049805
46.5	170.242324829102
46.5200004577637	90.5287780761719
46.5400009155273	123.507751464844
46.560001373291	228.477325439453
46.5800018310547	264.969848632813
46.5999984741211	143.603713989258
46.6199989318848	96.7405776977539
46.6399993896484	211.092742919922
46.6599998474121	157.205535888672
46.6800003051758	67.1391525268555
46.7000007629395	122.060417175293
46.7200012207031	201.365921020508
46.7400016784668	190.354110717773
46.7599983215332	185.279312133789
46.7799987792969	185.611145019531
46.7999992370605	147.125427246094
46.8199996948242	132.022033691406
46.8400001525879	269.815124511719
46.8600006103516	109.202293395996
46.8800010681152	163.453277587891
46.9000015258789	182.840850830078
46.9199981689453	229.238739013672
46.939998626709	181.042282104492
46.9599990844727	383.807281494141
46.9799995422363	172.162048339844
47	401.892883300781
47.0200004577637	208.365097045898
47.0400009155273	282.983032226563
47.060001373291	268.210754394531
47.0800018310547	271.688781738281
47.0999984741211	130.683410644531
47.1199989318848	200.990432739258
47.1399993896484	179.906616210938
47.1599998474121	415.541809082031
47.1800003051758	237.284744262695
47.2000007629395	104.242530822754
47.2200012207031	73.3098068237305
47.2400016784668	182.614303588867
47.2599983215332	183.415222167969
47.2799987792969	162.884338378906
47.2999992370605	262.367309570313
47.3199996948242	211.524765014648
47.3400001525879	67.7877883911133
47.3600006103516	303.474670410156
47.3800010681152	407.181243896484
47.4000015258789	353.369384765625
47.4199981689453	345.802856445313
47.439998626709	586.133544921875
47.4599990844727	605.561645507813
47.4799995422363	685.460510253906
47.5	399.689483642578
47.5200004577637	487.655487060547
47.5400009155273	341.265991210938
47.560001373291	364.289581298828
47.5800018310547	448.008514404297
47.5999984741211	469.078369140625
47.6199989318848	522.784545898438
47.6399993896484	278.113922119141
47.6599998474121	304.890991210938
47.6800003051758	221.328308105469
47.7000007629395	200.022644042969
47.7200012207031	218.246795654297
47.7400016784668	175.5595703125
47.7599983215332	135.166137695313
47.7799987792969	107.733253479004
47.7999992370605	8.82058811187744
47.8199996948242	222.982177734375
47.8400001525879	81.3295135498047
47.8600006103516	262.696197509766
47.8800010681152	137.931396484375
47.9000015258789	279.531158447266
47.9199981689453	262.178924560547
47.939998626709	132.344940185547
47.9599990844727	248.710556030273
47.9799995422363	116.250862121582
48	216.654998779297
48.0200004577637	142.885162353516
48.0400009155273	41.9167518615723
48.060001373291	123.324851989746
48.0800018310547	131.864105224609
48.0999984741211	55.594596862793
48.1199989318848	164.379379272461
48.1399993896484	155.946929931641
48.1599998474121	206.267272949219
48.1800003051758	160.821701049805
48.2000007629395	22.0720272064209
48.2200012207031	109.995040893555
48.2400016784668	0
48.2599983215332	162.670822143555
48.2799987792969	69.7707595825195
48.2999992370605	219.626846313477
48.3199996948242	223.644515991211
48.3400001525879	131.635238647461
48.3600006103516	57.2795753479004
48.3800010681152	14.4012451171875
48.4000015258789	190.087951660156
48.4199981689453	198.597503662109
48.439998626709	122.681411743164
48.4599990844727	109.430732727051
48.4799995422363	212.546646118164
48.5	194.738418579102
48.5200004577637	64.037109375
48.5400009155273	0
48.560001373291	166.175018310547
48.5800018310547	133.120407104492
48.5999984741211	63.3620185852051
48.6199989318848	218.284530639648
48.6399993896484	190.6474609375
48.6599998474121	107.736763000488
48.6800003051758	178.785385131836
48.7000007629395	116.676078796387
48.7200012207031	123.938751220703
48.7400016784668	160.781982421875
48.7599983215332	144.613052368164
48.7799987792969	132.973541259766
48.7999992370605	111.37865447998
48.8199996948242	368.183715820313
48.8400001525879	215.331726074219
48.8600006103516	178.112899780273
48.8800010681152	118.407363891602
48.9000015258789	17.9341373443604
48.9199981689453	187.713043212891
48.939998626709	170.218231201172
48.9599990844727	141.439514160156
48.9799995422363	114.590362548828
49	244.794418334961
49.0200004577637	90.0129776000977
49.0400009155273	164.67626953125
49.060001373291	76.6122131347656
49.0800018310547	217.767608642578
49.0999984741211	281.111145019531
49.1199989318848	104.2060546875
49.1399993896484	208.544509887695
49.1599998474121	127.406524658203
49.1800003051758	202.214599609375
49.2000007629395	233.16960144043
49.2200012207031	299.837921142578
49.2400016784668	207.507171630859
49.2599983215332	171.008178710938
49.2799987792969	246.430328369141
49.2999992370605	139.4443359375
49.3199996948242	202.999420166016
49.3400001525879	174.363479614258
49.3600006103516	192.158142089844
49.3800010681152	426.193115234375
49.4000015258789	550.2666015625
49.4199981689453	936.354858398438
49.439998626709	1359.87829589844
49.4599990844727	1419.61669921875
49.4799995422363	1103.83093261719
49.5	766.459167480469
49.5200004577637	767.755859375
49.5400009155273	966.524963378906
49.560001373291	1218.54113769531
49.5800018310547	1577.62609863281
49.5999984741211	1279.85229492188
49.6199989318848	1064.26379394531
49.6399993896484	531.761352539063
49.6599998474121	752.461975097656
49.6800003051758	528.903198242188
49.7000007629395	683.299499511719
49.7200012207031	580.425842285156
49.7400016784668	716.442321777344
49.7599983215332	500.175994873047
49.7799987792969	421.646423339844
49.7999992370605	322.554901123047
49.8199996948242	287.926910400391
49.8400001525879	189.90705871582
49.8600006103516	180.894317626953
49.8800010681152	288.064788818359
49.9000015258789	160.756973266602
49.9199981689453	149.683044433594
49.939998626709	105.047164916992
49.9599990844727	300.202423095703
49.9799995422363	108.771224975586
50	159.689376831055
50.0200004577637	157.006256103516
50.0400009155273	79.9930648803711
50.060001373291	215.041885375977
50.0800018310547	110.897125244141
50.0999984741211	275.300354003906
50.1199989318848	314.375030517578
50.1399993896484	96.450439453125
50.1599998474121	217.514907836914
50.1800003051758	153.350799560547
50.2000007629395	142.522567749023
50.2200012207031	188.882614135742
50.2400016784668	250.634414672852
50.2599983215332	227.681701660156
50.2799987792969	105.679290771484
50.2999992370605	137.206130981445
50.3199996948242	143.416931152344
50.3400001525879	242.416732788086
50.3600006103516	237.862243652344
50.3800010681152	271.779907226563
50.4000015258789	193.187301635742
50.4199981689453	152.520492553711
50.439998626709	178.221801757813
50.4599990844727	194.372589111328
50.4799995422363	107.322631835938
50.5	132.084625244141
50.5200004577637	210.7255859375
50.5400009155273	273.494018554688
50.560001373291	150.670333862305
50.5800018310547	164.548431396484
50.5999984741211	53.7039489746094
50.6199989318848	163.877487182617
50.6399993896484	133.896072387695
50.6599998474121	74.2942962646484
50.6800003051758	214.045364379883
50.7000007629395	249.048202514648
50.7200012207031	42.9759750366211
50.7400016784668	200.311248779297
50.7599983215332	140.060562133789
50.7799987792969	24.3018093109131
50.7999992370605	133.575057983398
50.8199996948242	164.108474731445
50.8400001525879	112.162567138672
50.8600006103516	227.086151123047
50.8800010681152	215.227355957031
50.9000015258789	148.583862304688
50.9199981689453	65.5945510864258
50.939998626709	200.403091430664
50.9599990844727	147.878509521484
50.9799995422363	216.403381347656
51	289.997619628906
51.0200004577637	206.201889038086
51.0400009155273	178.871841430664
51.060001373291	144.627883911133
51.0800018310547	134.398620605469
51.0999984741211	116.018501281738
51.1199989318848	120.073432922363
51.1399993896484	237.436477661133
51.1599998474121	82.3624877929688
51.1800003051758	256.568237304688
51.2000007629395	406.826965332031
51.2200012207031	439.0966796875
51.2400016784668	338.242401123047
51.2599983215332	187.388793945313
51.2799987792969	211.289291381836
51.2999992370605	191.095138549805
51.3199996948242	63.7883262634277
51.3400001525879	226.112777709961
51.3600006103516	165.488632202148
51.3800010681152	266.461151123047
51.4000015258789	193.218490600586
51.4199981689453	137.023498535156
51.439998626709	296.071868896484
51.4599990844727	315.014709472656
51.4799995422363	224.665252685547
51.5	199.651489257813
51.5200004577637	266.345123291016
51.5400009155273	272.162536621094
51.560001373291	266.435546875
51.5800018310547	87.9176406860352
51.5999984741211	94.4103851318359
51.6199989318848	154.287185668945
51.6399993896484	134.920989990234
51.6599998474121	154.677764892578
51.6800003051758	22.1718616485596
51.7000007629395	199.938140869141
51.7200012207031	107.033538818359
51.7400016784668	108.991874694824
51.7599983215332	90.9378814697266
51.7799987792969	124.924217224121
51.7999992370605	171.05647277832
51.8199996948242	218.665054321289
51.8400001525879	286.462036132813
51.8600006103516	254.001159667969
51.8800010681152	240.585861206055
51.9000015258789	336.091247558594
51.9199981689453	252.784851074219
51.939998626709	189.902450561523
51.9599990844727	124.278312683105
51.9799995422363	258.313873291016
52	294.817932128906
52.0200004577637	262.832122802734
52.0400009155273	208.298782348633
52.060001373291	62.6114768981934
52.0800018310547	184.074981689453
52.0999984741211	121.377105712891
52.1199989318848	149.182846069336
52.1399993896484	133.569290161133
52.1599998474121	93.3405456542969
52.1800003051758	205.146255493164
52.2000007629395	126.747245788574
52.2200012207031	221.455505371094
52.2400016784668	200.566772460938
52.2599983215332	237.232818603516
52.2799987792969	168.621246337891
52.2999992370605	184.391494750977
52.3199996948242	218.95573425293
52.3400001525879	174.351608276367
52.3600006103516	261.555145263672
52.3800010681152	186.853805541992
52.4000015258789	91.6895065307617
52.4199981689453	80.8787841796875
52.439998626709	23.5756130218506
52.4599990844727	59.5096130371094
52.4799995422363	115.03995513916
52.5	179.135513305664
52.5200004577637	168.922653198242
52.5400009155273	214.088256835938
52.560001373291	192.600082397461
52.5800018310547	212.499481201172
52.5999984741211	186.826812744141
52.6199989318848	102.237937927246
52.6399993896484	107.491073608398
52.6599998474121	109.19807434082
52.6800003051758	177.974426269531
52.7000007629395	97.1143569946289
52.7200012207031	197.387390136719
52.7400016784668	234.013031005859
52.7599983215332	175.836288452148
52.7799987792969	221.734313964844
52.7999992370605	255.664703369141
52.8199996948242	251.816604614258
52.8400001525879	92.5212860107422
52.8600006103516	178.378784179688
52.8800010681152	82.3167190551758
52.9000015258789	237.865173339844
52.9199981689453	176.752685546875
52.939998626709	202.494430541992
52.9599990844727	126.334228515625
52.9799995422363	29.5862350463867
53	108.332916259766
53.0200004577637	295.752380371094
53.0400009155273	195.817962646484
53.060001373291	52.9518585205078
53.0800018310547	92.4507904052734
53.0999984741211	296.005279541016
53.1199989318848	89.3147430419922
53.1399993896484	164.828109741211
53.1599998474121	157.684814453125
53.1800003051758	224.973403930664
53.2000007629395	141.643493652344
53.2200012207031	147.485260009766
53.2400016784668	150.152740478516
53.2599983215332	204.751327514648
53.2799987792969	153.575942993164
53.2999992370605	98.4433517456055
53.3199996948242	79.6309509277344
53.3400001525879	19.3307094573975
53.3600006103516	286.037963867188
53.3800010681152	177.773941040039
53.4000015258789	138.968780517578
53.4199981689453	64.6263885498047
53.439998626709	178.937683105469
53.4599990844727	266.344482421875
53.4799995422363	213.918685913086
53.5	168.848587036133
53.5200004577637	167.677368164063
53.5400009155273	123.943634033203
53.560001373291	283.210571289063
53.5800018310547	211.804901123047
53.5999984741211	105.183525085449
53.6199989318848	143.612991333008
53.6399993896484	81.1683731079102
53.6599998474121	90.8712158203125
53.6800003051758	77.2879943847656
53.7000007629395	138.48210144043
53.7200012207031	167.372741699219
53.7400016784668	279.2587890625
53.7599983215332	218.261978149414
53.7799987792969	160.592575073242
53.7999992370605	101.790191650391
53.8199996948242	207.935592651367
53.8400001525879	160.869003295898
53.8600006103516	55.6573486328125
53.8800010681152	61.6703796386719
53.9000015258789	301.929748535156
53.9199981689453	173.250640869141
53.939998626709	363.632202148438
53.9599990844727	179.276763916016
53.9799995422363	313.481201171875
54	288.66015625
54.0200004577637	197.189895629883
54.0400009155273	99.905403137207
54.060001373291	113.311477661133
54.0800018310547	282.039184570313
54.0999984741211	96.4045104980469
54.1199989318848	185.024993896484
54.1399993896484	183.554046630859
54.1599998474121	193.655090332031
54.1800003051758	150.844604492188
54.2000007629395	82.8833084106445
54.2200012207031	173.553421020508
54.2400016784668	125.231918334961
54.2599983215332	175.255081176758
54.2799987792969	156.144195556641
54.2999992370605	253.975036621094
54.3199996948242	294.629089355469
54.3400001525879	144.895233154297
54.3600006103516	198.70051574707
54.3800010681152	132.93586730957
54.4000015258789	186.125335693359
54.4199981689453	202.299743652344
54.439998626709	413.965179443359
54.4599990844727	112.953132629395
54.4799995422363	105.249412536621
54.5	198.454467773438
54.5200004577637	172.635971069336
54.5400009155273	161.748489379883
54.560001373291	215.653717041016
54.5800018310547	191.857833862305
54.5999984741211	145.120178222656
54.6199989318848	235.632965087891
54.6399993896484	211.539886474609
54.6599998474121	290.072082519531
54.6800003051758	120.645332336426
54.7000007629395	178.608322143555
54.7200012207031	250.528335571289
54.7400016784668	76.3230895996094
54.7599983215332	261.898620605469
54.7799987792969	207.572067260742
54.7999992370605	310.380493164063
54.8199996948242	129.326354980469
54.8400001525879	240.615386962891
54.8600006103516	291.012817382813
54.8800010681152	142.5419921875
54.9000015258789	250.782592773438
54.9199981689453	197.208511352539
54.939998626709	132.895370483398
54.9599990844727	193.272048950195
54.9799995422363	221.970794677734
55	241.401779174805
55.0200004577637	313.226684570313
55.0400009155273	145.156585693359
55.060001373291	125.440124511719
55.0800018310547	105.282508850098
55.0999984741211	197.379852294922
55.1199989318848	100.989105224609
55.1399993896484	147.464202880859
55.1599998474121	123.93236541748
55.1800003051758	212.780487060547
55.2000007629395	227.093551635742
55.2200012207031	181.265487670898
55.2400016784668	323.695007324219
55.2599983215332	136.858245849609
55.2799987792969	138.854873657227
55.2999992370605	169.662124633789
55.3199996948242	157.062164306641
55.3400001525879	238.131454467773
55.3600006103516	213.290420532227
55.3800010681152	240.895812988281
55.4000015258789	155.460037231445
55.4199981689453	148.220886230469
55.439998626709	201.854507446289
55.4599990844727	176.141082763672
55.4799995422363	155.721405029297
55.5	169.090133666992
55.5200004577637	200.824584960938
55.5400009155273	187.97785949707
55.560001373291	157.028381347656
55.5800018310547	266.900207519531
55.5999984741211	257.889007568359
55.6199989318848	57.4472541809082
55.6399993896484	101.57836151123
55.6599998474121	117.493492126465
55.6800003051758	69.2806854248047
55.7000007629395	205.063400268555
55.7200012207031	199.614517211914
55.7400016784668	125.561470031738
55.7599983215332	194.921768188477
55.7799987792969	206.507339477539
55.7999992370605	187.391250610352
55.8199996948242	203.30859375
55.8400001525879	139.768569946289
55.8600006103516	185.79997253418
55.8800010681152	85.7373657226563
55.9000015258789	221.807357788086
55.9199981689453	226.46565246582
55.939998626709	314.600219726563
55.9599990844727	254.133041381836
55.9799995422363	252.354766845703
56	194.052108764648
56.0200004577637	173.332061767578
56.0400009155273	231.002655029297
56.060001373291	201.099044799805
56.0800018310547	281.581268310547
56.0999984741211	232.898590087891
56.1199989318848	127.164535522461
56.1399993896484	332.274353027344
56.1599998474121	281.755554199219
56.1800003051758	329.833160400391
56.2000007629395	122.459831237793
56.2200012207031	184.809051513672
56.2400016784668	326.957702636719
56.2599983215332	294.947174072266
56.2799987792969	167.679946899414
56.2999992370605	275.736267089844
56.3199996948242	331.140502929688
56.3400001525879	538.065246582031
56.3600006103516	207.10221862793
56.3800010681152	197.741195678711
56.4000015258789	373.731903076172
56.4199981689453	422.130676269531
56.439998626709	704.248474121094
56.4599990844727	701.288330078125
56.4799995422363	1107.81469726563
56.5	1541.42639160156
56.5200004577637	2145.23120117188
56.5400009155273	1864.44128417969
56.560001373291	1689.97766113281
56.5800018310547	1200.58203125
56.5999984741211	1020.86688232422
56.6199989318848	792.340087890625
56.6399993896484	1178.84191894531
56.6599998474121	1165.27331542969
56.6800003051758	1305.02465820313
56.7000007629395	1351.38098144531
56.7200012207031	1036.70043945313
56.7400016784668	978.569763183594
56.7599983215332	591.988342285156
56.7799987792969	451.4697265625
56.7999992370605	500.645751953125
56.8199996948242	441.961364746094
56.8400001525879	682.330627441406
56.8600006103516	581.8203125
56.8800010681152	566.507873535156
56.9000015258789	475.945739746094
56.9199981689453	394.224060058594
56.939998626709	320.23486328125
56.9599990844727	405.598907470703
56.9799995422363	584.318664550781
57	328.226440429688
57.0200004577637	301.05322265625
57.0400009155273	367.17626953125
57.060001373291	371.447662353516
57.0800018310547	314.731994628906
57.0999984741211	94.6116638183594
57.1199989318848	234.181976318359
57.1399993896484	442.976928710938
57.1599998474121	188.610092163086
57.1800003051758	268.286712646484
57.2000007629395	306.998260498047
57.2200012207031	284.028564453125
57.2400016784668	264.412689208984
57.2599983215332	338.658966064453
57.2799987792969	172.691497802734
57.2999992370605	155.122924804688
57.3199996948242	124.61328125
57.3400001525879	294.142395019531
57.3600006103516	147.877670288086
57.3800010681152	202.137985229492
57.4000015258789	275.438903808594
57.4199981689453	269.434722900391
57.439998626709	199.875961303711
57.4599990844727	81.6776123046875
57.4799995422363	266.106506347656
57.5	309.737976074219
57.5200004577637	202.796890258789
57.5400009155273	357.520812988281
57.560001373291	418.992401123047
57.5800018310547	244.755477905273
57.5999984741211	202.257598876953
57.6199989318848	234.726974487305
57.6399993896484	230.129501342773
57.6599998474121	248.100540161133
57.6800003051758	197.186508178711
57.7000007629395	170.831832885742
57.7200012207031	246.675109863281
57.7400016784668	117.028732299805
57.7599983215332	188.190155029297
57.7799987792969	185.717178344727
57.7999992370605	368.526672363281
57.8199996948242	124.362663269043
57.8400001525879	287.393432617188
57.8600006103516	243.073608398438
57.8800010681152	232.177917480469
57.9000015258789	131.820587158203
57.9199981689453	423.250183105469
57.939998626709	356.340576171875
57.9599990844727	217.057754516602
57.9799995422363	254.162933349609
58	100.394287109375
58.0200004577637	205.517532348633
58.0400009155273	188.974914550781
58.060001373291	81.8166427612305
58.0800018310547	149.094802856445
58.0999984741211	90.5540008544922
58.1199989318848	66.6735382080078
58.1399993896484	188.808563232422
58.1599998474121	165.544921875
58.1800003051758	356.635192871094
58.2000007629395	169.812881469727
58.2200012207031	68.2070159912109
58.2400016784668	115.241836547852
58.2599983215332	160.98567199707
58.2799987792969	113.28337097168
58.2999992370605	197.257659912109
58.3199996948242	135.766784667969
58.3400001525879	317.917388916016
58.3600006103516	235.054885864258
58.3800010681152	153.601089477539
58.4000015258789	178.696975708008
58.4199981689453	315.340301513672
58.439998626709	107.220611572266
58.4599990844727	280.860900878906
58.4799995422363	172.927322387695
58.5	181.807891845703
58.5200004577637	180.350234985352
58.5400009155273	140.594909667969
58.560001373291	268.966094970703
58.5800018310547	147.684005737305
58.5999984741211	252.941970825195
58.6199989318848	305.033020019531
58.6399993896484	236.332366943359
58.6599998474121	274.54345703125
58.6800003051758	132.804229736328
58.7000007629395	79.7703018188477
58.7200012207031	265.770812988281
58.7400016784668	271.403259277344
58.7599983215332	263.840606689453
58.7799987792969	313.041442871094
58.7999992370605	359.363800048828
58.8199996948242	349.534515380859
58.8400001525879	159.865356445313
58.8600006103516	203.987289428711
58.8800010681152	214.28955078125
58.9000015258789	186.935974121094
58.9199981689453	190.119552612305
58.939998626709	191.38395690918
58.9599990844727	273.603576660156
58.9799995422363	153.180053710938
59	242.112731933594
59.0200004577637	246.277236938477
59.0400009155273	174.732315063477
59.060001373291	142.198944091797
59.0800018310547	226.055725097656
59.0999984741211	41.3454513549805
59.1199989318848	383.730285644531
59.1399993896484	143.896362304688
59.1599998474121	205.46989440918
59.1800003051758	309.330993652344
59.2000007629395	365.980163574219
59.2200012207031	314.88623046875
59.2400016784668	146.971405029297
59.2599983215332	178.619338989258
59.2799987792969	243.705215454102
59.2999992370605	227.377365112305
59.3199996948242	312.080627441406
59.3400001525879	257.603088378906
59.3600006103516	125.709403991699
59.3800010681152	61.5666885375977
59.4000015258789	170.06477355957
59.4199981689453	117.577606201172
59.439998626709	214.392501831055
59.4599990844727	133.303512573242
59.4799995422363	172.183364868164
59.5	277.997283935547
59.5200004577637	348.69580078125
59.5400009155273	435.644287109375
59.560001373291	204.80924987793
59.5800018310547	210.301055908203
59.5999984741211	78.5633087158203
59.6199989318848	305.110107421875
59.6399993896484	225.473510742188
59.6599998474121	234.037017822266
59.6800003051758	163.078536987305
59.7000007629395	103.878494262695
59.7200012207031	148.634674072266
59.7400016784668	105.783172607422
59.7599983215332	134.124008178711
59.7799987792969	162.614669799805
59.7999992370605	189.788833618164
59.8199996948242	201.074523925781
59.8400001525879	237.914611816406
59.8600006103516	257.935455322266
59.8800010681152	135.157501220703
59.9000015258789	249.721984863281
59.9199981689453	241.568145751953
59.939998626709	155.283767700195
59.9599990844727	173.608093261719
59.9799995422363	115.432929992676
60	338.413757324219
60.0200004577637	235.939483642578
60.0400009155273	125.053886413574
60.060001373291	221.85954284668
60.0800018310547	265.157165527344
60.0999984741211	301.696838378906
60.1199989318848	223.854293823242
60.1399993896484	257.233032226563
60.1599998474121	279.693878173828
60.1800003051758	100.785308837891
60.2000007629395	105.969955444336
60.2200012207031	163.069885253906
60.2400016784668	263.965301513672
60.2599983215332	167.452362060547
60.2799987792969	273.301849365234
60.2999992370605	155.186111450195
60.3199996948242	219.535858154297
60.3400001525879	125.394668579102
60.3600006103516	147.348709106445
60.3800010681152	290.583557128906
60.4000015258789	214.343368530273
60.4199981689453	249.850311279297
60.439998626709	161.944686889648
60.4599990844727	308.941619873047
60.4799995422363	231.537353515625
60.5	234.845550537109
60.5200004577637	312.308807373047
60.5400009155273	193.219787597656
60.560001373291	126.204566955566
60.5800018310547	362.218231201172
60.5999984741211	456.838317871094
60.6199989318848	382.957855224609
60.6399993896484	276.208251953125
60.6599998474121	238.681335449219
60.6800003051758	326.272766113281
60.7000007629395	186.539779663086
60.7200012207031	296.918151855469
60.7400016784668	239.698150634766
60.7599983215332	154.02912902832
60.7799987792969	251.216247558594
60.7999992370605	354.1279296875
60.8199996948242	219.456405639648
60.8400001525879	373.8544921875
60.8600006103516	356.63330078125
60.8800010681152	67.616943359375
60.9000015258789	201.310791015625
60.9199981689453	201.283676147461
60.939998626709	120.890785217285
60.9599990844727	161.040054321289
60.9799995422363	151.797225952148
61	103.940048217773
61.0200004577637	218.85905456543
61.0400009155273	344.828002929688
61.060001373291	175.319320678711
61.0800018310547	100.394378662109
61.0999984741211	140.651550292969
61.1199989318848	277.711730957031
61.1399993896484	241.107971191406
61.1599998474121	249.174163818359
61.1800003051758	198.354156494141
61.2000007629395	193.180358886719
61.2200012207031	243.852279663086
61.2400016784668	111.087669372559
61.2599983215332	147.372039794922
61.2799987792969	82.5025329589844
61.2999992370605	115.595726013184
61.3199996948242	312.143157958984
61.3400001525879	94.5288162231445
61.3600006103516	281.157531738281
61.3800010681152	297.238220214844
61.4000015258789	317.177825927734
61.4199981689453	122.814353942871
61.439998626709	92.7174606323242
61.4599990844727	245.792816162109
61.4799995422363	216.379196166992
61.5	253.629867553711
61.5200004577637	184.916046142578
61.5400009155273	235.462600708008
61.560001373291	441.606536865234
61.5800018310547	152.233612060547
61.5999984741211	276.169555664063
61.6199989318848	321.402801513672
61.6399993896484	266.883178710938
61.6599998474121	89.7521133422852
61.6800003051758	220.949661254883
61.7000007629395	225.903594970703
61.7200012207031	208.718795776367
61.7400016784668	126.578330993652
61.7599983215332	89.5880584716797
61.7799987792969	228.722183227539
61.7999992370605	210.257934570313
61.8199996948242	242.917358398438
61.8400001525879	242.861434936523
61.8600006103516	109.680534362793
61.8800010681152	249.424102783203
61.9000015258789	303.419738769531
61.9199981689453	157.148712158203
61.939998626709	266.009643554688
61.9599990844727	287.823883056641
61.9799995422363	234.492294311523
62	234.058486938477
62.0200004577637	201.992294311523
62.0400009155273	270.232788085938
62.060001373291	322.630676269531
62.0800018310547	60.895378112793
62.0999984741211	144.869934082031
62.1199989318848	237.548721313477
62.1399993896484	275.302215576172
62.1599998474121	225.506698608398
62.1800003051758	164.776397705078
62.2000007629395	164.999359130859
62.2200012207031	293.514221191406
62.2400016784668	200.691162109375
62.2599983215332	222.614364624023
62.2799987792969	232.758514404297
62.2999992370605	198.674850463867
62.3199996948242	114.475463867188
62.3400001525879	193.376403808594
62.3600006103516	167.977401733398
62.3800010681152	353.021148681641
62.4000015258789	189.65576171875
62.4199981689453	282.062652587891
62.439998626709	244.791458129883
62.4599990844727	210.127792358398
62.4799995422363	363.017730712891
62.5	158.954833984375
62.5200004577637	212.849914550781
62.5400009155273	229.342346191406
62.560001373291	201.507705688477
62.5800018310547	184.042510986328
62.5999984741211	256.278167724609
62.6199989318848	305.526916503906
62.6399993896484	308.367370605469
62.6599998474121	353.652374267578
62.6800003051758	122.141288757324
62.7000007629395	277.814605712891
62.7200012207031	456.169525146484
62.7400016784668	565.555908203125
62.7599983215332	761.987426757813
62.7799987792969	829.298706054688
62.7999992370605	1061.28735351563
62.8199996948242	962.104797363281
62.8400001525879	567.201904296875
62.8600006103516	577.936096191406
62.8800010681152	390.658416748047
62.9000015258789	306.29150390625
62.9199981689453	468.3701171875
62.939998626709	443.821563720703
62.9599990844727	673.863159179688
62.9799995422363	533.458068847656
63	489.579223632813
63.0200004577637	315.129852294922
63.0400009155273	412.649597167969
63.060001373291	395.417724609375
63.0800018310547	302.522521972656
63.0999984741211	336.552185058594
63.1199989318848	318.001129150391
63.1399993896484	234.617767333984
63.1599998474121	265.739410400391
63.1800003051758	128.513381958008
63.2000007629395	308.367706298828
63.2200012207031	194.148681640625
63.2400016784668	246.45393371582
63.2599983215332	223.818466186523
63.2799987792969	192.295379638672
63.2999992370605	285.068206787109
63.3199996948242	100.510269165039
63.3400001525879	152.822357177734
63.3600006103516	290.585571289063
63.3800010681152	153.007232666016
63.4000015258789	268.084167480469
63.4199981689453	251.555328369141
63.439998626709	262.458251953125
63.4599990844727	176.254501342773
63.4799995422363	144.612060546875
63.5	271.064392089844
63.5200004577637	349.214599609375
63.5400009155273	277.901672363281
63.560001373291	250.161010742188
63.5800018310547	274.347595214844
63.5999984741211	357.491363525391
63.6199989318848	379.97607421875
63.6399993896484	361.926666259766
63.6599998474121	464.264526367188
63.6800003051758	556.281616210938
63.7000007629395	640.988037109375
63.7200012207031	442.3671875
63.7400016784668	478.966766357422
63.7599983215332	378.152526855469
63.7799987792969	465.294647216797
63.7999992370605	468.299407958984
63.8199996948242	288.408203125
63.8400001525879	351.524566650391
63.8600006103516	438.964233398438
63.8800010681152	370.647888183594
63.9000015258789	280.878601074219
63.9199981689453	275.013397216797
63.939998626709	293.348358154297
63.9599990844727	292.234497070313
63.9799995422363	251.081130981445
64	247.947845458984
64.0199966430664	156.764404296875
64.0400009155273	308.818206787109
64.0599975585938	195.181304931641
64.0800018310547	231.203231811523
64.0999984741211	198.716690063477
64.120002746582	224.531814575195
64.1399993896484	190.831970214844
64.1600036621094	146.129119873047
64.1800003051758	279.557525634766
64.1999969482422	156.287948608398
64.2200012207031	266.877380371094
64.2399978637695	141.583190917969
64.2600021362305	202.884475708008
64.2799987792969	138.331756591797
64.3000030517578	254.328033447266
64.3199996948242	227.271011352539
64.3399963378906	208.671600341797
64.3600006103516	161.539779663086
64.379997253418	255.097351074219
64.4000015258789	46.7858009338379
64.4199981689453	168.798721313477
64.4400024414063	330.67724609375
64.4599990844727	333.884246826172
64.4800033569336	299.814086914063
64.5	279.885498046875
64.5199966430664	266.418090820313
64.5400009155273	62.0576210021973
64.5599975585938	319.042816162109
64.5800018310547	337.278381347656
64.5999984741211	259.247802734375
64.620002746582	122.50993347168
64.6399993896484	145.554672241211
64.6600036621094	312.919464111328
64.6800003051758	189.656311035156
64.6999969482422	103.881103515625
64.7200012207031	134.426284790039
64.7399978637695	140.6162109375
64.7600021362305	125.391860961914
64.7799987792969	186.855834960938
64.8000030517578	249.859619140625
64.8199996948242	177.756546020508
64.8399963378906	263.261047363281
64.8600006103516	166.368133544922
64.879997253418	185.984375
64.9000015258789	113.778099060059
64.9199981689453	281.449310302734
64.9400024414063	187.362564086914
64.9599990844727	175.247268676758
64.9800033569336	127.097297668457
65	192.019241333008
65.0199966430664	129.758117675781
65.0400009155273	133.900436401367
65.0599975585938	177.314880371094
65.0800018310547	0
65.0999984741211	161.785980224609
65.120002746582	133.205352783203
65.1399993896484	202.449523925781
65.1600036621094	261.994537353516
65.1800003051758	271.465270996094
65.1999969482422	153.316802978516
65.2200012207031	186.840209960938
65.2399978637695	287.544799804688
65.2600021362305	208.804092407227
65.2799987792969	234.866455078125
65.3000030517578	172.425796508789
65.3199996948242	266.24951171875
65.3399963378906	101.538368225098
65.3600006103516	184.042572021484
65.379997253418	256.866882324219
65.4000015258789	262.200775146484
65.4199981689453	243.555526733398
65.4400024414063	252.34619140625
65.4599990844727	385.143341064453
65.4800033569336	248.413421630859
65.5	312.233978271484
65.5199966430664	119.155654907227
65.5400009155273	237.636672973633
65.5599975585938	343.038391113281
65.5800018310547	270.743286132813
65.5999984741211	339.039611816406
65.620002746582	224.67707824707
65.6399993896484	317.184936523438
65.6600036621094	273.934020996094
65.6800003051758	207.779174804688
65.6999969482422	373.171142578125
65.7200012207031	183.087203979492
65.7399978637695	359.340240478516
65.7600021362305	485.239624023438
65.7799987792969	565.623229980469
65.8000030517578	539.936279296875
65.8199996948242	538.572631835938
65.8399963378906	628.944519042969
65.8600006103516	641.719970703125
65.879997253418	468.524688720703
65.9000015258789	469.299560546875
65.9199981689453	442.170623779297
65.9400024414063	280.634490966797
65.9599990844727	320.851531982422
65.9800033569336	322.217193603516
66	466.822662353516
66.0199966430664	451.501098632813
66.0400009155273	537.636474609375
66.0599975585938	383.502868652344
66.0800018310547	308.581481933594
66.0999984741211	207.176086425781
66.120002746582	312.767883300781
66.1399993896484	251.985244750977
66.1600036621094	289.266815185547
66.1800003051758	318.114868164063
66.1999969482422	336.315948486328
66.2200012207031	210.953323364258
66.2399978637695	280.162048339844
66.2600021362305	547.933044433594
66.2799987792969	531.111633300781
66.3000030517578	552.590942382813
66.3199996948242	557.541076660156
66.3399963378906	549.478942871094
66.3600006103516	507.701568603516
66.379997253418	502.300323486328
66.4000015258789	322.09716796875
66.4199981689453	505.082794189453
66.4400024414063	312.864440917969
66.4599990844727	446.579956054688
66.4800033569336	420.407501220703
66.5	404.927947998047
66.5199966430664	524.66748046875
66.5400009155273	296.840209960938
66.5599975585938	369.142059326172
66.5800018310547	268.574066162109
66.5999984741211	300.302673339844
66.620002746582	355.721130371094
66.6399993896484	311.818054199219
66.6600036621094	373.823394775391
66.6800003051758	528.593994140625
66.6999969482422	723.723999023438
66.7200012207031	883.693359375
66.7399978637695	811.853759765625
66.7600021362305	564.591125488281
66.7799987792969	509.999145507813
66.8000030517578	272.380004882813
66.8199996948242	296.597869873047
66.8399963378906	244.938781738281
66.8600006103516	360.804382324219
66.879997253418	432.544250488281
66.9000015258789	579.699768066406
66.9199981689453	435.819091796875
66.9400024414063	360.336212158203
66.9599990844727	300.620544433594
66.9800033569336	246.825714111328
67	246.943557739258
67.0199966430664	208.632995605469
67.0400009155273	187.851547241211
67.0599975585938	109.221054077148
67.0800018310547	217.134506225586
67.0999984741211	105.507904052734
67.120002746582	202.869583129883
67.1399993896484	138.475311279297
67.1600036621094	249.842651367188
67.1800003051758	153.390686035156
67.1999969482422	344.222961425781
67.2200012207031	261.555084228516
67.2399978637695	261.881469726563
67.2600021362305	238.821075439453
67.2799987792969	272.521881103516
67.3000030517578	217.017623901367
67.3199996948242	212.714462280273
67.3399963378906	252.016250610352
67.3600006103516	231.965377807617
67.379997253418	195.469543457031
67.4000015258789	387.330932617188
67.4199981689453	215.940734863281
67.4400024414063	206.128921508789
67.4599990844727	262.499847412109
67.4800033569336	310.324157714844
67.5	275.148986816406
67.5199966430664	265.357818603516
67.5400009155273	291.014190673828
67.5599975585938	197.72102355957
67.5800018310547	340.869567871094
67.5999984741211	309.941650390625
67.620002746582	226.989212036133
67.6399993896484	302.538665771484
67.6600036621094	407.035430908203
67.6800003051758	135.375915527344
67.6999969482422	283.09326171875
67.7200012207031	356.428009033203
67.7399978637695	259.729553222656
67.7600021362305	360.890411376953
67.7799987792969	445.094604492188
67.8000030517578	402.125244140625
67.8199996948242	385.196411132813
67.8399963378906	719.621887207031
67.8600006103516	915.846740722656
67.879997253418	975.195922851563
67.9000015258789	917.770080566406
67.9199981689453	871.073120117188
67.9400024414063	806.483215332031
67.9599990844727	423.088134765625
67.9800033569336	464.069305419922
68	536.944702148438
68.0199966430664	578.462219238281
68.0400009155273	421.42431640625
68.0599975585938	495.894927978516
68.0800018310547	557.149169921875
68.0999984741211	629.160339355469
68.120002746582	416.945861816406
68.1399993896484	371.995758056641
68.1600036621094	403.6845703125
68.1800003051758	273.552520751953
68.1999969482422	432.706237792969
68.2200012207031	357.951263427734
68.2399978637695	267.882629394531
68.2600021362305	216.744644165039
68.2799987792969	156.681365966797
68.3000030517578	281.831024169922
68.3199996948242	295.033538818359
68.3399963378906	264.740905761719
68.3600006103516	320.227996826172
68.379997253418	270.067321777344
68.4000015258789	180.295989990234
68.4199981689453	150.182662963867
68.4400024414063	236.155822753906
68.4599990844727	237.671508789063
68.4800033569336	195.164428710938
68.5	264.975311279297
68.5199966430664	297.150817871094
68.5400009155273	184.08869934082
68.5599975585938	434.476257324219
68.5800018310547	320.779113769531
68.5999984741211	285.697692871094
68.620002746582	253.877517700195
68.6399993896484	239.797592163086
68.6600036621094	247.153350830078
68.6800003051758	316.429351806641
68.6999969482422	519.280822753906
68.7200012207031	165.724273681641
68.7399978637695	324.419158935547
68.7600021362305	285.339904785156
68.7799987792969	280.052307128906
68.8000030517578	312.858184814453
68.8199996948242	287.367492675781
68.8399963378906	243.279266357422
68.8600006103516	173.344833374023
68.879997253418	350.26220703125
68.9000015258789	362.877502441406
68.9199981689453	217.48356628418
68.9400024414063	418.96337890625
68.9599990844727	606.195434570313
68.9800033569336	587.968017578125
69	779.562072753906
69.0199966430664	672.319519042969
69.0400009155273	684.281188964844
69.0599975585938	405.555938720703
69.0800018310547	402.179077148438
69.0999984741211	389.432495117188
69.120002746582	454.394897460938
69.1399993896484	291.894592285156
69.1600036621094	365.995971679688
69.1800003051758	505.449127197266
69.1999969482422	464.37744140625
69.2200012207031	525.507385253906
69.2399978637695	371.761993408203
69.2600021362305	398.776336669922
69.2799987792969	407.615447998047
69.3000030517578	268.408630371094
69.3199996948242	328.100830078125
69.3399963378906	321.489440917969
69.3600006103516	206.957992553711
69.379997253418	168.508560180664
69.4000015258789	116.533676147461
69.4199981689453	239.509918212891
69.4400024414063	254.461441040039
69.4599990844727	183.200485229492
69.4800033569336	132.09294128418
69.5	160.557464599609
69.5199966430664	210.84358215332
69.5400009155273	173.904525756836
69.5599975585938	260.665618896484
69.5800018310547	239.532928466797
69.5999984741211	248.404235839844
69.620002746582	164.119903564453
69.6399993896484	282.490783691406
69.6600036621094	134.680648803711
69.6800003051758	179.699432373047
69.6999969482422	211.547882080078
69.7200012207031	184.043685913086
69.7399978637695	185.506423950195
69.7600021362305	77.5769653320313
69.7799987792969	274.173828125
69.8000030517578	152.629699707031
69.8199996948242	278.339874267578
69.8399963378906	218.261215209961
69.8600006103516	253.127624511719
69.879997253418	250.88005065918
69.9000015258789	255.418746948242
69.9199981689453	184.122589111328
69.9400024414063	245.410888671875
69.9599990844727	195.415466308594
69.9800033569336	303.91455078125
70	222.483856201172
70.0199966430664	158.990661621094
70.0400009155273	264.499694824219
70.0599975585938	177.433746337891
70.0800018310547	134.074890136719
70.0999984741211	218.293121337891
70.120002746582	128.999755859375
70.1399993896484	125.072288513184
70.1600036621094	99.3059387207031
70.1800003051758	304.474487304688
70.1999969482422	250.224838256836
70.2200012207031	212.458923339844
70.2399978637695	207.738342285156
70.2600021362305	178.103820800781
70.2799987792969	254.294082641602
70.3000030517578	114.017356872559
70.3199996948242	291.844299316406
70.3399963378906	259.780029296875
70.3600006103516	243.606307983398
70.379997253418	232.882415771484
70.4000015258789	182.488693237305
70.4199981689453	225.47607421875
70.4400024414063	156.798889160156
70.4599990844727	146.161682128906
70.4800033569336	287.004638671875
70.5	50.6556167602539
70.5199966430664	206.215255737305
70.5400009155273	157.247253417969
70.5599975585938	290.141479492188
70.5800018310547	228.506317138672
70.5999984741211	196.383163452148
70.620002746582	266.337829589844
70.6399993896484	143.194747924805
70.6600036621094	189.170562744141
70.6800003051758	256.338409423828
70.6999969482422	117.119255065918
70.7200012207031	133.41780090332
70.7399978637695	245.32112121582
70.7600021362305	306.943084716797
70.7799987792969	276.794311523438
70.8000030517578	164.94709777832
70.8199996948242	184.77375793457
70.8399963378906	166.34455871582
70.8600006103516	249.332382202148
70.879997253418	152.202255249023
70.9000015258789	175.438034057617
70.9199981689453	267.753814697266
70.9400024414063	265.225738525391
70.9599990844727	212.011917114258
70.9800033569336	223.58268737793
71	181.698532104492
71.0199966430664	255.016891479492
71.0400009155273	281.196655273438
71.0599975585938	179.989730834961
71.0800018310547	275.81884765625
71.0999984741211	208.624984741211
71.120002746582	183.383636474609
71.1399993896484	224.63444519043
71.1600036621094	219.748123168945
71.1800003051758	169.736099243164
71.1999969482422	319.492034912109
71.2200012207031	210.072723388672
71.2399978637695	255.72819519043
71.2600021362305	220.383117675781
71.2799987792969	213.546020507813
71.3000030517578	252.681198120117
71.3199996948242	215.201080322266
71.3399963378906	94.1966781616211
71.3600006103516	42.3829116821289
71.379997253418	212.18196105957
71.4000015258789	92.9735260009766
71.4199981689453	149.538421630859
71.4400024414063	251.770446777344
71.4599990844727	206.370132446289
71.4800033569336	190.922988891602
71.5	239.576568603516
71.5199966430664	203.165588378906
71.5400009155273	286.649108886719
71.5599975585938	201.713516235352
71.5800018310547	268.26220703125
71.5999984741211	331.929290771484
71.620002746582	228.091094970703
71.6399993896484	222.528106689453
71.6600036621094	207.541458129883
71.6800003051758	217.967864990234
71.6999969482422	257.744476318359
71.7200012207031	93.9887924194336
71.7399978637695	181.56298828125
71.7600021362305	209.854019165039
71.7799987792969	207.295623779297
71.8000030517578	243.270492553711
71.8199996948242	217.9658203125
71.8399963378906	198.755462646484
71.8600006103516	187.013824462891
71.879997253418	245.246307373047
71.9000015258789	176.47492980957
71.9199981689453	184.465728759766
71.9400024414063	355.712799072266
71.9599990844727	170.953857421875
71.9800033569336	272.604461669922
72	188.974838256836
72.0199966430664	322.412048339844
72.0400009155273	270.036865234375
72.0599975585938	320.405151367188
72.0800018310547	315.189758300781
72.0999984741211	345.715972900391
72.120002746582	311.651123046875
72.1399993896484	320.016387939453
72.1600036621094	269.304992675781
72.1800003051758	256.735412597656
72.1999969482422	178.376007080078
72.2200012207031	338.362274169922
72.2399978637695	303.991302490234
72.2600021362305	403.833526611328
72.2799987792969	316.964782714844
72.3000030517578	272.694152832031
72.3199996948242	193.323471069336
72.3399963378906	216.834671020508
72.3600006103516	242.666900634766
72.379997253418	235.428771972656
72.4000015258789	258.525329589844
72.4199981689453	282.061676025391
72.4400024414063	113.949981689453
72.4599990844727	169.095108032227
72.4800033569336	242.914398193359
72.5	275.472106933594
72.5199966430664	234.090606689453
72.5400009155273	259.886291503906
72.5599975585938	221.310958862305
72.5800018310547	361.405120849609
72.5999984741211	229.015991210938
72.620002746582	132.317672729492
72.6399993896484	192.444976806641
72.6600036621094	265.670837402344
72.6800003051758	177.39485168457
72.6999969482422	302.553466796875
72.7200012207031	183.98225402832
72.7399978637695	187.080673217773
72.7600021362305	101.919868469238
72.7799987792969	91.2401123046875
72.8000030517578	137.142700195313
72.8199996948242	207.99089050293
72.8399963378906	217.830093383789
72.8600006103516	168.275161743164
72.879997253418	118.444610595703
72.9000015258789	264.479797363281
72.9199981689453	202.597808837891
72.9400024414063	273.619049072266
72.9599990844727	186.078216552734
72.9800033569336	126.499687194824
73	274.600158691406
73.0199966430664	154.48942565918
73.0400009155273	168.95622253418
73.0599975585938	162.533065795898
73.0800018310547	225.037155151367
73.0999984741211	262.689880371094
73.120002746582	365.16015625
73.1399993896484	163.777099609375
73.1600036621094	182.255416870117
73.1800003051758	235.632507324219
73.1999969482422	140.037979125977
73.2200012207031	211.504730224609
73.2399978637695	224.839447021484
73.2600021362305	98.2627563476563
73.2799987792969	173.719436645508
73.3000030517578	235.636566162109
73.3199996948242	174.685256958008
73.3399963378906	164.11962890625
73.3600006103516	179.600509643555
73.379997253418	289.824981689453
73.4000015258789	227.88639831543
73.4199981689453	244.827529907227
73.4400024414063	160.523895263672
73.4599990844727	304.657958984375
73.4800033569336	290.571868896484
73.5	304.014739990234
73.5199966430664	369.800476074219
73.5400009155273	257.150177001953
73.5599975585938	305.597900390625
73.5800018310547	95.8741760253906
73.5999984741211	240.544692993164
73.620002746582	117.278274536133
73.6399993896484	206.989105224609
73.6600036621094	292.43603515625
73.6800003051758	243.852966308594
73.6999969482422	282.422241210938
73.7200012207031	241.971588134766
73.7399978637695	190.977798461914
73.7600021362305	214.623291015625
73.7799987792969	257.927154541016
73.8000030517578	202.970367431641
73.8199996948242	146.306915283203
73.8399963378906	149.600463867188
73.8600006103516	173.493530273438
73.879997253418	202.821563720703
73.9000015258789	156.527191162109
73.9199981689453	171.851837158203
73.9400024414063	247.317657470703
73.9599990844727	199.688385009766
73.9800033569336	130.779022216797
74	263.317260742188
74.0199966430664	322.401519775391
74.0400009155273	207.173751831055
74.0599975585938	233.266555786133
74.0800018310547	282.390686035156
74.0999984741211	133.807373046875
74.120002746582	261.173797607422
74.1399993896484	180.680450439453
74.1600036621094	130.040481567383
74.1800003051758	304.843109130859
74.1999969482422	152.321990966797
74.2200012207031	344.978210449219
74.2399978637695	161.689544677734
74.2600021362305	295.725708007813
74.2799987792969	69.8186645507813
74.3000030517578	267.340393066406
74.3199996948242	304.826141357422
74.3399963378906	169.714508056641
74.3600006103516	239.404251098633
74.379997253418	247.232208251953
74.4000015258789	134.947326660156
74.4199981689453	298.336242675781
74.4400024414063	252.608062744141
74.4599990844727	206.748077392578
74.4800033569336	118.292022705078
74.5	196.339569091797
74.5199966430664	152.261993408203
74.5400009155273	177.293426513672
74.5599975585938	177.315963745117
74.5800018310547	143.11442565918
74.5999984741211	229.009399414063
74.620002746582	286.221252441406
74.6399993896484	150.272903442383
74.6600036621094	235.410461425781
74.6800003051758	230.444061279297
74.6999969482422	271.651214599609
74.7200012207031	254.419357299805
74.7399978637695	140.497817993164
74.7600021362305	52.0960388183594
74.7799987792969	211.410339355469
74.8000030517578	152.53987121582
74.8199996948242	245.519821166992
74.8399963378906	220.322036743164
74.8600006103516	257.329315185547
74.879997253418	236.484451293945
74.9000015258789	250.270431518555
74.9199981689453	248.400146484375
74.9400024414063	128.864151000977
74.9599990844727	119.331169128418
74.9800033569336	270.116851806641
75	217.332229614258
75.0199966430664	228.369247436523
75.0400009155273	147.722244262695
75.0599975585938	152.379043579102
75.0800018310547	341.424713134766
75.0999984741211	80.3691101074219
75.120002746582	220.252944946289
75.1399993896484	310.266326904297
75.1600036621094	195.672470092773
75.1800003051758	224.126052856445
75.1999969482422	188.552490234375
75.2200012207031	167.32698059082
75.2399978637695	251.711532592773
75.2600021362305	121.583427429199
75.2799987792969	237.77783203125
75.3000030517578	109.017372131348
75.3199996948242	67.5367279052734
75.3399963378906	135.638748168945
75.3600006103516	238.61701965332
75.379997253418	124.519981384277
75.4000015258789	234.933853149414
75.4199981689453	231.757781982422
75.4400024414063	292.001373291016
75.4599990844727	286.211975097656
75.4800033569336	374.747924804688
75.5	147.692779541016
75.5199966430664	314.806427001953
75.5400009155273	323.701232910156
75.5599975585938	329.858642578125
75.5800018310547	165.012145996094
75.5999984741211	175.215301513672
75.620002746582	95.6226501464844
75.6399993896484	307.993377685547
75.6600036621094	271.456726074219
75.6800003051758	201.943603515625
75.6999969482422	380.725982666016
75.7200012207031	240.117828369141
75.7399978637695	221.115234375
75.7600021362305	160.04866027832
75.7799987792969	202.369506835938
75.8000030517578	130.395111083984
75.8199996948242	177.15055847168
75.8399963378906	254.614639282227
75.8600006103516	302.860534667969
75.879997253418	162.914886474609
75.9000015258789	206.899871826172
75.9199981689453	187.948776245117
75.9400024414063	194.690460205078
75.9599990844727	289.999298095703
75.9800033569336	123.354736328125
76	216.264526367188
76.0199966430664	263.218170166016
76.0400009155273	133.758544921875
76.0599975585938	191.665390014648
76.0800018310547	285.256225585938
76.0999984741211	150.684661865234
76.120002746582	158.069488525391
76.1399993896484	253.084838867188
76.1600036621094	182.140258789063
76.1800003051758	241.747863769531
76.1999969482422	222.389343261719
76.2200012207031	252.127563476563
76.2399978637695	258.523101806641
76.2600021362305	261.867980957031
76.2799987792969	301.156860351563
76.3000030517578	327.744567871094
76.3199996948242	348.111633300781
76.3399963378906	560.035278320313
76.3600006103516	579.286865234375
76.379997253418	536.138305664063
76.4000015258789	422.592102050781
76.4199981689453	446.035217285156
76.4400024414063	304.700256347656
76.4599990844727	286.553863525391
76.4800033569336	215.826995849609
76.5	246.009017944336
76.5199966430664	213.956329345703
76.5400009155273	377.071899414063
76.5599975585938	397.540191650391
76.5800018310547	474.104309082031
76.5999984741211	295.241394042969
76.620002746582	150.247528076172
76.6399993896484	182.256530761719
76.6600036621094	105.627716064453
76.6800003051758	223.644760131836
76.6999969482422	240.055084228516
76.7200012207031	204.86474609375
76.7399978637695	204.035034179688
76.7600021362305	266.728973388672
76.7799987792969	153.110321044922
76.8000030517578	154.012725830078
76.8199996948242	260.008636474609
76.8399963378906	203.345611572266
76.8600006103516	179.408218383789
76.879997253418	298.836364746094
76.9000015258789	389.664733886719
76.9199981689453	383.680938720703
76.9400024414063	392.577667236328
76.9599990844727	197.439361572266
76.9800033569336	167.863159179688
77	315.288330078125
77.0199966430664	279.024597167969
77.0400009155273	193.102828979492
77.0599975585938	156.229782104492
77.0800018310547	179.618698120117
77.0999984741211	268.958190917969
77.120002746582	292.348785400391
77.1399993896484	129.427062988281
77.1600036621094	160.521224975586
77.1800003051758	230.872497558594
77.1999969482422	220.249969482422
77.2200012207031	151.324325561523
77.2399978637695	155.427978515625
77.2600021362305	138.821746826172
77.2799987792969	250.378875732422
77.3000030517578	73.2227935791016
77.3199996948242	221.079330444336
77.3399963378906	214.067352294922
77.3600006103516	185.65364074707
77.379997253418	214.068878173828
77.4000015258789	152.127426147461
77.4199981689453	287.727142333984
77.4400024414063	161.161697387695
77.4599990844727	93.2835464477539
77.4800033569336	139.893829345703
77.5	205.114135742188
77.5199966430664	197.962249755859
77.5400009155273	254.412185668945
77.5599975585938	229.70654296875
77.5800018310547	160.843551635742
77.5999984741211	241.431549072266
77.620002746582	126.993431091309
77.6399993896484	214.006958007813
77.6600036621094	257.559234619141
77.6800003051758	335.300354003906
77.6999969482422	108.38752746582
77.7200012207031	196.833526611328
77.7399978637695	218.820343017578
77.7600021362305	82.2434997558594
77.7799987792969	182.631576538086
77.8000030517578	276.525207519531
77.8199996948242	176.195816040039
77.8399963378906	120.203819274902
77.8600006103516	299.912078857422
77.879997253418	218.9521484375
77.9000015258789	129.008239746094
77.9199981689453	177.213897705078
77.9400024414063	212.390701293945
77.9599990844727	204.942642211914
77.9800033569336	183.715133666992
78	146.460067749023
78.0199966430664	196.215469360352
78.0400009155273	151.079345703125
78.0599975585938	95.211051940918
78.0800018310547	86.2744750976563
78.0999984741211	193.543731689453
78.120002746582	130.658248901367
78.1399993896484	113.250595092773
78.1600036621094	112.358840942383
78.1800003051758	146.881683349609
78.1999969482422	110.28133392334
78.2200012207031	102.132049560547
78.2399978637695	167.532653808594
78.2600021362305	180.071517944336
78.2799987792969	272.106018066406
78.3000030517578	161.547653198242
78.3199996948242	186.988967895508
78.3399963378906	217.381164550781
78.3600006103516	252.823059082031
78.379997253418	187.711715698242
78.4000015258789	9.62181949615479
78.4199981689453	191.439819335938
78.4400024414063	141.116912841797
78.4599990844727	129.587768554688
78.4800033569336	259.344329833984
78.5	192.550445556641
78.5199966430664	129.491989135742
78.5400009155273	118.176025390625
78.5599975585938	112.042976379395
78.5800018310547	124.055381774902
78.5999984741211	149.83088684082
78.620002746582	152.695587158203
78.6399993896484	221.171417236328
78.6600036621094	228.181732177734
78.6800003051758	228.876998901367
78.6999969482422	262.085754394531
78.7200012207031	193.364395141602
78.7399978637695	235.105056762695
78.7600021362305	257.007507324219
78.7799987792969	239.818542480469
78.8000030517578	98.740592956543
78.8199996948242	229.788238525391
78.8399963378906	96.7155227661133
78.8600006103516	139.565231323242
78.879997253418	172.674285888672
78.9000015258789	132.589721679688
78.9199981689453	116.225563049316
78.9400024414063	155.270660400391
78.9599990844727	169.86083984375
78.9800033569336	201.188949584961
79	169.953475952148
79.0199966430664	141.320205688477
79.0400009155273	182.448806762695
79.0599975585938	97.7161560058594
79.0800018310547	201.544143676758
79.0999984741211	251.656112670898
79.120002746582	106.474838256836
79.1399993896484	20.908390045166
79.1600036621094	268.002990722656
79.1800003051758	225.196182250977
79.1999969482422	202.233703613281
79.2200012207031	315.178070068359
79.2399978637695	199.916870117188
79.2600021362305	147.922882080078
79.2799987792969	102.144424438477
79.3000030517578	71.6738433837891
79.3199996948242	58.6860961914063
79.3399963378906	94.6975021362305
79.3600006103516	194.790023803711
79.379997253418	118.965133666992
79.4000015258789	172.154724121094
79.4199981689453	119.503494262695
79.4400024414063	202.853164672852
79.4599990844727	222.3564453125
79.4800033569336	178.857452392578
79.5	64.9001312255859
79.5199966430664	156.057006835938
79.5400009155273	160.429504394531
79.5599975585938	178.101013183594
79.5800018310547	184.830581665039
79.5999984741211	152.80158996582
79.620002746582	202.397720336914
79.6399993896484	242.643539428711
79.6600036621094	76.1052856445313
79.6800003051758	153.023574829102
79.6999969482422	114.480895996094
79.7200012207031	105.702102661133
79.7399978637695	237.965270996094
79.7600021362305	234.864501953125
79.7799987792969	143.257934570313
79.8000030517578	233.251770019531
79.8199996948242	154.567810058594
79.8399963378906	163.643920898438
79.8600006103516	142.610168457031
79.879997253418	168.217803955078
79.9000015258789	95.365966796875
79.9199981689453	197.470352172852
79.9400024414063	195.99983215332
79.9599990844727	227.933685302734
79.9800033569336	278.738433837891
80	220.331924438477
