1_003/1	
θ/2θ, °	Intensity, cps
20	369.527008056641
20.0200004577637	199.33821105957
20.0400009155273	239.414443969727
20.0599994659424	242.563354492188
20.0799999237061	198.519912719727
20.1000003814697	307.177337646484
20.1200008392334	231.144149780273
20.1399993896484	269.002044677734
20.1599998474121	141.949447631836
20.1800003051758	147.805648803711
20.2000007629395	92.5829162597656
20.2199993133545	142.459289550781
20.2399997711182	203.911605834961
20.2600002288818	159.148529052734
20.2800006866455	258.610076904297
20.2999992370605	206.296493530273
20.3199996948242	217.56721496582
20.3400001525879	117.154487609863
20.3600006103516	207.052719116211
20.3799991607666	177.64665222168
20.3999996185303	80.9812927246094
20.4200000762939	282.518646240234
20.4400005340576	288.811401367188
20.4599990844727	245.348617553711
20.4799995422363	150.549942016602
20.5	153.296249389648
20.5200004577637	79.0607681274414
20.5400009155273	278.869049072266
20.5599994659424	281.733276367188
20.5799999237061	92.0236740112305
20.6000003814697	192.381439208984
20.6200008392334	347.148071289063
20.6399993896484	202.383544921875
20.6599998474121	191.479598999023
20.6800003051758	111.349243164063
20.7000007629395	211.439926147461
20.7199993133545	230.401428222656
20.7399997711182	104.49047088623
20.7600002288818	104.545043945313
20.7800006866455	280.515686035156
20.7999992370605	238.383377075195
20.8199996948242	167.911117553711
20.8400001525879	199.373641967773
20.8600006103516	218.766586303711
20.8799991607666	241.185913085938
20.8999996185303	196.835601806641
20.9200000762939	153.525909423828
20.9400005340576	180.739334106445
20.9599990844727	145.735244750977
20.9799995422363	207.675506591797
21	256.361633300781
21.0200004577637	184.165222167969
21.0400009155273	201.09797668457
21.0599994659424	224.426834106445
21.0799999237061	200.786483764648
21.1000003814697	163.321624755859
21.1200008392334	301.605560302734
21.1399993896484	214.619171142578
21.1599998474121	233.562652587891
21.1800003051758	297.226257324219
21.2000007629395	226.903198242188
21.2199993133545	205.480651855469
21.2399997711182	134.380432128906
21.2600002288818	175.095550537109
21.2800006866455	168.006393432617
21.2999992370605	147.119903564453
21.3199996948242	202.870300292969
21.3400001525879	118.089805603027
21.3600006103516	61.1556358337402
21.3799991607666	208.34391784668
21.3999996185303	253.547210693359
21.4200000762939	210.639709472656
21.4400005340576	221.847732543945
21.4599990844727	237.069137573242
21.4799995422363	104.786964416504
21.5	142.800170898438
21.5200004577637	246.371566772461
21.5400009155273	215.175857543945
21.5599994659424	249.024780273438
21.5799999237061	253.012008666992
21.6000003814697	171.412689208984
21.6200008392334	183.973083496094
21.6399993896484	211.498519897461
21.6599998474121	154.279724121094
21.6800003051758	161.80322265625
21.7000007629395	139.374847412109
21.7199993133545	118.547538757324
21.7399997711182	116.80387878418
21.7600002288818	79.8897247314453
21.7800006866455	113.84065246582
21.7999992370605	206.063812255859
21.8199996948242	177.476135253906
21.8400001525879	98.0773391723633
21.8600006103516	145.918350219727
21.8799991607666	147.163208007813
21.8999996185303	193.859680175781
21.9200000762939	181.775360107422
21.9400005340576	212.798538208008
21.9599990844727	223.245010375977
21.9799995422363	182.989151000977
22	125.927658081055
22.0200004577637	226.505844116211
22.0400009155273	170.238433837891
22.0599994659424	113.325424194336
22.0799999237061	261.337860107422
22.1000003814697	210.269393920898
22.1200008392334	189.347793579102
22.1399993896484	200.931045532227
22.1599998474121	177.652404785156
22.1800003051758	271.324798583984
22.2000007629395	106.834121704102
22.2199993133545	346.888702392578
22.2399997711182	139.849334716797
22.2600002288818	239.768295288086
22.2800006866455	303.9619140625
22.2999992370605	89.6812515258789
22.3199996948242	283.255004882813
22.3400001525879	236.721603393555
22.3600006103516	233.852310180664
22.3799991607666	187.658874511719
22.3999996185303	181.686996459961
22.4200000762939	270.369720458984
22.4400005340576	148.941802978516
22.4599990844727	248.080978393555
22.4799995422363	196.064407348633
22.5	254.763076782227
22.5200004577637	328.454498291016
22.5400009155273	211.045486450195
22.5599994659424	304.044494628906
22.5799999237061	262.142211914063
22.6000003814697	327.558135986328
22.6200008392334	215.699432373047
22.6399993896484	222.039520263672
22.6599998474121	343.385833740234
22.6800003051758	245.121353149414
22.7000007629395	302.243865966797
22.7199993133545	356.538116455078
22.7399997711182	445.380249023438
22.7600002288818	463.239227294922
22.7800006866455	431.488433837891
22.7999992370605	306.496124267578
22.8199996948242	489.814910888672
22.8400001525879	625.415283203125
22.8600006103516	551.785278320313
22.8799991607666	723.876586914063
22.8999996185303	916.200134277344
22.9200000762939	1220.68090820313
22.9400005340576	1993.70239257813
22.9599990844727	2793.59057617188
22.9799995422363	3444.40112304688
23	2845.28491210938
23.0200004577637	2334.46240234375
23.0400009155273	2001.42431640625
23.0599994659424	1167.14147949219
23.0799999237061	805.150573730469
23.1000003814697	447.957763671875
23.1200008392334	562.434509277344
23.1399993896484	427.86376953125
23.1599998474121	302.129608154297
23.1800003051758	304.944213867188
23.2000007629395	379.370452880859
23.2199993133545	308.969268798828
23.2399997711182	220.355224609375
23.2600002288818	223.120468139648
23.2800006866455	201.780609130859
23.2999992370605	382.381408691406
23.3199996948242	232.987640380859
23.3400001525879	329.171234130859
23.3600006103516	115.43083190918
23.3799991607666	160.799652099609
23.3999996185303	227.98095703125
23.4200000762939	312.929168701172
23.4400005340576	262.883636474609
23.4599990844727	269.658569335938
23.4799995422363	223.28776550293
23.5	291.785522460938
23.5200004577637	187.357315063477
23.5400009155273	284.573425292969
23.5599994659424	245.16926574707
23.5799999237061	182.205780029297
23.6000003814697	190.464508056641
23.6200008392334	141.188034057617
23.6399993896484	265.861755371094
23.6599998474121	242.528610229492
23.6800003051758	247.70817565918
23.7000007629395	271.690734863281
23.7199993133545	235.921966552734
23.7399997711182	178.811370849609
23.7600002288818	403.633331298828
23.7800006866455	204.580917358398
23.7999992370605	137.410385131836
23.8199996948242	214.829223632813
23.8400001525879	309.991149902344
23.8600006103516	264.632202148438
23.8799991607666	338.835662841797
23.8999996185303	150.753356933594
23.9200000762939	99.8886032104492
23.9400005340576	222.833053588867
23.9599990844727	149.861511230469
23.9799995422363	221.584365844727
24	177.686264038086
24.0200004577637	183.887817382813
24.0400009155273	170.586654663086
24.0599994659424	207.824737548828
24.0799999237061	332.873291015625
24.1000003814697	302.4521484375
24.1200008392334	133.011199951172
24.1399993896484	317.78173828125
24.1599998474121	218.737075805664
24.1800003051758	183.899398803711
24.2000007629395	223.622894287109
24.2199993133545	185.30256652832
24.2399997711182	103.70866394043
24.2600002288818	123.290237426758
24.2800006866455	249.896392822266
24.2999992370605	26.4107780456543
24.3199996948242	248.476745605469
24.3400001525879	237.801666259766
24.3600006103516	185.742599487305
24.3799991607666	193.866989135742
24.3999996185303	272.414489746094
24.4200000762939	261.758972167969
24.4400005340576	196.66667175293
24.4599990844727	167.250885009766
24.4799995422363	261.227813720703
24.5	342.342834472656
24.5200004577637	310.709564208984
24.5400009155273	233.389434814453
24.5599994659424	364.398559570313
24.5799999237061	295.120330810547
24.6000003814697	314.371276855469
24.6200008392334	353.221588134766
24.6399993896484	150.025833129883
24.6599998474121	364.269714355469
24.6800003051758	187.706024169922
24.7000007629395	297.430938720703
24.7199993133545	288.746795654297
24.7399997711182	289.70849609375
24.7600002288818	200.806915283203
24.7800006866455	295.951080322266
24.7999992370605	367.397521972656
24.8199996948242	317.658843994141
24.8400001525879	307.091247558594
24.8600006103516	381.548522949219
24.8799991607666	220.627014160156
24.8999996185303	177.801956176758
24.9200000762939	293.709259033203
24.9400005340576	397.798126220703
24.9599990844727	447.469940185547
24.9799995422363	527.536071777344
25	560.288879394531
25.0200004577637	741.265991210938
25.0400009155273	784.171264648438
25.0599994659424	1301.76696777344
25.0799999237061	1396.76965332031
25.1000003814697	1527.90905761719
25.1200008392334	1756.01257324219
25.1399993896484	2199.85888671875
25.1599998474121	3975.98315429688
25.1800003051758	10148.8486328125
25.2000007629395	20422.83984375
25.2199993133545	24519.01953125
25.2399997711182	14772.3857421875
25.2600002288818	11974.017578125
25.2800006866455	13663.97265625
25.2999992370605	8677.375
25.3199996948242	3526.85107421875
25.3400001525879	2069.52685546875
25.3600006103516	1265.12878417969
25.3799991607666	978.330810546875
25.3999996185303	747.945983886719
25.4200000762939	734.397216796875
25.4400005340576	516.438720703125
25.4599990844727	415.918121337891
25.4799995422363	220.322647094727
25.5	336.378631591797
25.5200004577637	377.811859130859
25.5400009155273	225.889923095703
25.5599994659424	390.823608398438
25.5799999237061	309.283203125
25.6000003814697	368.660675048828
25.6200008392334	202.902557373047
25.6399993896484	255.390655517578
25.6599998474121	284.150939941406
25.6800003051758	130.436889648438
25.7000007629395	320.597442626953
25.7199993133545	309.352294921875
25.7399997711182	326.613037109375
25.7600002288818	338.089752197266
25.7800006866455	235.907363891602
25.7999992370605	215.506484985352
25.8199996948242	326.836944580078
25.8400001525879	367.182098388672
25.8600006103516	371.718658447266
25.8799991607666	314.736785888672
25.8999996185303	273.886596679688
25.9200000762939	253.110687255859
25.9400005340576	234.664489746094
25.9599990844727	153.062683105469
25.9799995422363	259.692565917969
26	232.638595581055
26.0200004577637	228.823806762695
26.0400009155273	377.717864990234
26.0599994659424	254.057235717773
26.0799999237061	338.872619628906
26.1000003814697	382.533477783203
26.1200008392334	166.991943359375
26.1399993896484	301.256103515625
26.1599998474121	205.354415893555
26.1800003051758	259.617340087891
26.2000007629395	432.578735351563
26.2199993133545	168.091064453125
26.2399997711182	291.016357421875
26.2600002288818	249.756729125977
26.2800006866455	280.190277099609
26.2999992370605	286.730743408203
26.3199996948242	251.728286743164
26.3400001525879	344.777587890625
26.3600006103516	260.23095703125
26.3799991607666	223.460510253906
26.3999996185303	325.193817138672
26.4200000762939	519.578125
26.4400005340576	331.912139892578
26.4599990844727	319.243530273438
26.4799995422363	395.615753173828
26.5	327.970825195313
26.5200004577637	354.822448730469
26.5400009155273	312.974975585938
26.5599994659424	292.294097900391
26.5799999237061	288.565307617188
26.6000003814697	322.201751708984
26.6200008392334	199.993621826172
26.6399993896484	364.319122314453
26.6599998474121	235.686141967773
26.6800003051758	295.400512695313
26.7000007629395	150.983352661133
26.7199993133545	318.521362304688
26.7399997711182	236.460006713867
26.7600002288818	255.240753173828
26.7800006866455	321.951049804688
26.7999992370605	435.416564941406
26.8199996948242	326.147583007813
26.8400001525879	286.977783203125
26.8600006103516	458.942199707031
26.8799991607666	320.138336181641
26.8999996185303	195.575500488281
26.9200000762939	543.6513671875
26.9400005340576	236.698028564453
26.9599990844727	282.071472167969
26.9799995422363	354.655944824219
27	367.547332763672
27.0200004577637	347.180114746094
27.0400009155273	326.19287109375
27.0599994659424	376.828063964844
27.0799999237061	249.212677001953
27.1000003814697	197.201400756836
27.1200008392334	485.3798828125
27.1399993896484	396.524719238281
27.1599998474121	450.836883544922
27.1800003051758	434.893127441406
27.2000007629395	466.467041015625
27.2199993133545	378.085388183594
27.2399997711182	411.801300048828
27.2600002288818	670.454345703125
27.2800006866455	571.207824707031
27.2999992370605	691.988647460938
27.3199996948242	1035.85241699219
27.3400001525879	1139.97839355469
27.3600006103516	1231.13305664063
27.3799991607666	1469.38977050781
27.3999996185303	1778.12658691406
27.4200000762939	2383.11987304688
27.4400005340576	3194.13305664063
27.4599990844727	5122.271484375
27.4799995422363	8924.0400390625
27.5	13037.52734375
27.5200004577637	13415.3525390625
27.5400009155273	10006.57421875
27.5599994659424	8907.486328125
27.5799999237061	8729.0634765625
27.6000003814697	6256.84716796875
27.6200008392334	3839.12060546875
27.6399993896484	2455.55932617188
27.6599998474121	1600.41088867188
27.6800003051758	1461.3974609375
27.7000007629395	1103.22741699219
27.7199993133545	1051.58935546875
27.7399997711182	992.709655761719
27.7600002288818	759.913391113281
27.7800006866455	570.8037109375
27.7999992370605	446.563659667969
27.8199996948242	364.683471679688
27.8400001525879	506.865142822266
27.8600006103516	406.563598632813
27.8799991607666	406.745819091797
27.8999996185303	438.896789550781
27.9200000762939	445.885864257813
27.9400005340576	448.182739257813
27.9599990844727	340.745422363281
27.9799995422363	443.969055175781
28	270.974914550781
28.0200004577637	308.468505859375
28.0400009155273	233.094818115234
28.0599994659424	298.242980957031
28.0799999237061	466.911712646484
28.1000003814697	405.045440673828
28.1200008392334	255.559432983398
28.1399993896484	217.26399230957
28.1599998474121	336.625305175781
28.1800003051758	348.274749755859
28.2000007629395	324.318084716797
28.2199993133545	270.586456298828
28.2399997711182	361.128082275391
28.2600002288818	430.021453857422
28.2800006866455	322.741302490234
28.2999992370605	298.939514160156
28.3199996948242	257.431579589844
28.3400001525879	324.315826416016
28.3600006103516	325.464660644531
28.3799991607666	352.967987060547
28.3999996185303	313.896270751953
28.4200000762939	242.321807861328
28.4400005340576	386.892456054688
28.4599990844727	325.814544677734
28.4799995422363	305.370208740234
28.5	387.33984375
28.5200004577637	322.741577148438
28.5400009155273	338.671508789063
28.5599994659424	285.432891845703
28.5799999237061	264.547546386719
28.6000003814697	350.11181640625
28.6200008392334	376.833953857422
28.6399993896484	279.657409667969
28.6599998474121	365.676177978516
28.6800003051758	260.4951171875
28.7000007629395	207.386489868164
28.7199993133545	266.723846435547
28.7399997711182	342.900817871094
28.7600002288818	175.964065551758
28.7800006866455	253.944778442383
28.7999992370605	276.442321777344
28.8199996948242	182.037200927734
28.8400001525879	323.801086425781
28.8600006103516	230.41943359375
28.8799991607666	242.302978515625
28.8999996185303	151.353515625
28.9200000762939	214.24365234375
28.9400005340576	314.104248046875
28.9599990844727	315.109313964844
28.9799995422363	326.790405273438
29	239.339706420898
29.0200004577637	268.542266845703
29.0400009155273	342.469696044922
29.0599994659424	334.103454589844
29.0799999237061	483.374176025391
29.1000003814697	497.896942138672
29.1200008392334	506.807708740234
29.1399993896484	615.456115722656
29.1599998474121	1027.22680664063
29.1800003051758	2467.23901367188
29.2000007629395	3588.0634765625
29.2199993133545	2437.873046875
29.2399997711182	1586.85583496094
29.2600002288818	1709.87854003906
29.2800006866455	1936.45361328125
29.2999992370605	1236.4462890625
29.3199996948242	377.048950195313
29.3400001525879	471.951202392578
29.3600006103516	456.885070800781
29.3799991607666	293.776611328125
29.3999996185303	383.977600097656
29.4200000762939	258.553344726563
29.4400005340576	256.1181640625
29.4599990844727	217.110412597656
29.4799995422363	272.621704101563
29.5	293.66943359375
29.5200004577637	226.266784667969
29.5400009155273	269.679962158203
29.5599994659424	146.481384277344
29.5799999237061	162.72216796875
29.6000003814697	197.898147583008
29.6200008392334	267.293762207031
29.6399993896484	145.869506835938
29.6599998474121	274.237609863281
29.6800003051758	272.654357910156
29.7000007629395	339.322570800781
29.7199993133545	374.684600830078
29.7399997711182	156.383117675781
29.7600002288818	297.149780273438
29.7800006866455	342.212127685547
29.7999992370605	322.110504150391
29.8199996948242	348.439086914063
29.8400001525879	191.005233764648
29.8600006103516	299.353271484375
29.8799991607666	195.361267089844
29.8999996185303	327.450439453125
29.9200000762939	202.202255249023
29.9400005340576	285.837768554688
29.9599990844727	316.782531738281
29.9799995422363	136.529312133789
30	213.649215698242
30.0200004577637	299.288391113281
30.0400009155273	318.300445556641
30.0599994659424	273.057037353516
30.0799999237061	184.048568725586
30.1000003814697	232.929916381836
30.1200008392334	130.855056762695
30.1399993896484	305.175598144531
30.1599998474121	406.278015136719
30.1800003051758	224.131896972656
30.2000007629395	252.145767211914
30.2199993133545	268.231597900391
30.2399997711182	220.82926940918
30.2600002288818	169.661224365234
30.2800006866455	234.389495849609
30.2999992370605	278.274688720703
30.3199996948242	248.304168701172
30.3400001525879	222.456481933594
30.3600006103516	316.523071289063
30.3799991607666	120.790252685547
30.3999996185303	300.658203125
30.4200000762939	236.450393676758
30.4400005340576	203.729751586914
30.4599990844727	189.358596801758
30.4799995422363	169.994384765625
30.5	94.4191513061523
30.5200004577637	248.77375793457
30.5400009155273	338.453857421875
30.5599994659424	235.347671508789
30.5799999237061	304.965606689453
30.6000003814697	217.145385742188
30.6200008392334	252.768753051758
30.6399993896484	323.596343994141
30.6599998474121	319.446990966797
30.6800003051758	228.758575439453
30.7000007629395	258.991729736328
30.7199993133545	255.58464050293
30.7399997711182	171.221099853516
30.7600002288818	248.021728515625
30.7800006866455	145.495147705078
30.7999992370605	374.461456298828
30.8199996948242	153.247665405273
30.8400001525879	261.934692382813
30.8600006103516	331.821655273438
30.8799991607666	180.545532226563
30.8999996185303	326.279968261719
30.9200000762939	257.429504394531
30.9400005340576	262.88037109375
30.9599990844727	161.571426391602
30.9799995422363	155.221725463867
31	169.632949829102
31.0200004577637	136.978530883789
31.0400009155273	117.750869750977
31.0599994659424	188.823104858398
31.0799999237061	174.554321289063
31.1000003814697	217.710189819336
31.1200008392334	245.651062011719
31.1399993896484	269.379333496094
31.1599998474121	312.846130371094
31.1800003051758	243.889572143555
31.2000007629395	339.423522949219
31.2199993133545	310.31396484375
31.2399997711182	267.622009277344
31.2600002288818	314.443298339844
31.2800006866455	358.514007568359
31.2999992370605	262.415222167969
31.3199996948242	237.43537902832
31.3400001525879	230.357055664063
31.3600006103516	284.445556640625
31.3799991607666	238.318756103516
31.3999996185303	187.015808105469
31.4200000762939	332.3583984375
31.4400005340576	398.827362060547
31.4599990844727	212.382965087891
31.4799995422363	410.300170898438
31.5	365.765258789063
31.5200004577637	594.323120117188
31.5400009155273	564.791381835938
31.5599994659424	818.546142578125
31.5799999237061	815.533142089844
31.6000003814697	918.299438476563
31.6200008392334	1436.92944335938
31.6399993896484	2527.203125
31.6599998474121	4120.0771484375
31.6800003051758	7258.29443359375
31.7000007629395	10479.7880859375
31.7199993133545	10375.8251953125
31.7399997711182	7778.12646484375
31.7600002288818	5436.166015625
31.7800006866455	6091.59033203125
31.7999992370605	5588.83642578125
31.8199996948242	3716.69116210938
31.8400001525879	1857.14501953125
31.8600006103516	1316.58093261719
31.8799991607666	1079.53112792969
31.8999996185303	755.926635742188
31.9200000762939	453.867401123047
31.9400005340576	508.656677246094
31.9599990844727	348.736724853516
31.9799995422363	403.880828857422
32	281.222869873047
32.0200004577637	237.564971923828
32.0400009155273	191.609924316406
32.060001373291	429.523223876953
32.0800018310547	275.801330566406
32.0999984741211	342.499786376953
32.1199989318848	262.449157714844
32.1399993896484	257.565246582031
32.1599998474121	182.254547119141
32.1800003051758	326.449859619141
32.2000007629395	301.657043457031
32.2200012207031	222.426330566406
32.2400016784668	253.111999511719
32.2599983215332	183.463165283203
32.2799987792969	125.521141052246
32.2999992370605	229.635513305664
32.3199996948242	192.840698242188
32.3400001525879	225.564544677734
32.3600006103516	293.654083251953
32.3800010681152	156.938293457031
32.4000015258789	191.994537353516
32.4199981689453	298.907287597656
32.439998626709	306.988494873047
32.4599990844727	240.885314941406
32.4799995422363	190.734313964844
32.5	352.724853515625
32.5200004577637	305.096710205078
32.5400009155273	212.368850708008
32.560001373291	210.38313293457
32.5800018310547	239.643707275391
32.5999984741211	328.820556640625
32.6199989318848	300.736633300781
32.6399993896484	239.152709960938
32.6599998474121	309.242401123047
32.6800003051758	269.147399902344
32.7000007629395	236.388854980469
32.7200012207031	341.726928710938
32.7400016784668	287.519744873047
32.7599983215332	194.502563476563
32.7799987792969	156.826141357422
32.7999992370605	211.516159057617
32.8199996948242	227.973220825195
32.8400001525879	178.471801757813
32.8600006103516	144.645568847656
32.8800010681152	306.6650390625
32.9000015258789	204.279190063477
32.9199981689453	267.409027099609
32.939998626709	193.764755249023
32.9599990844727	319.933471679688
32.9799995422363	233.803512573242
33	131.228912353516
33.0200004577637	140.517608642578
33.0400009155273	248.464859008789
33.060001373291	197.11116027832
33.0800018310547	314.718353271484
33.0999984741211	246.964752197266
33.1199989318848	164.87190246582
33.1399993896484	246.991226196289
33.1599998474121	194.97282409668
33.1800003051758	134.528305053711
33.2000007629395	117.134651184082
33.2200012207031	171.036102294922
33.2400016784668	273.933380126953
33.2599983215332	240.117385864258
33.2799987792969	345.243896484375
33.2999992370605	195.458770751953
33.3199996948242	225.571975708008
33.3400001525879	211.386535644531
33.3600006103516	315.501403808594
33.3800010681152	112.266830444336
33.4000015258789	262.923370361328
33.4199981689453	271.325622558594
33.439998626709	199.786483764648
33.4599990844727	197.889465332031
33.4799995422363	136.525283813477
33.5	118.717864990234
33.5200004577637	245.472183227539
33.5400009155273	201.407608032227
33.560001373291	190.574111938477
33.5800018310547	258.880157470703
33.5999984741211	280.338134765625
33.6199989318848	114.042724609375
33.6399993896484	189.960098266602
33.6599998474121	203.62956237793
33.6800003051758	150.341979980469
33.7000007629395	292.37060546875
33.7200012207031	289.641906738281
33.7400016784668	177.003707885742
33.7599983215332	155.357727050781
33.7799987792969	240.171844482422
33.7999992370605	136.333297729492
33.8199996948242	237.24787902832
33.8400001525879	249.245498657227
33.8600006103516	165.530899047852
33.8800010681152	271.564086914063
33.9000015258789	295.937103271484
33.9199981689453	249.460494995117
33.939998626709	202.581588745117
33.9599990844727	184.539154052734
33.9799995422363	155.326110839844
34	86.110221862793
34.0200004577637	323.851135253906
34.0400009155273	212.404586791992
34.060001373291	333.592651367188
34.0800018310547	150.903656005859
34.0999984741211	256.873657226563
34.1199989318848	262.209503173828
34.1399993896484	49.7375907897949
34.1599998474121	239.581115722656
34.1800003051758	202.708084106445
34.2000007629395	264.921173095703
34.2200012207031	190.425872802734
34.2400016784668	258.738616943359
34.2599983215332	299.292724609375
34.2799987792969	354.420867919922
34.2999992370605	434.404907226563
34.3199996948242	437.800964355469
34.3400001525879	645.979797363281
34.3600006103516	1311.47241210938
34.3800010681152	1191.9931640625
34.4000015258789	908.7744140625
34.4199981689453	777.003662109375
34.439998626709	747.429870605469
34.4599990844727	950.24462890625
34.4799995422363	627.847229003906
34.5	399.71044921875
34.5200004577637	374.851806640625
34.5400009155273	244.845916748047
34.560001373291	216.692779541016
34.5800018310547	182.952682495117
34.5999984741211	137.629913330078
34.6199989318848	155.733840942383
34.6399993896484	186.714996337891
34.6599998474121	260.617797851563
34.6800003051758	156.683685302734
34.7000007629395	113.16423034668
34.7200012207031	291.401458740234
34.7400016784668	330.246368408203
34.7599983215332	208.930969238281
34.7799987792969	262.762145996094
34.7999992370605	150.38410949707
34.8199996948242	83.5957489013672
34.8400001525879	186.857345581055
34.8600006103516	322.873596191406
34.8800010681152	274.658813476563
34.9000015258789	241.251724243164
34.9199981689453	283.431335449219
34.939998626709	236.478042602539
34.9599990844727	212.987045288086
34.9799995422363	136.210189819336
35	139.318115234375
35.0200004577637	240.111312866211
35.0400009155273	204.819610595703
35.060001373291	176.62776184082
35.0800018310547	203.732635498047
35.0999984741211	138.09326171875
35.1199989318848	158.559310913086
35.1399993896484	185.710083007813
35.1599998474121	211.045043945313
35.1800003051758	219.248886108398
35.2000007629395	271.179748535156
35.2200012207031	234.792755126953
35.2400016784668	253.359832763672
35.2599983215332	211.366073608398
35.2799987792969	130.761596679688
35.2999992370605	202.995101928711
35.3199996948242	246.642181396484
35.3400001525879	270.752655029297
35.3600006103516	88.8419952392578
35.3800010681152	135.369110107422
35.4000015258789	254.817779541016
35.4199981689453	261.813903808594
35.439998626709	183.537963867188
35.4599990844727	213.031646728516
35.4799995422363	321.2236328125
35.5	210.036087036133
35.5200004577637	157.682205200195
35.5400009155273	83.2607116699219
35.560001373291	222.35417175293
35.5800018310547	238.56884765625
35.5999984741211	273.21728515625
35.6199989318848	172.691741943359
35.6399993896484	226.331329345703
35.6599998474121	199.320251464844
35.6800003051758	198.275039672852
35.7000007629395	214.231842041016
35.7200012207031	208.412841796875
35.7400016784668	143.55354309082
35.7599983215332	161.137054443359
35.7799987792969	247.532760620117
35.7999992370605	264.176971435547
35.8199996948242	154.206253051758
35.8400001525879	218.731964111328
35.8600006103516	239.541702270508
35.8800010681152	211.260467529297
35.9000015258789	255.833618164063
35.9199981689453	272.659912109375
35.939998626709	341.921173095703
35.9599990844727	321.805847167969
35.9799995422363	293.812622070313
36	340.370025634766
36.0200004577637	386.461822509766
36.0400009155273	507.642272949219
36.060001373291	565.289001464844
36.0800018310547	550.360473632813
36.0999984741211	616.481140136719
36.1199989318848	994.864013671875
36.1399993896484	1912.35083007813
36.1599998474121	3075.125
36.1800003051758	5333.08740234375
36.2000007629395	6945.9140625
36.2200012207031	5622.89404296875
36.2400016784668	3199.8251953125
36.2599983215332	2842.26123046875
36.2799987792969	3611.50512695313
36.2999992370605	3891.50146484375
36.3199996948242	2799.79321289063
36.3400001525879	1389.95349121094
36.3600006103516	714.789733886719
36.3800010681152	551.348999023438
36.4000015258789	363.253967285156
36.4199981689453	489.357513427734
36.439998626709	271.099548339844
36.4599990844727	275.014495849609
36.4799995422363	281.950408935547
36.5	254.012680053711
36.5200004577637	211.851516723633
36.5400009155273	294.626586914063
36.560001373291	218.458633422852
36.5800018310547	241.727020263672
36.5999984741211	199.33642578125
36.6199989318848	313.308776855469
36.6399993896484	181.205627441406
36.6599998474121	340.172332763672
36.6800003051758	307.860229492188
36.7000007629395	160.532608032227
36.7200012207031	299.847778320313
36.7400016784668	226.376617431641
36.7599983215332	207.677139282227
36.7799987792969	287.386199951172
36.7999992370605	225.479858398438
36.8199996948242	272.370330810547
36.8400001525879	255.781478881836
36.8600006103516	189.301818847656
36.8800010681152	233.098571777344
36.9000015258789	224.956512451172
36.9199981689453	110.767707824707
36.939998626709	103.71656036377
36.9599990844727	224.311111450195
36.9799995422363	246.331970214844
37	324.936279296875
37.0200004577637	172.947891235352
37.0400009155273	238.482330322266
37.060001373291	312.001586914063
37.0800018310547	181.286376953125
37.0999984741211	102.873550415039
37.1199989318848	192.856536865234
37.1399993896484	201.051651000977
37.1599998474121	142.828948974609
37.1800003051758	272.58740234375
37.2000007629395	113.225784301758
37.2200012207031	236.969711303711
37.2400016784668	165.148040771484
37.2599983215332	181.168548583984
37.2799987792969	198.235366821289
37.2999992370605	168.49430847168
37.3199996948242	108.578430175781
37.3400001525879	154.801239013672
37.3600006103516	142.877517700195
37.3800010681152	230.881881713867
37.4000015258789	267.387481689453
37.4199981689453	174.574493408203
37.439998626709	205.074798583984
37.4599990844727	181.629272460938
37.4799995422363	235.921447753906
37.5	305.068267822266
37.5200004577637	272.621612548828
37.5400009155273	359.582641601563
37.560001373291	346.214691162109
37.5800018310547	210.821517944336
37.5999984741211	314.213073730469
37.6199989318848	385.164764404297
37.6399993896484	142.350250244141
37.6599998474121	260.242248535156
37.6800003051758	377.475463867188
37.7000007629395	343.191223144531
37.7200012207031	180.728088378906
37.7400016784668	298.349975585938
37.7599983215332	146.406051635742
37.7799987792969	243.115997314453
37.7999992370605	194.922210693359
37.8199996948242	338.878997802734
37.8400001525879	235.012100219727
37.8600006103516	211.504089355469
37.8800010681152	407.458862304688
37.9000015258789	354.480651855469
37.9199981689453	297.431915283203
37.939998626709	294.091918945313
37.9599990844727	283.106384277344
37.9799995422363	292.408508300781
38	321.915954589844
38.0200004577637	306.704956054688
38.0400009155273	161.647598266602
38.060001373291	472.46240234375
38.0800018310547	428.076324462891
38.0999984741211	684.434753417969
38.1199989318848	599.886779785156
38.1399993896484	799.684997558594
38.1599998474121	971.615905761719
38.1800003051758	1617.94311523438
38.2000007629395	2669.75634765625
38.2200012207031	3400.93896484375
38.2400016784668	2895.78784179688
38.2599983215332	2648.50756835938
38.2799987792969	2102.4052734375
38.2999992370605	2305.97387695313
38.3199996948242	2334.36962890625
38.3400001525879	1977.02978515625
38.3600006103516	1228.93286132813
38.3800010681152	1072.16870117188
38.4000015258789	946.020324707031
38.4199981689453	570.624877929688
38.439998626709	579.423461914063
38.4599990844727	513.96630859375
38.4799995422363	322.042602539063
38.5	403.159240722656
38.5200004577637	297.036651611328
38.5400009155273	342.834167480469
38.560001373291	299.384368896484
38.5800018310547	394.465240478516
38.5999984741211	211.172637939453
38.6199989318848	364.182037353516
38.6399993896484	243.188934326172
38.6599998474121	140.226272583008
38.6800003051758	348.986633300781
38.7000007629395	277.197296142578
38.7200012207031	197.802993774414
38.7400016784668	363.631286621094
38.7599983215332	370.428833007813
38.7799987792969	358.575347900391
38.7999992370605	263.301971435547
38.8199996948242	273.446685791016
38.8400001525879	219.746856689453
38.8600006103516	188.178421020508
38.8800010681152	291.167877197266
38.9000015258789	139.291564941406
38.9199981689453	242.636825561523
38.939998626709	225.770416259766
38.9599990844727	174.447723388672
38.9799995422363	223.494766235352
39	171.530029296875
39.0200004577637	275.242095947266
39.0400009155273	150.367095947266
39.060001373291	257.71728515625
39.0800018310547	359.667419433594
39.0999984741211	246.827392578125
39.1199989318848	183.172180175781
39.1399993896484	328.676025390625
39.1599998474121	252.723693847656
39.1800003051758	123.488372802734
39.2000007629395	347.865081787109
39.2200012207031	359.595184326172
39.2400016784668	466.526397705078
39.2599983215332	191.640701293945
39.2799987792969	256.254241943359
39.2999992370605	364.357818603516
39.3199996948242	271.576568603516
39.3400001525879	247.266845703125
39.3600006103516	243.495208740234
39.3800010681152	232.048110961914
39.4000015258789	201.246185302734
39.4199981689453	343.99169921875
39.439998626709	219.540985107422
39.4599990844727	336.019134521484
39.4799995422363	167.516708374023
39.5	347.40576171875
39.5200004577637	187.385131835938
39.5400009155273	306.135803222656
39.560001373291	230.803375244141
39.5800018310547	208.016006469727
39.5999984741211	255.907135009766
39.6199989318848	164.210983276367
39.6399993896484	294.194976806641
39.6599998474121	302.192352294922
39.6800003051758	224.414184570313
39.7000007629395	219.096801757813
39.7200012207031	248.162643432617
39.7400016784668	317.109375
39.7599983215332	216.655380249023
39.7799987792969	289.338623046875
39.7999992370605	253.51643371582
39.8199996948242	216.525833129883
39.8400001525879	247.333786010742
39.8600006103516	298.547515869141
39.8800010681152	289.955505371094
39.9000015258789	188.495346069336
39.9199981689453	326.198669433594
39.939998626709	285.095489501953
39.9599990844727	389.993408203125
39.9799995422363	366.065124511719
40	244.189727783203
40.0200004577637	458.759246826172
40.0400009155273	373.876617431641
40.060001373291	256.33544921875
40.0800018310547	295.095306396484
40.0999984741211	492.866424560547
40.1199989318848	483.729797363281
40.1399993896484	519.33349609375
40.1599998474121	778.331665039063
40.1800003051758	662.170471191406
40.2000007629395	715.429992675781
40.2200012207031	926.0869140625
40.2400016784668	848.845947265625
40.2599983215332	1044.55041503906
40.2799987792969	1442.04223632813
40.2999992370605	1874.04333496094
40.3199996948242	2430.83959960938
40.3400001525879	3075.60229492188
40.3600006103516	4771.166015625
40.3800010681152	5840.71630859375
40.4000015258789	6344.40576171875
40.4199981689453	5186.109375
40.439998626709	3963.92993164063
40.4599990844727	3918.14208984375
40.4799995422363	3823.92504882813
40.5	3543.8310546875
40.5200004577637	3169.39868164063
40.5400009155273	2388.80200195313
40.560001373291	1710.41320800781
40.5800018310547	1213.78601074219
40.5999984741211	797.807189941406
40.6199989318848	721.433959960938
40.6399993896484	707.263244628906
40.6599998474121	552.074157714844
40.6800003051758	508.837585449219
40.7000007629395	527.899169921875
40.7200012207031	452.768951416016
40.7400016784668	446.138244628906
40.7599983215332	422.359558105469
40.7799987792969	601.893798828125
40.7999992370605	273.06640625
40.8199996948242	358.273956298828
40.8400001525879	497.037200927734
40.8600006103516	270.061737060547
40.8800010681152	421.998229980469
40.9000015258789	369.498352050781
40.9199981689453	372.468414306641
40.939998626709	258.827575683594
40.9599990844727	279.646057128906
40.9799995422363	402.590667724609
41	204.613952636719
41.0200004577637	362.661193847656
41.0400009155273	259.593414306641
41.060001373291	316.450439453125
41.0800018310547	311.150177001953
41.0999984741211	282.968719482422
41.1199989318848	242.287872314453
41.1399993896484	322.13232421875
41.1599998474121	337.591400146484
41.1800003051758	327.804534912109
41.2000007629395	300.084320068359
41.2200012207031	268.709655761719
41.2400016784668	313.018341064453
41.2599983215332	297.340881347656
41.2799987792969	333.518035888672
41.2999992370605	289.99365234375
41.3199996948242	301.557342529297
41.3400001525879	332.681854248047
41.3600006103516	276.954376220703
41.3800010681152	260.775329589844
41.4000015258789	320.725921630859
41.4199981689453	441.225982666016
41.439998626709	459.770904541016
41.4599990844727	269.5537109375
41.4799995422363	374.435272216797
41.5	454.989471435547
41.5200004577637	422.2421875
41.5400009155273	449.729553222656
41.560001373291	642.655151367188
41.5800018310547	947.848388671875
41.5999984741211	1066.04089355469
41.6199989318848	1132.73864746094
41.6399993896484	1349.15344238281
41.6599998474121	1230.70288085938
41.6800003051758	1356.14587402344
41.7000007629395	1864.32189941406
41.7200012207031	2603.80932617188
41.7400016784668	4759.74658203125
41.7599983215332	11044.3466796875
41.7799987792969	22616.87890625
41.7999992370605	24771.69140625
41.8199996948242	13847.8291015625
41.8400001525879	6982.19580078125
41.8600006103516	5801.63525390625
41.8800010681152	9501.556640625
41.9000015258789	13547.978515625
41.9199981689453	10914.65625
41.939998626709	4889.7109375
41.9599990844727	2504.14916992188
41.9799995422363	1485.03686523438
42	1239.439453125
42.0200004577637	940.616760253906
42.0400009155273	1036.52514648438
42.060001373291	875.286987304688
42.0800018310547	597.857666015625
42.0999984741211	414.2548828125
42.1199989318848	404.698516845703
42.1399993896484	223.311187744141
42.1599998474121	406.671356201172
42.1800003051758	311.850921630859
42.2000007629395	287.488952636719
42.2200012207031	229.114654541016
42.2400016784668	318.400512695313
42.2599983215332	367.640258789063
42.2799987792969	373.841857910156
42.2999992370605	310.672454833984
42.3199996948242	326.409423828125
42.3400001525879	278.811737060547
42.3600006103516	221.672470092773
42.3800010681152	323.992736816406
42.4000015258789	275.873352050781
42.4199981689453	276.036590576172
42.439998626709	290.526062011719
42.4599990844727	195.776397705078
42.4799995422363	305.393127441406
42.5	304.779296875
42.5200004577637	208.764007568359
42.5400009155273	364.944122314453
42.560001373291	285.621368408203
42.5800018310547	325.624328613281
42.5999984741211	402.966247558594
42.6199989318848	270.430847167969
42.6399993896484	324.058349609375
42.6599998474121	350.402313232422
42.6800003051758	341.644195556641
42.7000007629395	253.941909790039
42.7200012207031	364.756378173828
42.7400016784668	257.305206298828
42.7599983215332	422.155548095703
42.7799987792969	302.828216552734
42.7999992370605	284.027465820313
42.8199996948242	370.580474853516
42.8400001525879	155.119537353516
42.8600006103516	214.941436767578
42.8800010681152	361.745849609375
42.9000015258789	393.273529052734
42.9199981689453	305.071350097656
42.939998626709	312.555877685547
42.9599990844727	305.843292236328
42.9799995422363	291.205139160156
43	394.739593505859
43.0200004577637	216.909378051758
43.0400009155273	467.217956542969
43.060001373291	233.844635009766
43.0800018310547	482.116455078125
43.0999984741211	500.395416259766
43.1199989318848	386.599304199219
43.1399993896484	432.405334472656
43.1599998474121	494.838806152344
43.1800003051758	626.448303222656
43.2000007629395	709.164855957031
43.2200012207031	887.675170898438
43.2400016784668	1107.23608398438
43.2599983215332	1561.13415527344
43.2799987792969	2043.55834960938
43.2999992370605	1943.55261230469
43.3199996948242	2090.126953125
43.3400001525879	1381.19848632813
43.3600006103516	1163.08642578125
43.3800010681152	1173.515625
43.4000015258789	1277.30004882813
43.4199981689453	1451.93322753906
43.439998626709	1024.96643066406
43.4599990844727	696.218139648438
43.4799995422363	655.892639160156
43.5	527.945678710938
43.5200004577637	350.639617919922
43.5400009155273	297.285522460938
43.560001373291	257.660064697266
43.5800018310547	487.759033203125
43.5999984741211	248.96794128418
43.6199989318848	252.782211303711
43.6399993896484	472.441619873047
43.6599998474121	285.335052490234
43.6800003051758	293.633666992188
43.7000007629395	229.421340942383
43.7200012207031	217.728500366211
43.7400016784668	263.594848632813
43.7599983215332	290.148071289063
43.7799987792969	260.123565673828
43.7999992370605	119.292121887207
43.8199996948242	190.791595458984
43.8400001525879	212.013305664063
43.8600006103516	250.030868530273
43.8800010681152	278.210327148438
43.9000015258789	246.765090942383
43.9199981689453	350.134155273438
43.939998626709	328.596588134766
43.9599990844727	259.420440673828
43.9799995422363	227.2197265625
44	147.458236694336
44.0200004577637	296.870483398438
44.0400009155273	298.318908691406
44.060001373291	165.96208190918
44.0800018310547	205.79443359375
44.0999984741211	170.130630493164
44.1199989318848	277.961059570313
44.1399993896484	207.183212280273
44.1599998474121	353.702606201172
44.1800003051758	230.698577880859
44.2000007629395	172.569610595703
44.2200012207031	254.460342407227
44.2400016784668	165.786315917969
44.2599983215332	114.615074157715
44.2799987792969	202.175796508789
44.2999992370605	201.014709472656
44.3199996948242	383.993804931641
44.3400001525879	177.078063964844
44.3600006103516	303.201110839844
44.3800010681152	228.736190795898
44.4000015258789	216.563491821289
44.4199981689453	380.081237792969
44.439998626709	347.145599365234
44.4599990844727	273.967376708984
44.4799995422363	375.978088378906
44.5	333.711151123047
44.5200004577637	173.833572387695
44.5400009155273	131.647430419922
44.560001373291	299.530120849609
44.5800018310547	272.33203125
44.5999984741211	374.07421875
44.6199989318848	269.268524169922
44.6399993896484	184.856155395508
44.6599998474121	127.171997070313
44.6800003051758	260.770690917969
44.7000007629395	223.39111328125
44.7200012207031	181.445678710938
44.7400016784668	254.924346923828
44.7599983215332	372.389129638672
44.7799987792969	288.267669677734
44.7999992370605	360.788238525391
44.8199996948242	159.823883056641
44.8400001525879	212.840026855469
44.8600006103516	294.529815673828
44.8800010681152	134.341613769531
44.9000015258789	268.415588378906
44.9199981689453	435.242065429688
44.939998626709	212.644912719727
44.9599990844727	249.413955688477
44.9799995422363	119.094253540039
45	36.2816619873047
45.0200004577637	223.674240112305
45.0400009155273	190.071014404297
45.060001373291	313.645446777344
45.0800018310547	205.667297363281
45.0999984741211	231.369430541992
45.1199989318848	323.748626708984
45.1399993896484	177.650634765625
45.1599998474121	211.255279541016
45.1800003051758	319.991424560547
45.2000007629395	313.821716308594
45.2200012207031	290.835113525391
45.2400016784668	158.721115112305
45.2599983215332	71.2084045410156
45.2799987792969	281.093017578125
45.2999992370605	188.616760253906
45.3199996948242	313.366821289063
45.3400001525879	231.60725402832
45.3600006103516	321.680816650391
45.3800010681152	159.800643920898
45.4000015258789	247.044723510742
45.4199981689453	182.257797241211
45.439998626709	223.939254760742
45.4599990844727	236.915710449219
45.4799995422363	186.792098999023
45.5	158.994552612305
45.5200004577637	197.321090698242
45.5400009155273	325.913848876953
45.560001373291	312.122467041016
45.5800018310547	184.141250610352
45.5999984741211	143.345962524414
45.6199989318848	126.352500915527
45.6399993896484	234.193923950195
45.6599998474121	147.247863769531
45.6800003051758	221.307495117188
45.7000007629395	152.748748779297
45.7200012207031	101.292617797852
45.7400016784668	222.698318481445
45.7599983215332	321.459747314453
45.7799987792969	281.496948242188
45.7999992370605	340.860992431641
45.8199996948242	290.882659912109
45.8400001525879	511.530212402344
45.8600006103516	543.394653320313
45.8800010681152	447.135406494141
45.9000015258789	529.257385253906
45.9199981689453	539.491455078125
45.939998626709	469.924255371094
45.9599990844727	466.155151367188
45.9799995422363	677.861633300781
46	556.545166015625
46.0200004577637	509.523712158203
46.0400009155273	298.668579101563
46.060001373291	293.587097167969
46.0800018310547	148.222640991211
46.0999984741211	352.655822753906
46.1199989318848	343.646942138672
46.1399993896484	258.580596923828
46.1599998474121	307.076354980469
46.1800003051758	197.978637695313
46.2000007629395	228.093490600586
46.2200012207031	229.580337524414
46.2400016784668	264.752624511719
46.2599983215332	230.721786499023
46.2799987792969	321.590942382813
46.2999992370605	220.998458862305
46.3199996948242	253.520080566406
46.3400001525879	223.10237121582
46.3600006103516	224.928207397461
46.3800010681152	264.946533203125
46.4000015258789	125.487442016602
46.4199981689453	122.476425170898
46.439998626709	219.438735961914
46.4599990844727	312.407196044922
46.4799995422363	356.097381591797
46.5	63.6034965515137
46.5200004577637	217.457580566406
46.5400009155273	91.8605804443359
46.560001373291	210.696578979492
46.5800018310547	311.853668212891
46.5999984741211	237.551879882813
46.6199989318848	277.434326171875
46.6399993896484	325.783111572266
46.6599998474121	86.775749206543
46.6800003051758	281.839019775391
46.7000007629395	266.618011474609
46.7200012207031	292.143676757813
46.7400016784668	348.599151611328
46.7599983215332	313.179840087891
46.7799987792969	235.683670043945
46.7999992370605	298.997253417969
46.8199996948242	353.978332519531
46.8400001525879	373.447113037109
46.8600006103516	433.907073974609
46.8800010681152	174.6806640625
46.9000015258789	336.904479980469
46.9199981689453	405.18017578125
46.939998626709	463.417755126953
46.9599990844727	606.998046875
46.9799995422363	961.08203125
47	806.607482910156
47.0200004577637	600.062133789063
47.0400009155273	491.689361572266
47.060001373291	495.364135742188
47.0800018310547	467.147613525391
47.0999984741211	534.258544921875
47.1199989318848	484.1611328125
47.1399993896484	668.983032226563
47.1599998474121	486.255126953125
47.1800003051758	407.509185791016
47.2000007629395	192.980621337891
47.2200012207031	436.930633544922
47.2400016784668	406.602416992188
47.2599983215332	253.339263916016
47.2799987792969	250.199401855469
47.2999992370605	193.755798339844
47.3199996948242	413.776580810547
47.3400001525879	362.628601074219
47.3600006103516	212.908950805664
47.3800010681152	222.676879882813
47.4000015258789	316.672210693359
47.4199981689453	411.616333007813
47.439998626709	574.287414550781
47.4599990844727	817.032470703125
47.4799995422363	1214.72265625
47.5	1180.86694335938
47.5200004577637	700.78515625
47.5400009155273	395.844757080078
47.560001373291	604.345642089844
47.5800018310547	668.498046875
47.5999984741211	682.211120605469
47.6199989318848	869.953796386719
47.6399993896484	472.205413818359
47.6599998474121	437.240051269531
47.6800003051758	383.893646240234
47.7000007629395	281.409851074219
47.7200012207031	308.294708251953
47.7400016784668	378.435089111328
47.7599983215332	308.049011230469
47.7799987792969	284.841979980469
47.7999992370605	134.754379272461
47.8199996948242	228.021011352539
47.8400001525879	279.328247070313
47.8600006103516	128.134704589844
47.8800010681152	306.184631347656
47.9000015258789	196.549362182617
47.9199981689453	303.519836425781
47.939998626709	299.704345703125
47.9599990844727	290.81640625
47.9799995422363	291.751525878906
48	218.256423950195
48.0200004577637	336.611633300781
48.0400009155273	179.676467895508
48.060001373291	164.739898681641
48.0800018310547	121.107879638672
48.0999984741211	204.958053588867
48.1199989318848	170.53108215332
48.1399993896484	203.37580871582
48.1599998474121	290.159057617188
48.1800003051758	293.04638671875
48.2000007629395	176.404678344727
48.2200012207031	209.901275634766
48.2400016784668	190.194808959961
48.2599983215332	345.780120849609
48.2799987792969	192.087982177734
48.2999992370605	123.714424133301
48.3199996948242	210.792190551758
48.3400001525879	365.181030273438
48.3600006103516	296.514526367188
48.3800010681152	282.839752197266
48.4000015258789	306.993713378906
48.4199981689453	424.307525634766
48.439998626709	312.289520263672
48.4599990844727	175.517593383789
48.4799995422363	94.8139724731445
48.5	196.830093383789
48.5200004577637	269.736999511719
48.5400009155273	159.486587524414
48.560001373291	250.50700378418
48.5800018310547	236.578750610352
48.5999984741211	298
48.6199989318848	411.125427246094
48.6399993896484	223.926620483398
48.6599998474121	266.784454345703
48.6800003051758	363.233276367188
48.7000007629395	293.903167724609
48.7200012207031	307.725433349609
48.7400016784668	282.989410400391
48.7599983215332	131.997955322266
48.7799987792969	246.024017333984
48.7999992370605	172.158981323242
48.8199996948242	196.85954284668
48.8400001525879	245.199508666992
48.8600006103516	307.811614990234
48.8800010681152	264.118377685547
48.9000015258789	259.632873535156
48.9199981689453	342.898834228516
48.939998626709	280.287109375
48.9599990844727	292.320617675781
48.9799995422363	297.677093505859
49	242.850875854492
49.0200004577637	261.462493896484
49.0400009155273	249.458572387695
49.060001373291	492.7099609375
49.0800018310547	328.759460449219
49.0999984741211	373.02587890625
49.1199989318848	277.410766601563
49.1399993896484	388.677154541016
49.1599998474121	332.598297119141
49.1800003051758	528.858764648438
49.2000007629395	561.481689453125
49.2200012207031	684.202331542969
49.2400016784668	748.539916992188
49.2599983215332	870.52001953125
49.2799987792969	714.042846679688
49.2999992370605	955.330200195313
49.3199996948242	1118.11499023438
49.3400001525879	1285.50927734375
49.3600006103516	1321.8837890625
49.3800010681152	1941.578125
49.4000015258789	3340.93481445313
49.4199981689453	7002.44775390625
49.439998626709	14828.3271484375
49.4599990844727	18049.8359375
49.4799995422363	11943.0556640625
49.5	6200.00244140625
49.5200004577637	4766.12744140625
49.5400009155273	4981.99853515625
49.560001373291	8470.265625
49.5800018310547	11681.3330078125
49.5999984741211	11813.6494140625
49.6199989318848	7065.8828125
49.6399993896484	4327.357421875
49.6599998474121	2892.50048828125
49.6800003051758	2620.55590820313
49.7000007629395	2717.677734375
49.7200012207031	2572.1005859375
49.7400016784668	2503.11743164063
49.7599983215332	1620.97485351563
49.7799987792969	1332.19201660156
49.7999992370605	1004.29473876953
49.8199996948242	735.535400390625
49.8400001525879	550.437927246094
49.8600006103516	655.263488769531
49.8800010681152	519.03515625
49.9000015258789	508.840942382813
49.9199981689453	198.334976196289
49.939998626709	363.767578125
49.9599990844727	320.693115234375
49.9799995422363	441.341156005859
50	259.686157226563
50.0200004577637	340.414825439453
50.0400009155273	426.074340820313
50.060001373291	273.968048095703
50.0800018310547	270.726043701172
50.0999984741211	192.462112426758
50.1199989318848	168.459197998047
50.1399993896484	391.790222167969
50.1599998474121	227.181854248047
50.1800003051758	305.575042724609
50.2000007629395	354.665588378906
50.2200012207031	176.520034790039
50.2400016784668	354.902404785156
50.2599983215332	83.2150802612305
50.2799987792969	386.148284912109
50.2999992370605	335.371337890625
50.3199996948242	292.52587890625
50.3400001525879	235.237731933594
50.3600006103516	326.440063476563
50.3800010681152	183.628387451172
50.4000015258789	165.369659423828
50.4199981689453	238.488235473633
50.439998626709	288.666351318359
50.4599990844727	358.865539550781
50.4799995422363	192.493530273438
50.5	232.248107910156
50.5200004577637	138.225814819336
50.5400009155273	184.852645874023
50.560001373291	198.27409362793
50.5800018310547	487.397155761719
50.5999984741211	257.918334960938
50.6199989318848	333.003875732422
50.6399993896484	222.699768066406
50.6599998474121	218.865203857422
50.6800003051758	282.983947753906
50.7000007629395	281.800720214844
50.7200012207031	214.560623168945
50.7400016784668	262.168823242188
50.7599983215332	173.622055053711
50.7799987792969	159.483871459961
50.7999992370605	298.380859375
50.8199996948242	323.986724853516
50.8400001525879	329.035278320313
50.8600006103516	287.189147949219
50.8800010681152	134.469024658203
50.9000015258789	227.416809082031
50.9199981689453	188.844863891602
50.939998626709	299.807800292969
50.9599990844727	314.700561523438
50.9799995422363	339.813812255859
51	264.175079345703
51.0200004577637	245.66162109375
51.0400009155273	222.998580932617
51.060001373291	322.434906005859
51.0800018310547	356.821105957031
51.0999984741211	382.187622070313
51.1199989318848	436.657318115234
51.1399993896484	504.952758789063
51.1599998474121	496.784118652344
51.1800003051758	833.441589355469
51.2000007629395	943.386413574219
51.2200012207031	1158.91271972656
51.2400016784668	839.600219726563
51.2599983215332	639.751281738281
51.2799987792969	326.305389404297
51.2999992370605	493.149505615234
51.3199996948242	716.311828613281
51.3400001525879	790.680419921875
51.3600006103516	552.427734375
51.3800010681152	428.812255859375
51.4000015258789	227.795181274414
51.4199981689453	394.691070556641
51.439998626709	286.635375976563
51.4599990844727	387.221221923828
51.4799995422363	277.488037109375
51.5	184.083724975586
51.5200004577637	273.311767578125
51.5400009155273	362.078186035156
51.560001373291	386.972412109375
51.5800018310547	307.943664550781
51.5999984741211	231.483795166016
51.6199989318848	362.816589355469
51.6399993896484	294.501098632813
51.6599998474121	255.721786499023
51.6800003051758	172.457580566406
51.7000007629395	207.037628173828
51.7200012207031	273.28173828125
51.7400016784668	320.710632324219
51.7599983215332	413.523376464844
51.7799987792969	712.291137695313
51.7999992370605	896.176574707031
51.8199996948242	859.363403320313
51.8400001525879	974.535949707031
51.8600006103516	563.347045898438
51.8800010681152	430.349578857422
51.9000015258789	472.840667724609
51.9199981689453	613.783020019531
51.939998626709	777.086608886719
51.9599990844727	841.663818359375
51.9799995422363	574.431640625
52	475.776214599609
52.0200004577637	340.864837646484
52.0400009155273	310.831146240234
52.060001373291	359.305084228516
52.0800018310547	363.157379150391
52.0999984741211	341.669738769531
52.1199989318848	288.889251708984
52.1399993896484	231.158447265625
52.1599998474121	78.8876953125
52.1800003051758	356.717102050781
52.2000007629395	244.734603881836
52.2200012207031	127.362617492676
52.2400016784668	271.273956298828
52.2599983215332	241.398895263672
52.2799987792969	130.960571289063
52.2999992370605	67.3747634887695
52.3199996948242	287.614593505859
52.3400001525879	208.945495605469
52.3600006103516	346.425415039063
52.3800010681152	223.675872802734
52.4000015258789	228.218795776367
52.4199981689453	295.120269775391
52.439998626709	247.523834228516
52.4599990844727	180.423767089844
52.4799995422363	282.016021728516
52.5	279.467926025391
52.5200004577637	128.146575927734
52.5400009155273	237.181137084961
52.560001373291	259.986267089844
52.5800018310547	319.905517578125
52.5999984741211	229.892959594727
52.6199989318848	128.971939086914
52.6399993896484	155.073623657227
52.6599998474121	174.498733520508
52.6800003051758	135.30192565918
52.7000007629395	186.694244384766
52.7200012207031	263.078948974609
52.7400016784668	132.68928527832
52.7599983215332	225.782852172852
52.7799987792969	235.447723388672
52.7999992370605	70.5700073242188
52.8199996948242	163.361953735352
52.8400001525879	226.587631225586
52.8600006103516	114.050163269043
52.8800010681152	86.8948135375977
52.9000015258789	249.549835205078
52.9199981689453	213.559158325195
52.939998626709	124.430656433105
52.9599990844727	104.839462280273
52.9799995422363	149.902191162109
53	209.514236450195
53.0200004577637	262.300933837891
53.0400009155273	182.858612060547
53.060001373291	181.932556152344
53.0800018310547	213.83740234375
53.0999984741211	346.516052246094
53.1199989318848	194.921203613281
53.1399993896484	301.303558349609
53.1599998474121	145.939971923828
53.1800003051758	205.975173950195
53.2000007629395	281.922241210938
53.2200012207031	238.057678222656
53.2400016784668	243.116271972656
53.2599983215332	154.927062988281
53.2799987792969	226.483200073242
53.2999992370605	234.102676391602
53.3199996948242	210.519058227539
53.3400001525879	294.838195800781
53.3600006103516	86.371467590332
53.3800010681152	169.95735168457
53.4000015258789	340.482238769531
53.4199981689453	202.408004760742
53.439998626709	229.18830871582
53.4599990844727	221.030532836914
53.4799995422363	170.575210571289
53.5	184.080276489258
53.5200004577637	157.379211425781
53.5400009155273	277.198211669922
53.560001373291	205.588348388672
53.5800018310547	151.642456054688
53.5999984741211	254.650161743164
53.6199989318848	269.527557373047
53.6399993896484	222.708694458008
53.6599998474121	186.597274780273
53.6800003051758	109.07315826416
53.7000007629395	113.947372436523
53.7200012207031	172.706008911133
53.7400016784668	314.762939453125
53.7599983215332	323.619537353516
53.7799987792969	204.910339355469
53.7999992370605	256.451782226563
53.8199996948242	182.704513549805
53.8400001525879	231.530838012695
53.8600006103516	200.953948974609
53.8800010681152	289.358459472656
53.9000015258789	220.918319702148
53.9199981689453	328.227447509766
53.939998626709	160.756637573242
53.9599990844727	293.403381347656
53.9799995422363	285.836242675781
54	48.0640869140625
54.0200004577637	180.582000732422
54.0400009155273	262.363403320313
54.060001373291	221.736801147461
54.0800018310547	146.542846679688
54.0999984741211	175.035980224609
54.1199989318848	219.391708374023
54.1399993896484	328.6396484375
54.1599998474121	278.591461181641
54.1800003051758	160.169815063477
54.2000007629395	205.575485229492
54.2200012207031	202.776519775391
54.2400016784668	285.096343994141
54.2599983215332	163.035888671875
54.2799987792969	135.495101928711
54.2999992370605	186.730712890625
54.3199996948242	285.932342529297
54.3400001525879	173.737747192383
54.3600006103516	281.610626220703
54.3800010681152	157.138244628906
54.4000015258789	168.897857666016
54.4199981689453	245.013885498047
54.439998626709	127.307609558105
54.4599990844727	182.739639282227
54.4799995422363	242.597076416016
54.5	268.968841552734
54.5200004577637	264.654144287109
54.5400009155273	163.836730957031
54.560001373291	386.274566650391
54.5800018310547	221.660430908203
54.5999984741211	215.492065429688
54.6199989318848	337.912170410156
54.6399993896484	200.378326416016
54.6599998474121	124.340957641602
54.6800003051758	223.484573364258
54.7000007629395	65.3549346923828
54.7200012207031	171.487380981445
54.7400016784668	198.018692016602
54.7599983215332	194.611236572266
54.7799987792969	207.516891479492
54.7999992370605	180.864822387695
54.8199996948242	181.554306030273
54.8400001525879	224.246932983398
54.8600006103516	172.229965209961
54.8800010681152	114.054298400879
54.9000015258789	288.604370117188
54.9199981689453	277.749572753906
54.939998626709	303.700378417969
54.9599990844727	297.094177246094
54.9799995422363	112.383712768555
55	202.504623413086
55.0200004577637	278.008758544922
55.0400009155273	149.080490112305
55.060001373291	333.3115234375
55.0800018310547	170.284957885742
55.0999984741211	143.490264892578
55.1199989318848	304.794738769531
55.1399993896484	230.934341430664
55.1599998474121	232.951858520508
55.1800003051758	169.707733154297
55.2000007629395	260.075042724609
55.2200012207031	267.063568115234
55.2400016784668	220.163955688477
55.2599983215332	190.056793212891
55.2799987792969	182.364044189453
55.2999992370605	272.875885009766
55.3199996948242	251.78581237793
55.3400001525879	221.171493530273
55.3600006103516	280.490509033203
55.3800010681152	295.495086669922
55.4000015258789	298.481140136719
55.4199981689453	355.102325439453
55.439998626709	259.718017578125
55.4599990844727	210.879379272461
55.4799995422363	167.63850402832
55.5	115.191459655762
55.5200004577637	85.6312484741211
55.5400009155273	215.011947631836
55.560001373291	164.297332763672
55.5800018310547	216.305801391602
55.5999984741211	89.1547164916992
55.6199989318848	261.043060302734
55.6399993896484	217.898178100586
55.6599998474121	138.887283325195
55.6800003051758	346.338256835938
55.7000007629395	97.4152069091797
55.7200012207031	181.299606323242
55.7400016784668	248.484527587891
55.7599983215332	306.896728515625
55.7799987792969	138.397644042969
55.7999992370605	171.178680419922
55.8199996948242	315.526092529297
55.8400001525879	203.487350463867
55.8600006103516	335.241729736328
55.8800010681152	247.202301025391
55.9000015258789	240.39714050293
55.9199981689453	306.803924560547
55.939998626709	146.556228637695
55.9599990844727	246.762008666992
55.9799995422363	215.730484008789
56	234.872024536133
56.0200004577637	258.383422851563
56.0400009155273	247.701187133789
56.060001373291	118.048057556152
56.0800018310547	234.458572387695
56.0999984741211	216.472290039063
56.1199989318848	247.299499511719
56.1399993896484	236.616180419922
56.1599998474121	258.666412353516
56.1800003051758	167.286254882813
56.2000007629395	296.317077636719
56.2200012207031	277.356140136719
56.2400016784668	247.748001098633
56.2599983215332	413.359985351563
56.2799987792969	423.898895263672
56.2999992370605	363.616333007813
56.3199996948242	368.607971191406
56.3400001525879	351.733032226563
56.3600006103516	382.337738037109
56.3800010681152	602.214233398438
56.4000015258789	658.937683105469
56.4199981689453	709.232116699219
56.439998626709	925.626037597656
56.4599990844727	1361.50500488281
56.4799995422363	1857.67700195313
56.5	2376.4404296875
56.5200004577637	3398.5234375
56.5400009155273	4124.84716796875
56.560001373291	3576.34814453125
56.5800018310547	2261.951171875
56.5999984741211	1619.62121582031
56.6199989318848	1553.28747558594
56.6399993896484	1497.27954101563
56.6599998474121	1594.61560058594
56.6800003051758	2168.6826171875
56.7000007629395	2397.66723632813
56.7200012207031	1874.69116210938
56.7400016784668	1233.87463378906
56.7599983215332	1113.24841308594
56.7799987792969	948.853881835938
56.7999992370605	1266.12622070313
56.8199996948242	1568.42980957031
56.8400001525879	1912.78405761719
56.8600006103516	1722.96325683594
56.8800010681152	1465.91394042969
56.9000015258789	1214.90808105469
56.9199981689453	1075.33361816406
56.939998626709	877.752807617188
56.9599990844727	1024.67578125
56.9799995422363	1133.2431640625
57	942.894287109375
57.0200004577637	1059.81677246094
57.0400009155273	750.020568847656
57.060001373291	623.772583007813
57.0800018310547	449.285522460938
57.0999984741211	418.697113037109
57.1199989318848	337.006439208984
57.1399993896484	351.649749755859
57.1599998474121	335.103942871094
57.1800003051758	294.422515869141
57.2000007629395	344.635406494141
57.2200012207031	401.339538574219
57.2400016784668	330.834716796875
57.2599983215332	335.449005126953
57.2799987792969	141.994247436523
57.2999992370605	302.916473388672
57.3199996948242	505.226898193359
57.3400001525879	229.326629638672
57.3600006103516	221.863754272461
57.3800010681152	285.416595458984
57.4000015258789	292.264617919922
57.4199981689453	139.325347900391
57.439998626709	206.755172729492
57.4599990844727	183.163726806641
57.4799995422363	150.849227905273
57.5	280.361968994141
57.5200004577637	329.034881591797
57.5400009155273	261.306274414063
57.560001373291	218.796157836914
57.5800018310547	262.575134277344
57.5999984741211	229.753311157227
57.6199989318848	178.075592041016
57.6399993896484	335.516204833984
57.6599998474121	275.607971191406
57.6800003051758	282.0908203125
57.7000007629395	363.008575439453
57.7200012207031	214.642669677734
57.7400016784668	246.327407836914
57.7599983215332	243.746994018555
57.7799987792969	250.673751831055
57.7999992370605	271.533508300781
57.8199996948242	141.641860961914
57.8400001525879	216.968154907227
57.8600006103516	217.874908447266
57.8800010681152	199.370620727539
57.9000015258789	131.328826904297
57.9199981689453	291.8203125
57.939998626709	224.30744934082
57.9599990844727	202.182662963867
57.9799995422363	152.616088867188
58	222.551849365234
58.0200004577637	168.794082641602
58.0400009155273	268.202789306641
58.060001373291	303.0029296875
58.0800018310547	254.562301635742
58.0999984741211	229.47624206543
58.1199989318848	251.760513305664
58.1399993896484	207.481491088867
58.1599998474121	89.8992767333984
58.1800003051758	152.846450805664
58.2000007629395	146.400451660156
58.2200012207031	261.376525878906
58.2400016784668	176.646636962891
58.2599983215332	192.362060546875
58.2799987792969	245.498077392578
58.2999992370605	247.943908691406
58.3199996948242	161.251419067383
58.3400001525879	273.430541992188
58.3600006103516	167.856796264648
58.3800010681152	330.899993896484
58.4000015258789	253.592575073242
58.4199981689453	167.362274169922
58.439998626709	206.665344238281
58.4599990844727	252.952774047852
58.4799995422363	210.378860473633
58.5	157.617950439453
58.5200004577637	127.463111877441
58.5400009155273	67.8761291503906
58.560001373291	276.912811279297
58.5800018310547	424.451965332031
58.5999984741211	239.982025146484
58.6199989318848	229.075805664063
58.6399993896484	66.9177932739258
58.6599998474121	277.070678710938
58.6800003051758	158.339828491211
58.7000007629395	296.619354248047
58.7200012207031	169.906707763672
58.7400016784668	192.014434814453
58.7599983215332	258.245025634766
58.7799987792969	273.981140136719
58.7999992370605	290.052185058594
58.8199996948242	306.875854492188
58.8400001525879	134.59130859375
58.8600006103516	151.094787597656
58.8800010681152	235.191070556641
58.9000015258789	277.641235351563
58.9199981689453	202.439712524414
58.939998626709	224.452331542969
58.9599990844727	244.060394287109
58.9799995422363	229.949111938477
59	164.655319213867
59.0200004577637	289.064636230469
59.0400009155273	160.704620361328
59.060001373291	149.257049560547
59.0800018310547	195.688125610352
59.0999984741211	211.039443969727
59.1199989318848	202.07307434082
59.1399993896484	230.437286376953
59.1599998474121	204.407302856445
59.1800003051758	214.237396240234
59.2000007629395	190.084869384766
59.2200012207031	220.048034667969
59.2400016784668	259.238555908203
59.2599983215332	178.42073059082
59.2799987792969	276.682708740234
59.2999992370605	303.937316894531
59.3199996948242	134.650772094727
59.3400001525879	273.447967529297
59.3600006103516	172.078262329102
59.3800010681152	173.21598815918
59.4000015258789	221.340560913086
59.4199981689453	191.961288452148
59.439998626709	239.117156982422
59.4599990844727	253.470962524414
59.4799995422363	283.953918457031
59.5	101.546989440918
59.5200004577637	243.744659423828
59.5400009155273	257.639129638672
59.560001373291	149.526947021484
59.5800018310547	224.520034790039
59.5999984741211	284.23095703125
59.6199989318848	157.15608215332
59.6399993896484	96.8174896240234
59.6599998474121	130.906356811523
59.6800003051758	191.480133056641
59.7000007629395	239.004592895508
59.7200012207031	281.317108154297
59.7400016784668	207.439102172852
59.7599983215332	230.086334228516
59.7799987792969	239.688003540039
59.7999992370605	163.809539794922
59.8199996948242	261.879730224609
59.8400001525879	265.4794921875
59.8600006103516	110.737976074219
59.8800010681152	327.065002441406
59.9000015258789	255.581817626953
59.9199981689453	253.355972290039
59.939998626709	222.392044067383
59.9599990844727	102.373596191406
59.9799995422363	221.650268554688
60	252.245483398438
60.0200004577637	93.3506851196289
60.0400009155273	176.637924194336
60.060001373291	197.835571289063
60.0800018310547	233.452499389648
60.0999984741211	180.01432800293
60.1199989318848	173.30729675293
60.1399993896484	239.108474731445
60.1599998474121	89.550910949707
60.1800003051758	181.70637512207
60.2000007629395	245.017578125
60.2200012207031	120.223365783691
60.2400016784668	336.391052246094
60.2599983215332	166.593978881836
60.2799987792969	313.950836181641
60.2999992370605	307.593994140625
60.3199996948242	197.259887695313
60.3400001525879	267.233337402344
60.3600006103516	283.713745117188
60.3800010681152	293.491668701172
60.4000015258789	341.888977050781
60.4199981689453	306.229339599609
60.439998626709	327.025543212891
60.4599990844727	363.40869140625
60.4799995422363	435.378631591797
60.5	422.861175537109
60.5200004577637	495.782531738281
60.5400009155273	952.893249511719
60.560001373291	1092.22229003906
60.5800018310547	2082.169921875
60.5999984741211	3671.1494140625
60.6199989318848	3531.49975585938
60.6399993896484	2419.27294921875
60.6599998474121	1425.81909179688
60.6800003051758	981.048889160156
60.7000007629395	751.18310546875
60.7200012207031	1036.27270507813
60.7400016784668	1474.09814453125
60.7599983215332	1863.98767089844
60.7799987792969	2074.59497070313
60.7999992370605	1800.18676757813
60.8199996948242	1009.67633056641
60.8400001525879	718.338134765625
60.8600006103516	407.254516601563
60.8800010681152	363.329498291016
60.9000015258789	429.122009277344
60.9199981689453	355.434478759766
60.939998626709	286.393920898438
60.9599990844727	212.167617797852
60.9799995422363	372.728698730469
61	424.270721435547
61.0200004577637	302.779266357422
61.0400009155273	224.712448120117
61.060001373291	223.728561401367
61.0800018310547	215.692291259766
61.0999984741211	261.798767089844
61.1199989318848	204.975784301758
61.1399993896484	123.740669250488
61.1599998474121	205.931671142578
61.1800003051758	204.05842590332
61.2000007629395	358.196868896484
61.2200012207031	176.251098632813
61.2400016784668	334.066070556641
61.2599983215332	307.376953125
61.2799987792969	188.571578979492
61.2999992370605	267.498382568359
61.3199996948242	147.944198608398
61.3400001525879	233.861129760742
61.3600006103516	129.48291015625
61.3800010681152	207.838500976563
61.4000015258789	78.3665313720703
61.4199981689453	254.058227539063
61.439998626709	226.599685668945
61.4599990844727	133.761703491211
61.4799995422363	147.232894897461
61.5	222.670700073242
61.5200004577637	155.343109130859
61.5400009155273	194.230133056641
61.560001373291	176.875625610352
61.5800018310547	280.165649414063
61.5999984741211	248.821105957031
61.6199989318848	174.540863037109
61.6399993896484	325.863525390625
61.6599998474121	139.114868164063
61.6800003051758	281.894744873047
61.7000007629395	200.782287597656
61.7200012207031	257.681213378906
61.7400016784668	268.421875
61.7599983215332	195.835494995117
61.7799987792969	322.796112060547
61.7999992370605	244.163055419922
61.8199996948242	220.638763427734
61.8400001525879	209.10124206543
61.8600006103516	177.767059326172
61.8800010681152	289.859985351563
61.9000015258789	296.556579589844
61.9199981689453	207.130233764648
61.939998626709	168.78369140625
61.9599990844727	204.006988525391
61.9799995422363	148.300247192383
62	337.042541503906
62.0200004577637	222.483093261719
62.0400009155273	370.911743164063
62.060001373291	268.570220947266
62.0800018310547	289.308898925781
62.0999984741211	408.685974121094
62.1199989318848	357.920288085938
62.1399993896484	246.728561401367
62.1599998474121	257.987854003906
62.1800003051758	211.055404663086
62.2000007629395	249.886810302734
62.2200012207031	361.085571289063
62.2400016784668	215.291854858398
62.2599983215332	174.861389160156
62.2799987792969	243.535720825195
62.2999992370605	297.162872314453
62.3199996948242	310.483551025391
62.3400001525879	163.499267578125
62.3600006103516	109.11262512207
62.3800010681152	330.139526367188
62.4000015258789	259.801849365234
62.4199981689453	232.451553344727
62.439998626709	255.092956542969
62.4599990844727	235.273468017578
62.4799995422363	180.424468994141
62.5	399.225524902344
62.5200004577637	357.976837158203
62.5400009155273	302.1318359375
62.560001373291	322.961791992188
62.5800018310547	315.415832519531
62.5999984741211	292.064300537109
62.6199989318848	293.714904785156
62.6399993896484	482.742553710938
62.6599998474121	527.037292480469
62.6800003051758	390.042419433594
62.7000007629395	692.528564453125
62.7200012207031	785.509948730469
62.7400016784668	1144.65954589844
62.7599983215332	1538.888671875
62.7799987792969	1875.66320800781
62.7999992370605	1810.46179199219
62.8199996948242	1588.89025878906
62.8400001525879	1415.63732910156
62.8600006103516	620.012084960938
62.8800010681152	737.833862304688
62.9000015258789	806.931823730469
62.9199981689453	798.669128417969
62.939998626709	1145.93579101563
62.9599990844727	1241.59704589844
62.9799995422363	1009.92614746094
63	883.320922851563
63.0200004577637	693.54296875
63.0400009155273	624.483520507813
63.060001373291	407.403991699219
63.0800018310547	440.995849609375
63.0999984741211	330.71142578125
63.1199989318848	475.063873291016
63.1399993896484	425.198669433594
63.1599998474121	469.840179443359
63.1800003051758	406.640045166016
63.2000007629395	394.750366210938
63.2200012207031	351.51611328125
63.2400016784668	269.162048339844
63.2599983215332	276.515533447266
63.2799987792969	240.269882202148
63.2999992370605	368.619140625
63.3199996948242	341.434478759766
63.3400001525879	248.631561279297
63.3600006103516	255.649139404297
63.3800010681152	431.999420166016
63.4000015258789	386.449798583984
63.4199981689453	313.258331298828
63.439998626709	339.599334716797
63.4599990844727	471.406646728516
63.4799995422363	425.6083984375
63.5	346.727813720703
63.5200004577637	554.224731445313
63.5400009155273	506.009460449219
63.560001373291	478.620086669922
63.5800018310547	659.728393554688
63.5999984741211	742.308715820313
63.6199989318848	959.424621582031
63.6399993896484	1272.62670898438
63.6599998474121	1545.38977050781
63.6800003051758	1770.361328125
63.7000007629395	1733.8779296875
63.7200012207031	1595.95361328125
63.7400016784668	1071.5224609375
63.7599983215332	1021.07269287109
63.7799987792969	772.384399414063
63.7999992370605	850.757873535156
63.8199996948242	819.878723144531
63.8400001525879	902.6435546875
63.8600006103516	1136.38891601563
63.8800010681152	909.021911621094
63.9000015258789	822.405822753906
63.9199981689453	687.993286132813
63.939998626709	664.116149902344
63.9599990844727	555.50537109375
63.9799995422363	294.021423339844
64	303.527923583984
64.0199966430664	313.262878417969
64.0400009155273	295.162963867188
64.0599975585938	345.155548095703
64.0800018310547	464.284271240234
64.0999984741211	197.165893554688
64.120002746582	236.206161499023
64.1399993896484	230.377044677734
64.1600036621094	349.583801269531
64.1800003051758	296.17822265625
64.1999969482422	224.448654174805
64.2200012207031	306.321319580078
64.2399978637695	251.013107299805
64.2600021362305	261.556030273438
64.2799987792969	212.714767456055
64.3000030517578	118.26789855957
64.3199996948242	80.2186126708984
64.3399963378906	294.214233398438
64.3600006103516	278.390197753906
64.379997253418	340.11083984375
64.4000015258789	178.869720458984
64.4199981689453	218.473129272461
64.4400024414063	242.894973754883
64.4599990844727	378.240173339844
64.4800033569336	270.55810546875
64.5	231.607772827148
64.5199966430664	346.412109375
64.5400009155273	297.944396972656
64.5599975585938	196.220153808594
64.5800018310547	304.196411132813
64.5999984741211	292.274505615234
64.620002746582	265.600646972656
64.6399993896484	296.572204589844
64.6600036621094	248.284271240234
64.6800003051758	249.839508056641
64.6999969482422	219.91618347168
64.7200012207031	204.473999023438
64.7399978637695	192.252838134766
64.7600021362305	226.094772338867
64.7799987792969	238.554412841797
64.8000030517578	335.771728515625
64.8199996948242	228.269927978516
64.8399963378906	160.445281982422
64.8600006103516	93.2987976074219
64.879997253418	116.11890411377
64.9000015258789	234.37434387207
64.9199981689453	222.016708374023
64.9400024414063	229.793655395508
64.9599990844727	344.712921142578
64.9800033569336	127.817764282227
65	326.689117431641
65.0199966430664	281.337493896484
65.0400009155273	195.480102539063
65.0599975585938	215.602294921875
65.0800018310547	209.567855834961
65.0999984741211	258.929992675781
65.120002746582	251.446334838867
65.1399993896484	329.812194824219
65.1600036621094	212.968841552734
65.1800003051758	180.798828125
65.1999969482422	255.612365722656
65.2200012207031	318.434753417969
65.2399978637695	239.659698486328
65.2600021362305	290.246520996094
65.2799987792969	323.243316650391
65.3000030517578	236.0888671875
65.3199996948242	168.694961547852
65.3399963378906	312.142272949219
65.3600006103516	245.153381347656
65.379997253418	189.628616333008
65.4000015258789	315.588165283203
65.4199981689453	215.242721557617
65.4400024414063	221.613388061523
65.4599990844727	203.569458007813
65.4800033569336	252.072875976563
65.5	265.176177978516
65.5199966430664	231.218032836914
65.5400009155273	401.448669433594
65.5599975585938	353.468383789063
65.5800018310547	270.543914794922
65.5999984741211	365.240905761719
65.620002746582	334.606903076172
65.6399993896484	468.149780273438
65.6600036621094	484.027618408203
65.6800003051758	508.200164794922
65.6999969482422	708.197814941406
65.7200012207031	659.759765625
65.7399978637695	859.723937988281
65.7600021362305	956.986999511719
65.7799987792969	1241.98474121094
65.8000030517578	1473.28295898438
65.8199996948242	1631.19653320313
65.8399963378906	1738.23913574219
65.8600006103516	1632.35473632813
65.879997253418	1234.68115234375
65.9000015258789	954.715393066406
65.9199981689453	867.476013183594
65.9400024414063	647.969482421875
65.9599990844727	906.33740234375
65.9800033569336	859.373046875
66	992.991943359375
66.0199966430664	1019.15661621094
66.0400009155273	973.658935546875
66.0599975585938	734.575500488281
66.0800018310547	667.352172851563
66.0999984741211	526.220764160156
66.120002746582	506.515594482422
66.1399993896484	469.940734863281
66.1600036621094	406.604370117188
66.1800003051758	425.398712158203
66.1999969482422	479.962677001953
66.2200012207031	643.061706542969
66.2399978637695	626.461059570313
66.2600021362305	576.366088867188
66.2799987792969	831.02001953125
66.3000030517578	918.459655761719
66.3199996948242	832.533569335938
66.3399963378906	907.308349609375
66.3600006103516	781.052001953125
66.379997253418	592.679626464844
66.4000015258789	462.107299804688
66.4199981689453	614.101806640625
66.4400024414063	521.491455078125
66.4599990844727	418.988983154297
66.4800033569336	737.3388671875
66.5	679.003356933594
66.5199966430664	728.769958496094
66.5400009155273	689.19140625
66.5599975585938	699.449890136719
66.5800018310547	611.848022460938
66.5999984741211	633.061340332031
66.620002746582	891.199829101563
66.6399993896484	804.264343261719
66.6600036621094	1120.10705566406
66.6800003051758	2049.63623046875
66.6999969482422	4079.84619140625
66.7200012207031	5694.86669921875
66.7399978637695	4743.01318359375
66.7600021362305	2709.98022460938
66.7799987792969	1648.09228515625
66.8000030517578	1358.40393066406
66.8199996948242	794.655090332031
66.8399963378906	989.955627441406
66.8600006103516	1305.63195800781
66.879997253418	2093.11181640625
66.9000015258789	2885.357421875
66.9199981689453	3003.32934570313
66.9400024414063	2018.41674804688
66.9599990844727	1195.59204101563
66.9800033569336	767.814697265625
67	688.674194335938
67.0199966430664	518.635925292969
67.0400009155273	396.953948974609
67.0599975585938	467.3681640625
67.0800018310547	280.830780029297
67.0999984741211	404.441009521484
67.120002746582	264.470611572266
67.1399993896484	269.763427734375
67.1600036621094	371.212677001953
67.1800003051758	326.375335693359
67.1999969482422	404.325592041016
67.2200012207031	336.314086914063
67.2399978637695	351.970764160156
67.2600021362305	343.668487548828
67.2799987792969	324.856353759766
67.3000030517578	389.156982421875
67.3199996948242	378.991760253906
67.3399963378906	343.355651855469
67.3600006103516	320.483581542969
67.379997253418	201.815200805664
67.4000015258789	413.516174316406
67.4199981689453	403.962219238281
67.4400024414063	343.913391113281
67.4599990844727	292.971801757813
67.4800033569336	272.850067138672
67.5	398.900451660156
67.5199966430664	327.830596923828
67.5400009155273	370.317718505859
67.5599975585938	354.882843017578
67.5800018310547	450.537261962891
67.5999984741211	431.504577636719
67.620002746582	434.914489746094
67.6399993896484	407.080596923828
67.6600036621094	575.99169921875
67.6800003051758	654.431396484375
67.6999969482422	506.539001464844
67.7200012207031	724.659729003906
67.7399978637695	520.014404296875
67.7600021362305	660.560241699219
67.7799987792969	652.198913574219
67.8000030517578	743.478759765625
67.8199996948242	845.080444335938
67.8399963378906	998.566772460938
67.8600006103516	1229.91870117188
67.879997253418	1460.9755859375
67.9000015258789	1722.88000488281
67.9199981689453	1538.37890625
67.9400024414063	1028.318359375
67.9599990844727	744.741271972656
67.9800033569336	598.430541992188
68	583.799438476563
68.0199966430664	587.358276367188
68.0400009155273	651.305603027344
68.0599975585938	959.808837890625
68.0800018310547	901.365539550781
68.0999984741211	949.732849121094
68.120002746582	796.053527832031
68.1399993896484	486.157928466797
68.1600036621094	378.892425537109
68.1800003051758	328.629486083984
68.1999969482422	335.857849121094
68.2200012207031	213.228088378906
68.2399978637695	211.395629882813
68.2600021362305	270.666015625
68.2799987792969	220.058364868164
68.3000030517578	253.207824707031
68.3199996948242	180.163452148438
68.3399963378906	320.441192626953
68.3600006103516	283.643310546875
68.379997253418	208.546646118164
68.4000015258789	320.666412353516
68.4199981689453	277.058868408203
68.4400024414063	112.445755004883
68.4599990844727	308.559020996094
68.4800033569336	279.244262695313
68.5	190.75895690918
68.5199966430664	298.782348632813
68.5400009155273	215.828140258789
68.5599975585938	367.664611816406
68.5800018310547	359.421356201172
68.5999984741211	342.915496826172
68.620002746582	396.61181640625
68.6399993896484	614.477416992188
68.6600036621094	795.304992675781
68.6800003051758	1340.44909667969
68.6999969482422	1354.62524414063
68.7200012207031	966.03466796875
68.7399978637695	939.503295898438
68.7600021362305	539.800537109375
68.7799987792969	303.552490234375
68.8000030517578	232.64714050293
68.8199996948242	521.270568847656
68.8399963378906	615.520385742188
68.8600006103516	668.676574707031
68.879997253418	820.067565917969
68.9000015258789	787.561340332031
68.9199981689453	688.827514648438
68.9400024414063	716.253967285156
68.9599990844727	750.015686035156
68.9800033569336	753.114868164063
69	887.643920898438
69.0199966430664	1316.59875488281
69.0400009155273	1127.47937011719
69.0599975585938	954.9267578125
69.0800018310547	777.556701660156
69.0999984741211	580.275207519531
69.120002746582	601.189514160156
69.1399993896484	531.038757324219
69.1600036621094	500.015411376953
69.1800003051758	440.34765625
69.1999969482422	558.789306640625
69.2200012207031	683.560424804688
69.2399978637695	691.660583496094
69.2600021362305	505.165344238281
69.2799987792969	546.2646484375
69.3000030517578	340.428314208984
69.3199996948242	300.792877197266
69.3399963378906	290.312438964844
69.3600006103516	376.811004638672
69.379997253418	160.046783447266
69.4000015258789	91.7763519287109
69.4199981689453	143.55110168457
69.4400024414063	223.400161743164
69.4599990844727	196.592041015625
69.4800033569336	216.480865478516
69.5	244.285690307617
69.5199966430664	196.319030761719
69.5400009155273	186.670333862305
69.5599975585938	280.678985595703
69.5800018310547	339.812835693359
69.5999984741211	231.574829101563
69.620002746582	132.275329589844
69.6399993896484	287.588165283203
69.6600036621094	332.610321044922
69.6800003051758	232.027618408203
69.6999969482422	196.221313476563
69.7200012207031	232.158203125
69.7399978637695	282.690155029297
69.7600021362305	263.470458984375
69.7799987792969	215.401229858398
69.8000030517578	299.261108398438
69.8199996948242	222.481430053711
69.8399963378906	241.531951904297
69.8600006103516	140.116470336914
69.879997253418	198.40673828125
69.9000015258789	216.629455566406
69.9199981689453	248.641326904297
69.9400024414063	198.487014770508
69.9599990844727	258.002258300781
69.9800033569336	255.35466003418
70	208.792114257813
70.0199966430664	207.772918701172
70.0400009155273	252.079132080078
70.0599975585938	149.267974853516
70.0800018310547	289.582092285156
70.0999984741211	175.526229858398
70.120002746582	224.085845947266
70.1399993896484	245.452239990234
70.1600036621094	284.485412597656
70.1800003051758	211.933044433594
70.1999969482422	264.573486328125
70.2200012207031	261.095367431641
70.2399978637695	248.461120605469
70.2600021362305	212.180435180664
70.2799987792969	181.907852172852
70.3000030517578	333.037017822266
70.3199996948242	276.161987304688
70.3399963378906	266.9970703125
70.3600006103516	277.262451171875
70.379997253418	130.453125
70.4000015258789	221.294891357422
70.4199981689453	247.90234375
70.4400024414063	192.975997924805
70.4599990844727	259.513732910156
70.4800033569336	218.09733581543
70.5	180.715148925781
70.5199966430664	288.422882080078
70.5400009155273	267.028259277344
70.5599975585938	194.256317138672
70.5800018310547	287.609649658203
70.5999984741211	140.999801635742
70.620002746582	251.594650268555
70.6399993896484	185.350387573242
70.6600036621094	197.864929199219
70.6800003051758	133.273986816406
70.6999969482422	158.789642333984
70.7200012207031	242.254791259766
70.7399978637695	212.31135559082
70.7600021362305	287.630432128906
70.7799987792969	253.866760253906
70.8000030517578	203.015441894531
70.8199996948242	187.468521118164
70.8399963378906	198.59065246582
70.8600006103516	243.257598876953
70.879997253418	259.417083740234
70.9000015258789	242.104919433594
70.9199981689453	307.446105957031
70.9400024414063	240.170791625977
70.9599990844727	243.381912231445
70.9800033569336	95.6515121459961
71	204.750869750977
71.0199966430664	225.619049072266
71.0400009155273	165.77799987793
71.0599975585938	178.87092590332
71.0800018310547	337.664703369141
71.0999984741211	284.836669921875
71.120002746582	234.715835571289
71.1399993896484	213.974380493164
71.1600036621094	239.036224365234
71.1800003051758	232.323150634766
71.1999969482422	408.696319580078
71.2200012207031	346.033996582031
71.2399978637695	144.515060424805
71.2600021362305	122.215995788574
71.2799987792969	199.87890625
71.3000030517578	162.814895629883
71.3199996948242	181.08415222168
71.3399963378906	175.077072143555
71.3600006103516	226.380035400391
71.379997253418	311.658447265625
71.4000015258789	241.331527709961
71.4199981689453	217.349700927734
71.4400024414063	137.229721069336
71.4599990844727	306.963439941406
71.4800033569336	327.124786376953
71.5	296.629913330078
71.5199966430664	282.375793457031
71.5400009155273	184.931274414063
71.5599975585938	276.378051757813
71.5800018310547	203.141830444336
71.5999984741211	130.891448974609
71.620002746582	255.057800292969
71.6399993896484	255.116912841797
71.6600036621094	143.051483154297
71.6800003051758	254.235076904297
71.6999969482422	248.781784057617
71.7200012207031	236.423187255859
71.7399978637695	401.505187988281
71.7600021362305	253.59309387207
71.7799987792969	282.440124511719
71.8000030517578	273.427337646484
71.8199996948242	214.962432861328
71.8399963378906	243.816116333008
71.8600006103516	298.563659667969
71.879997253418	283.96142578125
71.9000015258789	300.235900878906
71.9199981689453	339.973205566406
71.9400024414063	485.912841796875
71.9599990844727	494.690155029297
71.9800033569336	558.5224609375
72	650.991638183594
72.0199966430664	680.075500488281
72.0400009155273	900.050170898438
72.0599975585938	986.258056640625
72.0800018310547	976.084167480469
72.0999984741211	832.987426757813
72.120002746582	693.494079589844
72.1399993896484	566.17138671875
72.1600036621094	541.584106445313
72.1800003051758	485.083557128906
72.1999969482422	579.506713867188
72.2200012207031	500.065246582031
72.2399978637695	674.110290527344
72.2600021362305	526.620056152344
72.2799987792969	657.152526855469
72.3000030517578	628.977478027344
72.3199996948242	476.239410400391
72.3399963378906	457.836608886719
72.3600006103516	281.076812744141
72.379997253418	316.323181152344
72.4000015258789	372.961334228516
72.4199981689453	332.652984619141
72.4400024414063	435.168914794922
72.4599990844727	302.177429199219
72.4800033569336	267.459991455078
72.5	272.870025634766
72.5199966430664	246.932952880859
72.5400009155273	349.259368896484
72.5599975585938	358.203308105469
72.5800018310547	261.615753173828
72.5999984741211	163.245040893555
72.620002746582	150.945602416992
72.6399993896484	107.460311889648
72.6600036621094	159.246322631836
72.6800003051758	246.946304321289
72.6999969482422	288.074584960938
72.7200012207031	221.938735961914
72.7399978637695	237.074401855469
72.7600021362305	223.197021484375
72.7799987792969	290.170593261719
72.8000030517578	266.608947753906
72.8199996948242	218.684463500977
72.8399963378906	290.514862060547
72.8600006103516	207.925018310547
72.879997253418	244.788818359375
72.9000015258789	243.850814819336
72.9199981689453	127.592735290527
72.9400024414063	73.6544647216797
72.9599990844727	254.337493896484
72.9800033569336	215.729675292969
73	313.279144287109
73.0199966430664	261.226257324219
73.0400009155273	230.502502441406
73.0599975585938	167.025955200195
73.0800018310547	242.127960205078
73.0999984741211	249.442626953125
73.120002746582	382.432098388672
73.1399993896484	306.231750488281
73.1600036621094	290.588348388672
73.1800003051758	156.442123413086
73.1999969482422	147.676666259766
73.2200012207031	288.848815917969
73.2399978637695	160.66618347168
73.2600021362305	176.658584594727
73.2799987792969	291.25390625
73.3000030517578	265.346008300781
73.3199996948242	270.812927246094
73.3399963378906	291.561920166016
73.3600006103516	176.787658691406
73.379997253418	318.612915039063
73.4000015258789	338.246337890625
73.4199981689453	300.438812255859
73.4400024414063	326.385131835938
73.4599990844727	385.143005371094
73.4800033569336	297.615539550781
73.5	464.952911376953
73.5199966430664	604.183349609375
73.5400009155273	292.101867675781
73.5599975585938	317.645812988281
73.5800018310547	194.832778930664
73.5999984741211	388.565582275391
73.620002746582	276.640045166016
73.6399993896484	226.336013793945
73.6600036621094	147.816268920898
73.6800003051758	300.808380126953
73.6999969482422	342.205017089844
73.7200012207031	387.994934082031
73.7399978637695	367.059143066406
73.7600021362305	367.434875488281
73.7799987792969	373.158355712891
73.8000030517578	206.829498291016
73.8199996948242	290.336669921875
73.8399963378906	237.834091186523
73.8600006103516	267.932220458984
73.879997253418	299.515747070313
73.9000015258789	237.404907226563
73.9199981689453	319.451751708984
73.9400024414063	212.800552368164
73.9599990844727	217.150146484375
73.9800033569336	170.604614257813
74	212.929870605469
74.0199966430664	277.501373291016
74.0400009155273	95.4041748046875
74.0599975585938	208.274993896484
74.0800018310547	188.940887451172
74.0999984741211	305.283538818359
74.120002746582	237.224990844727
74.1399993896484	229.242202758789
74.1600036621094	287.606262207031
74.1800003051758	248.418884277344
74.1999969482422	232.189590454102
74.2200012207031	274.876281738281
74.2399978637695	331.996520996094
74.2600021362305	276.433410644531
74.2799987792969	169.59748840332
74.3000030517578	293.453430175781
74.3199996948242	316.746795654297
74.3399963378906	185.206558227539
74.3600006103516	155.483505249023
74.379997253418	257.373657226563
74.4000015258789	262.413635253906
74.4199981689453	162.102310180664
74.4400024414063	136.256591796875
74.4599990844727	215.871017456055
74.4800033569336	184.979431152344
74.5	218.064956665039
74.5199966430664	218.082778930664
74.5400009155273	266.215545654297
74.5599975585938	85.6274261474609
74.5800018310547	170.314605712891
74.5999984741211	175.810028076172
74.620002746582	134.20295715332
74.6399993896484	272.804077148438
74.6600036621094	258.166046142578
74.6800003051758	117.914199829102
74.6999969482422	266.799499511719
74.7200012207031	215.871704101563
74.7399978637695	282.820373535156
74.7600021362305	194.424758911133
74.7799987792969	201.272583007813
74.8000030517578	232.935836791992
74.8199996948242	229.788177490234
74.8399963378906	115.252494812012
74.8600006103516	305.147644042969
74.879997253418	227.573043823242
74.9000015258789	218.156005859375
74.9199981689453	258.106506347656
74.9400024414063	154.609970092773
74.9599990844727	250.045516967773
74.9800033569336	166.066772460938
75	292.259521484375
75.0199966430664	305.92431640625
75.0400009155273	243.975860595703
75.0599975585938	328.935821533203
75.0800018310547	249.361297607422
75.0999984741211	254.58625793457
75.120002746582	270.864959716797
75.1399993896484	263.838745117188
75.1600036621094	241.717529296875
75.1800003051758	213.153930664063
75.1999969482422	214.019668579102
75.2200012207031	220.893508911133
75.2399978637695	237.661026000977
75.2600021362305	310.890655517578
75.2799987792969	261.822296142578
75.3000030517578	373.450256347656
75.3199996948242	240.760040283203
75.3399963378906	365.647766113281
75.3600006103516	476.323791503906
75.379997253418	442.976379394531
75.4000015258789	313.461364746094
75.4199981689453	408.185760498047
75.4400024414063	548.195861816406
75.4599990844727	611.458618164063
75.4800033569336	587.487731933594
75.5	799.382690429688
75.5199966430664	807.124389648438
75.5400009155273	578.451416015625
75.5599975585938	711.846923828125
75.5800018310547	460.883850097656
75.5999984741211	485.306945800781
75.620002746582	423.545288085938
75.6399993896484	430.476226806641
75.6600036621094	377.960327148438
75.6800003051758	517.879821777344
75.6999969482422	564.670288085938
75.7200012207031	553.641052246094
75.7399978637695	691.947387695313
75.7600021362305	431.822204589844
75.7799987792969	504.369720458984
75.8000030517578	377.358001708984
75.8199996948242	280.890899658203
75.8399963378906	317.055114746094
75.8600006103516	352.044738769531
75.879997253418	276.125213623047
75.9000015258789	213.806655883789
75.9199981689453	294.365631103516
75.9400024414063	395.40625
75.9599990844727	372.187103271484
75.9800033569336	284.766571044922
76	248.425094604492
76.0199966430664	276.315734863281
76.0400009155273	295.732452392578
76.0599975585938	253.11882019043
76.0800018310547	312.040954589844
76.0999984741211	463.393859863281
76.120002746582	366.202758789063
76.1399993896484	440.147399902344
76.1600036621094	390.495086669922
76.1800003051758	436.458801269531
76.1999969482422	526.337524414063
76.2200012207031	671.657592773438
76.2399978637695	555.436462402344
76.2600021362305	838.776977539063
76.2799987792969	1231.7470703125
76.3000030517578	1441.69409179688
76.3199996948242	2842.5810546875
76.3399963378906	4512.3603515625
76.3600006103516	5360.587890625
76.379997253418	3919.78442382813
76.4000015258789	2986.46411132813
76.4199981689453	1614.16223144531
76.4400024414063	1200.31298828125
76.4599990844727	811.386291503906
76.4800033569336	796.524780273438
76.5	832.87158203125
76.5199966430664	1130.64599609375
76.5400009155273	1325.99267578125
76.5599975585938	2213.70825195313
76.5800018310547	2807.64453125
76.5999984741211	2496.90380859375
76.620002746582	1609.52026367188
76.6399993896484	1163.97888183594
76.6600036621094	805.772033691406
76.6800003051758	628.112487792969
76.6999969482422	392.532867431641
76.7200012207031	536.1630859375
76.7399978637695	372.100708007813
76.7600021362305	312.924346923828
76.7799987792969	355.123138427734
76.8000030517578	316.240600585938
76.8199996948242	372.480834960938
76.8399963378906	308.417846679688
76.8600006103516	399.714019775391
76.879997253418	435.474029541016
76.9000015258789	483.713775634766
76.9199981689453	448.690338134766
76.9400024414063	323.448272705078
76.9599990844727	362.735961914063
76.9800033569336	311.525848388672
77	389.255645751953
77.0199966430664	210.822814941406
77.0400009155273	195.499389648438
77.0599975585938	414.668334960938
77.0800018310547	297.02197265625
77.0999984741211	251.181137084961
77.120002746582	252.480926513672
77.1399993896484	425.081787109375
77.1600036621094	381.4033203125
77.1800003051758	413.064147949219
77.1999969482422	378.173614501953
77.2200012207031	249.689514160156
77.2399978637695	447.849060058594
77.2600021362305	373.898956298828
77.2799987792969	310.406555175781
77.3000030517578	259.003814697266
77.3199996948242	213.966644287109
77.3399963378906	162.948196411133
77.3600006103516	314.686981201172
77.379997253418	215.221069335938
77.4000015258789	155.471664428711
77.4199981689453	211.781402587891
77.4400024414063	142.215545654297
77.4599990844727	246.253768920898
77.4800033569336	252.337158203125
77.5	245.575408935547
77.5199966430664	233.97785949707
77.5400009155273	225.928802490234
77.5599975585938	166.497299194336
77.5800018310547	253.460586547852
77.5999984741211	297.504913330078
77.620002746582	167.234222412109
77.6399993896484	288.606506347656
77.6600036621094	190.667465209961
77.6800003051758	225.855606079102
77.6999969482422	141.283142089844
77.7200012207031	307.515289306641
77.7399978637695	284.366088867188
77.7600021362305	259.009613037109
77.7799987792969	247.599227905273
77.8000030517578	191.235534667969
77.8199996948242	162.327774047852
77.8399963378906	280.7451171875
77.8600006103516	227.077835083008
77.879997253418	219.108276367188
77.9000015258789	192.081787109375
77.9199981689453	96.7450714111328
77.9400024414063	225.081329345703
77.9599990844727	253.876373291016
77.9800033569336	265.149780273438
78	202.015258789063
78.0199966430664	194.439086914063
78.0400009155273	186.408843994141
78.0599975585938	274.576782226563
78.0800018310547	210.335372924805
78.0999984741211	242.618377685547
78.120002746582	245.495956420898
78.1399993896484	195.256011962891
78.1600036621094	148.494766235352
78.1800003051758	300.797668457031
78.1999969482422	238.884002685547
78.2200012207031	217.883529663086
78.2399978637695	217.000091552734
78.2600021362305	314.839416503906
78.2799987792969	228.505218505859
78.3000030517578	205.069000244141
78.3199996948242	223.486206054688
78.3399963378906	205.239776611328
78.3600006103516	154.544219970703
78.379997253418	139.859191894531
78.4000015258789	147.322647094727
78.4199981689453	86.5312347412109
78.4400024414063	202.378524780273
78.4599990844727	228.474395751953
78.4800033569336	290.675140380859
78.5	171.669418334961
78.5199966430664	196.687683105469
78.5400009155273	258.664642333984
78.5599975585938	246.692306518555
78.5800018310547	275.988739013672
78.5999984741211	209.707183837891
78.620002746582	211.598083496094
78.6399993896484	218.865783691406
78.6600036621094	247.552688598633
78.6800003051758	228.106536865234
78.6999969482422	310.538879394531
78.7200012207031	208.303802490234
78.7399978637695	236.324722290039
78.7600021362305	221.581726074219
78.7799987792969	224.949523925781
78.8000030517578	208.104415893555
78.8199996948242	183.398666381836
78.8399963378906	182.654525756836
78.8600006103516	250.28385925293
78.879997253418	172.276412963867
78.9000015258789	204.616424560547
78.9199981689453	254.046813964844
78.9400024414063	176.878616333008
78.9599990844727	238.35124206543
78.9800033569336	182.867965698242
79	84.5807266235352
79.0199966430664	359.0830078125
79.0400009155273	139.464309692383
79.0599975585938	249.382659912109
79.0800018310547	107.694686889648
79.0999984741211	153.535659790039
79.120002746582	163.983825683594
79.1399993896484	205.742889404297
79.1600036621094	130.177780151367
79.1800003051758	217.332962036133
79.1999969482422	187.495376586914
79.2200012207031	145.592514038086
79.2399978637695	105.950675964355
79.2600021362305	185.581726074219
79.2799987792969	172.866012573242
79.3000030517578	263.653778076172
79.3199996948242	226.408874511719
79.3399963378906	149.071182250977
79.3600006103516	244.451629638672
79.379997253418	309.302001953125
79.4000015258789	240.271942138672
79.4199981689453	191.202728271484
79.4400024414063	116.56884765625
79.4599990844727	118.014694213867
79.4800033569336	264.53369140625
79.5	288.688690185547
79.5199966430664	119.164367675781
79.5400009155273	197.52490234375
79.5599975585938	264.987518310547
79.5800018310547	182.44123840332
79.5999984741211	188.141052246094
79.620002746582	198.292587280273
79.6399993896484	187.347808837891
79.6600036621094	143.860900878906
79.6800003051758	242.456436157227
79.6999969482422	248.022384643555
79.7200012207031	118.148101806641
79.7399978637695	266.652313232422
79.7600021362305	204.389358520508
79.7799987792969	163.013336181641
79.8000030517578	205.820053100586
79.8199996948242	139.808242797852
79.8399963378906	304.312408447266
79.8600006103516	114.714813232422
79.879997253418	267.019409179688
79.9000015258789	210.480926513672
79.9199981689453	179.31103515625
79.9400024414063	170.064407348633
79.9599990844727	214.578598022461
79.9800033569336	311.437591552734
80	220.835800170898
