1_001{1}	
2θ, °	Intensity, counts
20	39.7440414428711
20.0200004577637	34.914665222168
20.0400009155273	54.0509300231934
20.0599994659424	34.582218170166
20.0799999237061	36.415225982666
20.1000003814697	57.0412635803223
20.1200008392334	46.2993278503418
20.1399993896484	43.8672904968262
20.1599998474121	60.1641998291016
20.1800003051758	29.506383895874
20.2000007629395	30.1091804504395
20.2199993133545	36.4182662963867
20.2399997711182	45.9667930603027
20.2600002288818	22.2839050292969
20.2800006866455	29.2566051483154
20.2999992370605	29.8813896179199
20.3199996948242	35.7319984436035
20.3400001525879	37.7806968688965
20.3600006103516	49.0259437561035
20.3799991607666	43.3491973876953
20.3999996185303	36.1719055175781
20.4200000762939	35.7607765197754
20.4400005340576	37.3524932861328
20.4599990844727	26.5292072296143
20.4799995422363	15.4143924713135
20.5	34.9056854248047
20.5200004577637	42.4346771240234
20.5400009155273	33.1738891601563
20.5599994659424	43.3308334350586
20.5799999237061	28.2222938537598
20.6000003814697	29.95778465271
20.6200008392334	15.0451736450195
20.6399993896484	46.9462776184082
20.6599998474121	19.535514831543
20.6800003051758	41.1723289489746
20.7000007629395	43.5747680664063
20.7199993133545	51.9359664916992
20.7399997711182	41.1946334838867
20.7600002288818	32.3990440368652
20.7800006866455	47.5693435668945
20.7999992370605	54.8402824401855
20.8199996948242	64.2233657836914
20.8400001525879	31.6800060272217
20.8600006103516	37.7929306030273
20.8799991607666	45.8973960876465
20.8999996185303	46.6416816711426
20.9200000762939	41.6495819091797
20.9400005340576	37.4796180725098
20.9599990844727	45.3575630187988
20.9799995422363	24.7941131591797
21	33.2079696655273
21.0200004577637	24.2197170257568
21.0400009155273	44.1025619506836
21.0599994659424	40.3068656921387
21.0799999237061	45.6119346618652
21.1000003814697	32.1719665527344
21.1200008392334	36.9287033081055
21.1399993896484	40.0041542053223
21.1599998474121	6.34858226776123
21.1800003051758	35.2281227111816
21.2000007629395	48.0143051147461
21.2199993133545	37.8083076477051
21.2399997711182	41.5493507385254
21.2600002288818	33.6210556030273
21.2800006866455	50.0728416442871
21.2999992370605	41.8427505493164
21.3199996948242	62.4146766662598
21.3400001525879	42.2429962158203
21.3600006103516	49.1904754638672
21.3799991607666	37.7987747192383
21.3999996185303	16.8326759338379
21.4200000762939	27.9452857971191
21.4400005340576	35.8560791015625
21.4599990844727	24.3414916992188
21.4799995422363	44.9998626708984
21.5	24.1540794372559
21.5200004577637	50.5961456298828
21.5400009155273	39.885612487793
21.5599994659424	40.2746887207031
21.5799999237061	21.4782428741455
21.6000003814697	33.9679527282715
21.6200008392334	34.8351173400879
21.6399993896484	43.1548271179199
21.6599998474121	35.2138938903809
21.6800003051758	41.7084808349609
21.7000007629395	25.1871490478516
21.7199993133545	19.9795627593994
21.7399997711182	48.6945877075195
21.7600002288818	41.5457649230957
21.7800006866455	17.4834213256836
21.7999992370605	25.5384864807129
21.8199996948242	42.1572608947754
21.8400001525879	29.6536388397217
21.8600006103516	37.0527229309082
21.8799991607666	43.8930358886719
21.8999996185303	38.7787857055664
21.9200000762939	43.1524391174316
21.9400005340576	31.6672534942627
21.9599990844727	29.4950923919678
21.9799995422363	39.7896194458008
22	44.9298210144043
22.0200004577637	41.6081085205078
22.0400009155273	34.5575141906738
22.0599994659424	38.2013320922852
22.0799999237061	47.2502136230469
22.1000003814697	44.4575958251953
22.1200008392334	51.585994720459
22.1399993896484	22.6561164855957
22.1599998474121	58.5328788757324
22.1800003051758	36.6739768981934
22.2000007629395	52.0585556030273
22.2199993133545	52.474048614502
22.2399997711182	56.3879241943359
22.2600002288818	52.3682098388672
22.2800006866455	36.1877822875977
22.2999992370605	53.9279861450195
22.3199996948242	29.975658416748
22.3400001525879	47.9186248779297
22.3600006103516	45.1383018493652
22.3799991607666	38.0782814025879
22.3999996185303	64.2614898681641
22.4200000762939	41.439094543457
22.4400005340576	39.7254257202148
22.4599990844727	57.0361099243164
22.4799995422363	38.9742050170898
22.5	44.123233795166
22.5200004577637	32.440731048584
22.5400009155273	64.0079345703125
22.5599994659424	48.5080528259277
22.5799999237061	38.8874053955078
22.6000003814697	47.1876792907715
22.6200008392334	67.102294921875
22.6399993896484	69.5542144775391
22.6599998474121	33.6637115478516
22.6800003051758	44.2480964660645
22.7000007629395	44.6361618041992
22.7199993133545	72.4690551757813
22.7399997711182	64.5970611572266
22.7600002288818	88.3343658447266
22.7800006866455	120.974479675293
22.7999992370605	132.868469238281
22.8199996948242	164.702056884766
22.8400001525879	199.482894897461
22.8600006103516	214.07942199707
22.8799991607666	275.279266357422
22.8999996185303	350.842895507813
22.9200000762939	616.88720703125
22.9400005340576	1477.99780273438
22.9599990844727	3386.59716796875
22.9799995422363	2111.4951171875
23	1955.91833496094
23.0200004577637	4182.12158203125
23.0400009155273	3156.31982421875
23.0599994659424	1346.58239746094
23.0799999237061	1594.93786621094
23.1000003814697	1241.2314453125
23.1200008392334	495.910003662109
23.1399993896484	254.326995849609
23.1599998474121	198.602523803711
23.1800003051758	143.189910888672
23.2000007629395	127.656005859375
23.2199993133545	96.2693710327148
23.2399997711182	94.143310546875
23.2600002288818	87.6769409179688
23.2800006866455	61.7613868713379
23.2999992370605	65.1819839477539
23.3199996948242	54.727222442627
23.3400001525879	55.6246528625488
23.3600006103516	53.3813362121582
23.3799991607666	49.7749214172363
23.3999996185303	59.0151290893555
23.4200000762939	39.9231109619141
23.4400005340576	55.7658081054688
23.4599990844727	32.681957244873
23.4799995422363	23.5005397796631
23.5	37.1388854980469
23.5200004577637	37.5725975036621
23.5400009155273	29.8278312683105
23.5599994659424	32.3071823120117
23.5799999237061	32.4672508239746
23.6000003814697	44.1380920410156
23.6200008392334	48.8431701660156
23.6399993896484	28.4213752746582
23.6599998474121	33.7911186218262
23.6800003051758	42.1650276184082
23.7000007629395	24.6769733428955
23.7199993133545	54.8003311157227
23.7399997711182	30.8019828796387
23.7600002288818	53.2630958557129
23.7800006866455	36.2018165588379
23.7999992370605	26.485445022583
23.8199996948242	36.5173606872559
23.8400001525879	35.0953102111816
23.8600006103516	51.4863433837891
23.8799991607666	49.7472648620605
23.8999996185303	48.6967430114746
23.9200000762939	43.8548126220703
23.9400005340576	51.916675567627
23.9599990844727	24.6486740112305
23.9799995422363	45.9485893249512
24	39.5855331420898
24.0200004577637	25.3577098846436
24.0400009155273	42.5928497314453
24.0599994659424	26.4474964141846
24.0799999237061	55.7162132263184
24.1000003814697	41.3934326171875
24.1200008392334	31.5263004302979
24.1399993896484	30.8260879516602
24.1599998474121	33.679515838623
24.1800003051758	30.036470413208
24.2000007629395	37.7624320983887
24.2199993133545	23.3571014404297
24.2399997711182	42.7256736755371
24.2600002288818	50.1100883483887
24.2800006866455	43.3080787658691
24.2999992370605	43.0521812438965
24.3199996948242	39.5156669616699
24.3400001525879	43.7157974243164
24.3600006103516	49.4252548217773
24.3799991607666	20.6110420227051
24.3999996185303	36.8463973999023
24.4200000762939	38.8197288513184
24.4400005340576	32.8111228942871
24.4599990844727	30.7894878387451
24.4799995422363	42.9774055480957
24.5	44.9311599731445
24.5200004577637	43.3077507019043
24.5400009155273	38.179630279541
24.5599994659424	29.476842880249
24.5799999237061	41.8587799072266
24.6000003814697	52.1200675964355
24.6200008392334	46.5237808227539
24.6399993896484	51.9834060668945
24.6599998474121	40.0199241638184
24.6800003051758	32.9730949401855
24.7000007629395	39.5736236572266
24.7199993133545	51.4517784118652
24.7399997711182	34.9292373657227
24.7600002288818	35.3493499755859
24.7800006866455	34.6695442199707
24.7999992370605	16.3858318328857
24.8199996948242	22.7211246490479
24.8400001525879	21.8162403106689
24.8600006103516	34.713981628418
24.8799991607666	32.7290344238281
24.8999996185303	31.5474662780762
24.9200000762939	29.4683780670166
24.9400005340576	39.3788719177246
24.9599990844727	47.3018341064453
24.9799995422363	25.2402820587158
25	34.5748481750488
25.0200004577637	39.0413131713867
25.0400009155273	15.1260986328125
25.0599994659424	31.8459510803223
25.0799999237061	24.3679485321045
25.1000003814697	28.9964962005615
25.1200008392334	27.890380859375
25.1399993896484	36.6423683166504
25.1599998474121	50.6427536010742
25.1800003051758	32.6750373840332
25.2000007629395	10.3928604125977
25.2199993133545	24.1064834594727
25.2399997711182	23.9171733856201
25.2600002288818	37.8888931274414
25.2800006866455	32.8376998901367
25.2999992370605	24.2862739562988
25.3199996948242	16.5234527587891
25.3400001525879	44.9502067565918
25.3600006103516	48.0887680053711
25.3799991607666	19.6887989044189
25.3999996185303	30.2925243377686
25.4200000762939	36.3906784057617
25.4400005340576	46.6049385070801
25.4599990844727	36.560489654541
25.4799995422363	29.7703342437744
25.5	26.2338924407959
25.5200004577637	43.8222885131836
25.5400009155273	32.2122268676758
25.5599994659424	29.9389152526855
25.5799999237061	45.489429473877
25.6000003814697	29.8936195373535
25.6200008392334	20.2009811401367
25.6399993896484	41.7108116149902
25.6599998474121	42.3390693664551
25.6800003051758	30.2970123291016
25.7000007629395	32.9984664916992
25.7199993133545	23.8664379119873
25.7399997711182	28.7051887512207
25.7600002288818	39.767463684082
25.7800006866455	24.1840744018555
25.7999992370605	27.6905784606934
25.8199996948242	31.8515224456787
25.8400001525879	40.4339714050293
25.8600006103516	27.5669956207275
25.8799991607666	33.4376220703125
25.8999996185303	34.692512512207
25.9200000762939	31.2835693359375
25.9400005340576	37.3450584411621
25.9599990844727	29.8929386138916
25.9799995422363	19.9872646331787
26	38.9516677856445
26.0200004577637	38.8802452087402
26.0400009155273	27.7957286834717
26.0599994659424	40.7130126953125
26.0799999237061	47.1028175354004
26.1000003814697	19.7330226898193
26.1200008392334	30.5553112030029
26.1399993896484	35.672550201416
26.1599998474121	27.2173728942871
26.1800003051758	43.4220008850098
26.2000007629395	28.6508369445801
26.2199993133545	25.9855403900146
26.2399997711182	18.9050045013428
26.2600002288818	37.4267349243164
26.2800006866455	20.2966365814209
26.2999992370605	27.55397605896
26.3199996948242	30.8567733764648
26.3400001525879	29.9060153961182
26.3600006103516	35.9530296325684
26.3799991607666	30.4186573028564
26.3999996185303	49.267749786377
26.4200000762939	15.4054803848267
26.4400005340576	21.2769107818604
26.4599990844727	26.0429286956787
26.4799995422363	27.0905475616455
26.5	28.7068881988525
26.5200004577637	25.3864765167236
26.5400009155273	33.6134300231934
26.5599994659424	31.13796043396
26.5799999237061	47.0448570251465
26.6000003814697	18.8837013244629
26.6200008392334	40.5161323547363
26.6399993896484	32.0715026855469
26.6599998474121	28.4765491485596
26.6800003051758	22.5162372589111
26.7000007629395	35.3435935974121
26.7199993133545	28.5009441375732
26.7399997711182	20.2966251373291
26.7600002288818	19.223762512207
26.7800006866455	27.3442649841309
26.7999992370605	10.8814134597778
26.8199996948242	34.6925659179688
26.8400001525879	25.5601806640625
26.8600006103516	21.8986263275146
26.8799991607666	28.4201736450195
26.8999996185303	14.7119913101196
26.9200000762939	28.8379306793213
26.9400005340576	26.9016437530518
26.9599990844727	17.8878402709961
26.9799995422363	37.8306465148926
27	16.169605255127
27.0200004577637	35.9920883178711
27.0400009155273	15.8346977233887
27.0599994659424	32.2819862365723
27.0799999237061	46.3656005859375
27.1000003814697	33.9272117614746
27.1200008392334	29.8633079528809
27.1399993896484	33.805965423584
27.1599998474121	32.8072128295898
27.1800003051758	41.72705078125
27.2000007629395	33.9309692382813
27.2199993133545	36.8160095214844
27.2399997711182	36.679370880127
27.2600002288818	13.6423282623291
27.2800006866455	34.7602386474609
27.2999992370605	26.8316516876221
27.3199996948242	42.3992385864258
27.3400001525879	35.3681983947754
27.3600006103516	49.3326721191406
27.3799991607666	36.7164535522461
27.3999996185303	58.0465278625488
27.4200000762939	54.6340713500977
27.4400005340576	83.5393524169922
27.4599990844727	131.679107666016
27.4799995422363	210.927459716797
27.5	252.064041137695
27.5200004577637	229.993362426758
27.5400009155273	461.862243652344
27.5599994659424	577.806701660156
27.5799999237061	231.780654907227
27.6000003814697	155.647033691406
27.6200008392334	293.030059814453
27.6399993896484	203.50634765625
27.6599998474121	101.926940917969
27.6800003051758	58.4798965454102
27.7000007629395	73.988899230957
27.7199993133545	55.3322067260742
27.7399997711182	41.8273239135742
27.7600002288818	38.0180473327637
27.7800006866455	28.7048759460449
27.7999992370605	61.8496017456055
27.8199996948242	40.551197052002
27.8400001525879	15.968864440918
27.8600006103516	36.0409164428711
27.8799991607666	16.5175838470459
27.8999996185303	6.6836633682251
27.9200000762939	22.3797798156738
27.9400005340576	34.4473571777344
27.9599990844727	29.594518661499
27.9799995422363	49.0808448791504
28	43.8937568664551
28.0200004577637	32.2077102661133
28.0400009155273	30.9793567657471
28.0599994659424	14.7219800949097
28.0799999237061	39.3413772583008
28.1000003814697	28.412525177002
28.1200008392334	18.8865871429443
28.1399993896484	37.8527221679688
28.1599998474121	42.6976585388184
28.1800003051758	22.4988231658936
28.2000007629395	36.4770278930664
28.2199993133545	22.0702972412109
28.2399997711182	31.9190807342529
28.2600002288818	44.6965103149414
28.2800006866455	50.4731178283691
28.2999992370605	16.5973873138428
28.3199996948242	17.690710067749
28.3400001525879	22.3758563995361
28.3600006103516	19.1296272277832
28.3799991607666	20.6118640899658
28.3999996185303	10.2087783813477
28.4200000762939	29.1101264953613
28.4400005340576	22.9955673217773
28.4599990844727	34.6963348388672
28.4799995422363	25.8671703338623
28.5	18.2749538421631
28.5200004577637	42.8345642089844
28.5400009155273	23.5663948059082
28.5599994659424	43.884349822998
28.5799999237061	30.4718761444092
28.6000003814697	44.5875129699707
28.6200008392334	26.3710460662842
28.6399993896484	37.6342658996582
28.6599998474121	35.7929153442383
28.6800003051758	30.4538059234619
28.7000007629395	19.7475185394287
28.7199993133545	30.6583366394043
28.7399997711182	47.9855079650879
28.7600002288818	27.6569690704346
28.7800006866455	22.8694915771484
28.7999992370605	21.6260108947754
28.8199996948242	31.1837635040283
28.8400001525879	22.986400604248
28.8600006103516	25.1686725616455
28.8799991607666	8.26120853424072
28.8999996185303	26.7865104675293
28.9200000762939	41.9093055725098
28.9400005340576	41.437873840332
28.9599990844727	29.950756072998
28.9799995422363	14.6515855789185
29	16.546350479126
29.0200004577637	20.5533905029297
29.0400009155273	27.2480525970459
29.0599994659424	13.7070512771606
29.0799999237061	21.8304996490479
29.1000003814697	2.16696357727051
29.1200008392334	48.4918441772461
29.1399993896484	44.8320426940918
29.1599998474121	39.13232421875
29.1800003051758	30.9124794006348
29.2000007629395	26.0830154418945
29.2199993133545	21.6365585327148
29.2399997711182	14.1001529693604
29.2600002288818	17.6009845733643
29.2800006866455	32.6870613098145
29.2999992370605	28.1669807434082
29.3199996948242	15.5091171264648
29.3400001525879	36.6141815185547
29.3600006103516	12.7063331604004
29.3799991607666	30.5576801300049
29.3999996185303	44.1118927001953
29.4200000762939	11.0702466964722
29.4400005340576	19.4876461029053
29.4599990844727	15.7961721420288
29.4799995422363	23.305025100708
29.5	33.3966293334961
29.5200004577637	23.1097774505615
29.5400009155273	15.8970003128052
29.5599994659424	30.797342300415
29.5799999237061	39.973762512207
29.6000003814697	34.6859550476074
29.6200008392334	22.0616664886475
29.6399993896484	19.4929294586182
29.6599998474121	26.0035285949707
29.6800003051758	29.6034870147705
29.7000007629395	39.7110404968262
29.7199993133545	40.8473472595215
29.7399997711182	41.5126953125
29.7600002288818	34.130500793457
29.7800006866455	33.015983581543
29.7999992370605	20.7297058105469
29.8199996948242	25.8827095031738
29.8400001525879	17.2592697143555
29.8600006103516	16.7111225128174
29.8799991607666	30.1432819366455
29.8999996185303	25.2608757019043
29.9200000762939	30.6635227203369
29.9400005340576	43.3328971862793
29.9599990844727	43.0242691040039
29.9799995422363	33.5011444091797
30	30.9517803192139
30.0200004577637	32.1400756835938
30.0400009155273	15.9841270446777
30.0599994659424	15.5379657745361
30.0799999237061	22.1144752502441
30.1000003814697	23.9434394836426
30.1200008392334	26.190071105957
30.1399993896484	24.9140911102295
30.1599998474121	20.4759769439697
30.1800003051758	33.6817359924316
30.2000007629395	18.2505302429199
30.2199993133545	26.5129089355469
30.2399997711182	15.0963621139526
30.2600002288818	18.9622478485107
30.2800006866455	31.8847713470459
30.2999992370605	30.053882598877
30.3199996948242	39.1345367431641
30.3400001525879	28.9247608184814
30.3600006103516	22.7003860473633
30.3799991607666	23.9210681915283
30.3999996185303	22.4745960235596
30.4200000762939	20.2775421142578
30.4400005340576	18.7036380767822
30.4599990844727	15.5522613525391
30.4799995422363	15.803126335144
30.5	28.4549808502197
30.5200004577637	31.6476020812988
30.5400009155273	19.8311557769775
30.5599994659424	16.5095920562744
30.5799999237061	19.4804878234863
30.6000003814697	21.7669792175293
30.6200008392334	41.705322265625
30.6399993896484	34.9373512268066
30.6599998474121	24.0102100372314
30.6800003051758	15.1109533309937
30.7000007629395	15.1268930435181
30.7199993133545	21.1161651611328
30.7399997711182	38.7683906555176
30.7600002288818	18.4316024780273
30.7800006866455	15.0580549240112
30.7999992370605	28.6308422088623
30.8199996948242	18.6523666381836
30.8400001525879	28.9402465820313
30.8600006103516	27.2116565704346
30.8799991607666	19.5100860595703
30.8999996185303	21.4608249664307
30.9200000762939	20.7883930206299
30.9400005340576	26.7549896240234
30.9599990844727	31.7040176391602
30.9799995422363	16.1683101654053
31	27.0953102111816
31.0200004577637	22.9517879486084
31.0400009155273	34.9510383605957
31.0599994659424	24.1305389404297
31.0799999237061	35.4339447021484
31.1000003814697	40.6139945983887
31.1200008392334	9.72386837005615
31.1399993896484	29.6609668731689
31.1599998474121	43.9118919372559
31.1800003051758	33.3431205749512
31.2000007629395	23.3134708404541
31.2199993133545	23.2672176361084
31.2399997711182	28.2205810546875
31.2600002288818	26.6995944976807
31.2800006866455	35.0823936462402
31.2999992370605	28.6703395843506
31.3199996948242	34.2259864807129
31.3400001525879	28.3274459838867
31.3600006103516	24.956600189209
31.3799991607666	35.7943344116211
31.3999996185303	42.8433418273926
31.4200000762939	31.710994720459
31.4400005340576	25.8725337982178
31.4599990844727	33.9920463562012
31.4799995422363	24.7261981964111
31.5	33.4994201660156
31.5200004577637	30.8484268188477
31.5400009155273	48.3382415771484
31.5599994659424	45.7302627563477
31.5799999237061	42.0511283874512
31.6000003814697	38.3896789550781
31.6200008392334	51.7829360961914
31.6399993896484	75.6664352416992
31.6599998474121	112.110847473145
31.6800003051758	150.585464477539
31.7000007629395	221.437393188477
31.7199993133545	263.031372070313
31.7399997711182	336.973999023438
31.7600002288818	424.211730957031
31.7800006866455	410.412536621094
31.7999992370605	299.666656494141
31.8199996948242	260.339172363281
31.8400001525879	216.59635925293
31.8600006103516	189.097381591797
31.8799991607666	138.427337646484
31.8999996185303	100.352241516113
31.9200000762939	62.9816703796387
31.9400005340576	53.9740562438965
31.9599990844727	52.2635650634766
31.9799995422363	26.1323566436768
32	31.2619552612305
32.0200004577637	33.3005180358887
32.0400009155273	26.423713684082
32.060001373291	18.0133190155029
32.0800018310547	44.4908676147461
32.0999984741211	52.0858345031738
32.1199989318848	36.488208770752
32.1399993896484	24.8296508789063
32.1599998474121	25.0824108123779
32.1800003051758	13.6627807617188
32.2000007629395	21.0946960449219
32.2200012207031	21.9950923919678
32.2400016784668	45.0512962341309
32.2599983215332	37.0268669128418
32.2799987792969	43.3951606750488
32.2999992370605	38.2674255371094
32.3199996948242	22.1815662384033
32.3400001525879	29.397590637207
32.3600006103516	64.4766616821289
32.3800010681152	34.5059280395508
32.4000015258789	23.4799003601074
32.4199981689453	21.4121913909912
32.439998626709	40.5094032287598
32.4599990844727	30.2935695648193
32.4799995422363	29.7836151123047
32.5	37.8095626831055
32.5200004577637	31.6439304351807
32.5400009155273	30.6905860900879
32.560001373291	24.6708583831787
32.5800018310547	35.3193969726563
32.5999984741211	31.9060325622559
32.6199989318848	27.9729232788086
32.6399993896484	18.7990455627441
32.6599998474121	26.2175159454346
32.6800003051758	8.80199241638184
32.7000007629395	25.36643409729
32.7200012207031	27.4973278045654
32.7400016784668	37.8055458068848
32.7599983215332	44.2814140319824
32.7799987792969	28.0835857391357
32.7999992370605	16.4118385314941
32.8199996948242	19.1855335235596
32.8400001525879	39.2447929382324
32.8600006103516	39.6921081542969
32.8800010681152	35.8320617675781
32.9000015258789	26.3137645721436
32.9199981689453	24.5928173065186
32.939998626709	17.2678775787354
32.9599990844727	24.9734725952148
32.9799995422363	33.6444969177246
33	10.6000690460205
33.0200004577637	34.5387725830078
33.0400009155273	17.6431541442871
33.060001373291	31.4517364501953
33.0800018310547	6.33293151855469
33.0999984741211	26.6795406341553
33.1199989318848	17.493860244751
33.1399993896484	17.1793727874756
33.1599998474121	35.0979118347168
33.1800003051758	23.5538101196289
33.2000007629395	24.0758209228516
33.2200012207031	26.8619003295898
33.2400016784668	34.396369934082
33.2599983215332	47.774055480957
33.2799987792969	37.3736915588379
33.2999992370605	19.7738056182861
33.3199996948242	11.0379772186279
33.3400001525879	20.6647968292236
33.3600006103516	14.2983360290527
33.3800010681152	37.4093856811523
33.4000015258789	20.5636711120605
33.4199981689453	18.3802890777588
33.439998626709	24.6030368804932
33.4599990844727	21.0791759490967
33.4799995422363	26.4353942871094
33.5	35.6494293212891
33.5200004577637	26.2373542785645
33.5400009155273	20.8611068725586
33.560001373291	29.4324760437012
33.5800018310547	19.4607429504395
33.5999984741211	22.7600612640381
33.6199989318848	28.3066539764404
33.6399993896484	23.9134998321533
33.6599998474121	18.473726272583
33.6800003051758	23.6774024963379
33.7000007629395	24.5761528015137
33.7200012207031	32.4980392456055
33.7400016784668	31.5857715606689
33.7599983215332	27.7189292907715
33.7799987792969	16.1764888763428
33.7999992370605	9.04155445098877
33.8199996948242	30.260124206543
33.8400001525879	18.018913269043
33.8600006103516	19.4373035430908
33.8800010681152	30.5906066894531
33.9000015258789	27.7779026031494
33.9199981689453	35.3751945495605
33.939998626709	29.7786121368408
33.9599990844727	19.7138004302979
33.9799995422363	21.4854888916016
34	20.6424884796143
34.0200004577637	31.7550449371338
34.0400009155273	29.1864223480225
34.060001373291	30.7099437713623
34.0800018310547	13.5502901077271
34.0999984741211	35.9362678527832
34.1199989318848	24.2513217926025
34.1399993896484	17.2225971221924
34.1599998474121	19.6798820495605
34.1800003051758	22.0860481262207
34.2000007629395	18.7129344940186
34.2200012207031	26.6063022613525
34.2400016784668	39.7064437866211
34.2599983215332	50.6283912658691
34.2799987792969	34.3756256103516
34.2999992370605	36.2897567749023
34.3199996948242	71.5207824707031
34.3400001525879	102.42504119873
34.3600006103516	125.252098083496
34.3800010681152	106.936012268066
34.4000015258789	86.7455291748047
34.4199981689453	162.817611694336
34.439998626709	132.285110473633
34.4599990844727	101.011245727539
34.4799995422363	66.5337448120117
34.5	77.4322357177734
34.5200004577637	82.1018142700195
34.5400009155273	78.3006973266602
34.560001373291	38.282527923584
34.5800018310547	31.9912204742432
34.5999984741211	34.764591217041
34.6199989318848	14.5774898529053
34.6399993896484	31.657642364502
34.6599998474121	23.2700958251953
34.6800003051758	28.5053024291992
34.7000007629395	30.3119411468506
34.7200012207031	16.281810760498
34.7400016784668	16.1796550750732
34.7599983215332	21.5807285308838
34.7799987792969	28.7836208343506
34.7999992370605	21.4037818908691
34.8199996948242	27.8453884124756
34.8400001525879	32.5295829772949
34.8600006103516	22.2681179046631
34.8800010681152	34.9474601745605
34.9000015258789	28.1118583679199
34.9199981689453	27.5486660003662
34.939998626709	20.8647613525391
34.9599990844727	17.4176006317139
34.9799995422363	11.5775489807129
35	32.4847640991211
35.0200004577637	31.7978420257568
35.0400009155273	14.1701726913452
35.060001373291	34.5003662109375
35.0800018310547	29.2199535369873
35.0999984741211	15.5231084823608
35.1199989318848	14.9438581466675
35.1399993896484	19.9853515625
35.1599998474121	23.1347694396973
35.1800003051758	26.3451309204102
35.2000007629395	26.4683647155762
35.2200012207031	26.5289764404297
35.2400016784668	12.6958723068237
35.2599983215332	16.6552429199219
35.2799987792969	13.1701974868774
35.2999992370605	25.4096145629883
35.3199996948242	24.4900245666504
35.3400001525879	41.7137794494629
35.3600006103516	15.0357532501221
35.3800010681152	18.0622653961182
35.4000015258789	12.5968828201294
35.4199981689453	8.30509281158447
35.439998626709	28.1822166442871
35.4599990844727	15.3441486358643
35.4799995422363	37.8276176452637
35.5	10.025372505188
35.5200004577637	14.8131875991821
35.5400009155273	26.414665222168
35.560001373291	42.7242012023926
35.5800018310547	28.8862323760986
35.5999984741211	25.6543159484863
35.6199989318848	26.5921936035156
35.6399993896484	19.1832237243652
35.6599998474121	33.2656555175781
35.6800003051758	10.8630599975586
35.7000007629395	28.0395069122314
35.7200012207031	21.0410118103027
35.7400016784668	20.8193531036377
35.7599983215332	24.707202911377
35.7799987792969	27.4078273773193
35.7999992370605	21.8328590393066
35.8199996948242	30.362548828125
35.8400001525879	33.5264778137207
35.8600006103516	26.2314224243164
35.8800010681152	35.0509872436523
35.9000015258789	31.7227020263672
35.9199981689453	38.3623733520508
35.939998626709	31.1026916503906
35.9599990844727	40.5174331665039
35.9799995422363	37.8917579650879
36	33.7404899597168
36.0200004577637	26.0917835235596
36.0400009155273	51.6665954589844
36.060001373291	34.6881408691406
36.0800018310547	44.5099678039551
36.0999984741211	63.1313171386719
36.1199989318848	82.6831817626953
36.1399993896484	109.332382202148
36.1599998474121	144.202758789063
36.1800003051758	231.105758666992
36.2000007629395	279.6103515625
36.2200012207031	248.217636108398
36.2400016784668	324.346557617188
36.2599983215332	313.104431152344
36.2799987792969	239.814590454102
36.2999992370605	242.640670776367
36.3199996948242	199.917602539063
36.3400001525879	165.710708618164
36.3600006103516	186.725723266602
36.3800010681152	110.988662719727
36.4000015258789	79.2288818359375
36.4199981689453	52.5117721557617
36.439998626709	47.4209671020508
36.4599990844727	36.9466171264648
36.4799995422363	49.5758171081543
36.5	32.6706085205078
36.5200004577637	18.4661769866943
36.5400009155273	35.2653694152832
36.560001373291	34.2366638183594
36.5800018310547	7.68302392959595
36.5999984741211	9.20437622070313
36.6199989318848	9.11110019683838
36.6399993896484	41.7819557189941
36.6599998474121	4.57406854629517
36.6800003051758	14.7465572357178
36.7000007629395	36.3461990356445
36.7200012207031	24.6159534454346
36.7400016784668	40.9474411010742
36.7599983215332	48.1667747497559
36.7799987792969	25.0347843170166
36.7999992370605	19.817569732666
36.8199996948242	22.5933227539063
36.8400001525879	35.1635093688965
36.8600006103516	31.7547721862793
36.8800010681152	46.5098495483398
36.9000015258789	20.7383136749268
36.9199981689453	21.8364772796631
36.939998626709	45.0138931274414
36.9599990844727	24.0504093170166
36.9799995422363	14.7062931060791
37	20.6493701934814
37.0200004577637	21.2880840301514
37.0400009155273	21.3274250030518
37.060001373291	18.3288688659668
37.0800018310547	7.70178174972534
37.0999984741211	18.7378463745117
37.1199989318848	23.5094165802002
37.1399993896484	22.594388961792
37.1599998474121	30.5855007171631
37.1800003051758	14.8215312957764
37.2000007629395	4.17698335647583
37.2200012207031	53.1445083618164
37.2400016784668	36.5196952819824
37.2599983215332	23.8977603912354
37.2799987792969	22.6113090515137
37.2999992370605	20.8532905578613
37.3199996948242	39.0500907897949
37.3400001525879	30.3957099914551
37.3600006103516	28.2669906616211
37.3800010681152	17.756908416748
37.4000015258789	28.1986999511719
37.4199981689453	24.5750370025635
37.439998626709	31.442985534668
37.4599990844727	34.2236633300781
37.4799995422363	23.421028137207
37.5	21.2315559387207
37.5200004577637	32.8849258422852
37.5400009155273	16.7081851959229
37.560001373291	33.6829605102539
37.5800018310547	0
37.5999984741211	20.5023384094238
37.6199989318848	21.7704620361328
37.6399993896484	13.0853090286255
37.6599998474121	5.04302024841309
37.6800003051758	26.078634262085
37.7000007629395	16.7982635498047
37.7200012207031	33.611873626709
37.7400016784668	0
37.7599983215332	34.482307434082
37.7799987792969	19.9247379302979
37.7999992370605	27.6310806274414
37.8199996948242	21.443904876709
37.8400001525879	27.0928153991699
37.8600006103516	29.1981887817383
37.8800010681152	33.963005065918
37.9000015258789	21.7077102661133
37.9199981689453	28.2180652618408
37.939998626709	31.9412784576416
37.9599990844727	24.4486827850342
37.9799995422363	25.6309452056885
38	26.8116970062256
38.0200004577637	44.8205375671387
38.0400009155273	39.9156608581543
38.060001373291	16.8712596893311
38.0800018310547	20.8541221618652
38.0999984741211	17.5541381835938
38.1199989318848	44.8795547485352
38.1399993896484	58.381420135498
38.1599998474121	36.1390647888184
38.1800003051758	153.241439819336
38.2000007629395	262.890472412109
38.2200012207031	145.348892211914
38.2400016784668	108.2861328125
38.2599983215332	119.236709594727
38.2799987792969	154.729888916016
38.2999992370605	131.396713256836
38.3199996948242	107.027450561523
38.3400001525879	63.7020530700684
38.3600006103516	70.4550247192383
38.3800010681152	60.643009185791
38.4000015258789	34.4907913208008
38.4199981689453	43.6044921875
38.439998626709	17.0934410095215
38.4599990844727	26.6804218292236
38.4799995422363	30.6835250854492
38.5	28.6629581451416
38.5200004577637	22.9931621551514
38.5400009155273	26.486421585083
38.560001373291	4.22016906738281
38.5800018310547	30.1568050384521
38.5999984741211	20.8939304351807
38.6199989318848	26.4035739898682
38.6399993896484	29.1187210083008
38.6599998474121	18.8515796661377
38.6800003051758	38.0973434448242
38.7000007629395	10.0462837219238
38.7200012207031	13.1051654815674
38.7400016784668	21.589771270752
38.7599983215332	19.732608795166
38.7799987792969	27.5133094787598
38.7999992370605	32.076732635498
38.8199996948242	18.122709274292
38.8400001525879	16.5714550018311
38.8600006103516	26.1000442504883
38.8800010681152	25.9694480895996
38.9000015258789	9.13731002807617
38.9199981689453	13.7928638458252
38.939998626709	24.7586631774902
38.9599990844727	21.1853294372559
38.9799995422363	26.6638412475586
39	38.0782585144043
39.0200004577637	36.4033317565918
39.0400009155273	32.9591026306152
39.060001373291	32.3496742248535
39.0800018310547	27.0958633422852
39.0999984741211	18.4021091461182
39.1199989318848	35.1915321350098
39.1399993896484	18.7432804107666
39.1599998474121	26.6441249847412
39.1800003051758	24.0279769897461
39.2000007629395	31.8625926971436
39.2200012207031	27.2650814056396
39.2400016784668	21.6111011505127
39.2599983215332	27.7415943145752
39.2799987792969	31.0839996337891
39.2999992370605	12.9228925704956
39.3199996948242	6.77553510665894
39.3400001525879	13.4301681518555
39.3600006103516	21.7292900085449
39.3800010681152	29.6473197937012
39.4000015258789	33.9811134338379
39.4199981689453	41.3950729370117
39.439998626709	38.1333541870117
39.4599990844727	29.6081237792969
39.4799995422363	14.2567148208618
39.5	32.4761199951172
39.5200004577637	37.2211837768555
39.5400009155273	35.370532989502
39.560001373291	23.0014381408691
39.5800018310547	35.2652969360352
39.5999984741211	37.9485206604004
39.6199989318848	29.8023071289063
39.6399993896484	15.1446199417114
39.6599998474121	31.5054054260254
39.6800003051758	26.4963188171387
39.7000007629395	17.1258430480957
39.7200012207031	27.8818168640137
39.7400016784668	25.081579208374
39.7599983215332	26.8065319061279
39.7799987792969	34.5979385375977
39.7999992370605	11.7638177871704
39.8199996948242	33.1745872497559
39.8400001525879	23.1257839202881
39.8600006103516	40.623462677002
39.8800010681152	28.1859951019287
39.9000015258789	44.0202560424805
39.9199981689453	33.683837890625
39.939998626709	34.6195182800293
39.9599990844727	32.3658065795898
39.9799995422363	42.7492904663086
40	12.1623601913452
40.0200004577637	24.9582996368408
40.0400009155273	30.6310958862305
40.060001373291	45.7121047973633
40.0800018310547	29.3076801300049
40.0999984741211	18.5388145446777
40.1199989318848	39.5177726745605
40.1399993896484	43.0536308288574
40.1599998474121	59.9800338745117
40.1800003051758	56.6913795471191
40.2000007629395	74.0881576538086
40.2200012207031	75.6527481079102
40.2400016784668	90.9632110595703
40.2599983215332	85.5856628417969
40.2799987792969	122.030792236328
40.2999992370605	138.676391601563
40.3199996948242	203.640563964844
40.3400001525879	317.059020996094
40.3600006103516	618.058471679688
40.3800010681152	1341.59191894531
40.4000015258789	1267.24145507813
40.4199981689453	855.179870605469
40.439998626709	1256.09643554688
40.4599990844727	1194.64929199219
40.4799995422363	975.713806152344
40.5	821.114013671875
40.5200004577637	545.871154785156
40.5400009155273	578.696533203125
40.560001373291	638.815673828125
40.5800018310547	320.846618652344
40.5999984741211	167.705520629883
40.6199989318848	155.027603149414
40.6399993896484	96.5320053100586
40.6599998474121	66.3935546875
40.6800003051758	88.0438995361328
40.7000007629395	69.6430892944336
40.7200012207031	44.620189666748
40.7400016784668	64.7791366577148
40.7599983215332	32.9662399291992
40.7799987792969	21.8847179412842
40.7999992370605	54.1971206665039
40.8199996948242	23.7514362335205
40.8400001525879	63.6471824645996
40.8600006103516	39.8616905212402
40.8800010681152	20.5150051116943
40.9000015258789	42.6547966003418
40.9199981689453	48.0561904907227
40.939998626709	44.0998954772949
40.9599990844727	11.0377378463745
40.9799995422363	23.5923938751221
41	18.7263050079346
41.0200004577637	37.6079978942871
41.0400009155273	55.2488059997559
41.060001373291	46.453052520752
41.0800018310547	40.4250183105469
41.0999984741211	19.1994590759277
41.1199989318848	24.0643157958984
41.1399993896484	32.132999420166
41.1599998474121	36.563404083252
41.1800003051758	39.6549911499023
41.2000007629395	26.5239772796631
41.2200012207031	42.1197471618652
41.2400016784668	13.6898679733276
41.2599983215332	9.77368831634521
41.2799987792969	32.5903091430664
41.2999992370605	48.2516937255859
41.3199996948242	12.9858541488647
41.3400001525879	12.0016803741455
41.3600006103516	41.3077583312988
41.3800010681152	22.7405338287354
41.4000015258789	32.9914665222168
41.4199981689453	29.6963024139404
41.439998626709	23.1503620147705
41.4599990844727	19.217737197876
41.4799995422363	28.1738910675049
41.5	36.2942962646484
41.5200004577637	27.5879936218262
41.5400009155273	17.7162094116211
41.560001373291	5.14079141616821
41.5800018310547	39.0346450805664
41.5999984741211	29.3859825134277
41.6199989318848	36.6806144714355
41.6399993896484	17.3815116882324
41.6599998474121	28.9106788635254
41.6800003051758	33.9636306762695
41.7000007629395	35.5761871337891
41.7200012207031	27.083797454834
41.7400016784668	36.5443649291992
41.7599983215332	16.439769744873
41.7799987792969	37.1240653991699
41.7999992370605	9.47850608825684
41.8199996948242	16.4397525787354
41.8400001525879	23.3992176055908
41.8600006103516	31.7545928955078
41.8800010681152	28.111629486084
41.9000015258789	26.218900680542
41.9199981689453	6.86412000656128
41.939998626709	43.751277923584
41.9599990844727	25.7262783050537
41.9799995422363	19.0806560516357
42	15.8343420028687
42.0200004577637	33.4662055969238
42.0400009155273	26.5966968536377
42.060001373291	24.8027362823486
42.0800018310547	19.0552101135254
42.0999984741211	25.1823444366455
42.1199989318848	32.8738708496094
42.1399993896484	21.3519668579102
42.1599998474121	23.502908706665
42.1800003051758	29.713493347168
42.2000007629395	36.2662391662598
42.2200012207031	14.275110244751
42.2400016784668	23.9428443908691
42.2599983215332	16.7023086547852
42.2799987792969	27.6256866455078
42.2999992370605	12.466139793396
42.3199996948242	31.3120517730713
42.3400001525879	16.3513584136963
42.3600006103516	40.5000419616699
42.3800010681152	40.6614112854004
42.4000015258789	9.61168384552002
42.4199981689453	38.4216766357422
42.439998626709	23.2244338989258
42.4599990844727	14.2406053543091
42.4799995422363	32.4712295532227
42.5	17.1685924530029
42.5200004577637	19.7907638549805
42.5400009155273	38.3230819702148
42.560001373291	39.9130668640137
42.5800018310547	29.0543746948242
42.5999984741211	19.9786415100098
42.6199989318848	40.0154876708984
42.6399993896484	34.8273849487305
42.6599998474121	13.6324300765991
42.6800003051758	14.9808750152588
42.7000007629395	17.7171401977539
42.7200012207031	31.2151031494141
42.7400016784668	20.4603214263916
42.7599983215332	15.6744890213013
42.7799987792969	24.5029640197754
42.7999992370605	18.8700408935547
42.8199996948242	26.8220386505127
42.8400001525879	3.52358865737915
42.8600006103516	19.4614276885986
42.8800010681152	35.1369590759277
42.9000015258789	24.2254867553711
42.9199981689453	38.3909912109375
42.939998626709	41.5764083862305
42.9599990844727	14.37451171875
42.9799995422363	34.8385887145996
43	50.8768119812012
43.0200004577637	9.23439788818359
43.0400009155273	23.0079936981201
43.060001373291	18.321533203125
43.0800018310547	42.0696296691895
43.0999984741211	28.9353713989258
43.1199989318848	15.7699375152588
43.1399993896484	24.6077899932861
43.1599998474121	18.5376319885254
43.1800003051758	48.6077499389648
43.2000007629395	19.6700477600098
43.2200012207031	9.33577632904053
43.2400016784668	36.8087501525879
43.2599983215332	71.9776611328125
43.2799987792969	110.349426269531
43.2999992370605	116.901153564453
43.3199996948242	60.0258674621582
43.3400001525879	92.6421737670898
43.3600006103516	59.5873527526855
43.3800010681152	62.9265556335449
43.4000015258789	65.6135940551758
43.4199981689453	70.4485855102539
43.439998626709	54.1789665222168
43.4599990844727	62.252067565918
43.4799995422363	34.8758506774902
43.5	27.3646850585938
43.5200004577637	30.3114032745361
43.5400009155273	34.0610961914063
43.560001373291	51.8320617675781
43.5800018310547	31.9620742797852
43.5999984741211	31.305736541748
43.6199989318848	9.61361885070801
43.6399993896484	15.1785106658936
43.6599998474121	7.80698537826538
43.6800003051758	26.332347869873
43.7000007629395	20.008321762085
43.7200012207031	25.5077228546143
43.7400016784668	49.9797058105469
43.7599983215332	36.7635612487793
43.7799987792969	27.2183475494385
43.7999992370605	21.9838600158691
43.8199996948242	13.8190126419067
43.8400001525879	29.1738376617432
43.8600006103516	23.6017513275146
43.8800010681152	10.5119314193726
43.9000015258789	31.0202255249023
43.9199981689453	8.2791223526001
43.939998626709	27.7769031524658
43.9599990844727	18.6068897247314
43.9799995422363	12.2814035415649
44	20.0334720611572
44.0200004577637	8.85191249847412
44.0400009155273	18.4823551177979
44.060001373291	19.2068576812744
44.0800018310547	24.0878448486328
44.0999984741211	33.6284294128418
44.1199989318848	12.3419494628906
44.1399993896484	16.8708114624023
44.1599998474121	20.6659049987793
44.1800003051758	27.2636432647705
44.2000007629395	29.3033885955811
44.2200012207031	28.9602336883545
44.2400016784668	24.3784599304199
44.2599983215332	11.7592916488647
44.2799987792969	39.3546867370605
44.2999992370605	21.3617706298828
44.3199996948242	18.3649845123291
44.3400001525879	31.1735420227051
44.3600006103516	22.3828525543213
44.3800010681152	24.4974308013916
44.4000015258789	13.1365747451782
44.4199981689453	13.3576002120972
44.439998626709	14.6720752716064
44.4599990844727	8.70489978790283
44.4799995422363	13.8358974456787
44.5	37.8680534362793
44.5200004577637	22.5157413482666
44.5400009155273	18.0848979949951
44.560001373291	7.01257419586182
44.5800018310547	24.3493785858154
44.5999984741211	17.4845333099365
44.6199989318848	23.5458316802979
44.6399993896484	17.6096591949463
44.6599998474121	20.0733623504639
44.6800003051758	11.1774091720581
44.7000007629395	13.7725477218628
44.7200012207031	7.6935567855835
44.7400016784668	21.9627876281738
44.7599983215332	15.3634128570557
44.7799987792969	31.4725360870361
44.7999992370605	18.2360992431641
44.8199996948242	9.88987636566162
44.8400001525879	14.0993900299072
44.8600006103516	24.5241317749023
44.8800010681152	22.7648429870605
44.9000015258789	2.71463108062744
44.9199981689453	2.21477675437927
44.939998626709	14.0139865875244
44.9599990844727	14.2883806228638
44.9799995422363	22.6704044342041
45	15.2000875473022
45.0200004577637	9.43590927124023
45.0400009155273	29.2953567504883
45.060001373291	14.9938726425171
45.0800018310547	22.5487117767334
45.0999984741211	17.8760547637939
45.1199989318848	30.0891571044922
45.1399993896484	18.9182987213135
45.1599998474121	25.3402690887451
45.1800003051758	22.9272346496582
45.2000007629395	20.3837432861328
45.2200012207031	29.9772834777832
45.2400016784668	17.5429019927979
45.2599983215332	0
45.2799987792969	14.2161293029785
45.2999992370605	25.3310298919678
45.3199996948242	38.0092163085938
45.3400001525879	17.4281826019287
45.3600006103516	20.6623382568359
45.3800010681152	14.5261545181274
45.4000015258789	29.3618488311768
45.4199981689453	18.248872756958
45.439998626709	26.0801296234131
45.4599990844727	38.140022277832
45.4799995422363	41.1328239440918
45.5	3.51786756515503
45.5200004577637	21.8850288391113
45.5400009155273	19.412260055542
45.560001373291	10.5852870941162
45.5800018310547	35.5130996704102
45.5999984741211	37.402416229248
45.6199989318848	41.4023933410645
45.6399993896484	37.8271865844727
45.6599998474121	16.4364070892334
45.6800003051758	15.6497898101807
45.7000007629395	30.9190731048584
45.7200012207031	35.0716552734375
45.7400016784668	30.4112930297852
45.7599983215332	8.35407829284668
45.7799987792969	27.1857280731201
45.7999992370605	26.7530364990234
45.8199996948242	35.0694236755371
45.8400001525879	42.5263862609863
45.8600006103516	31.8038692474365
45.8800010681152	49.3987884521484
45.9000015258789	34.3047103881836
45.9199981689453	48.459789276123
45.939998626709	48.3444633483887
45.9599990844727	28.0844879150391
45.9799995422363	28.8634490966797
46	40.8733558654785
46.0200004577637	21.7223072052002
46.0400009155273	32.6679725646973
46.060001373291	26.6970672607422
46.0800018310547	25.5401420593262
46.0999984741211	30.4276809692383
46.1199989318848	16.2298183441162
46.1399993896484	15.64342212677
46.1599998474121	32.0754852294922
46.1800003051758	37.8180465698242
46.2000007629395	13.1071443557739
46.2200012207031	9.42317199707031
46.2400016784668	17.4232616424561
46.2599983215332	17.5828895568848
46.2799987792969	23.8060455322266
46.2999992370605	33.8716278076172
46.3199996948242	25.9615135192871
46.3400001525879	2.44195628166199
46.3600006103516	20.4814472198486
46.3800010681152	23.6783580780029
46.4000015258789	10.0465641021729
46.4199981689453	8.64517211914063
46.439998626709	20.2826557159424
46.4599990844727	13.7713499069214
46.4799995422363	18.7320594787598
46.5	17.3193836212158
46.5200004577637	11.6465349197388
46.5400009155273	43.9959106445313
46.560001373291	18.7784099578857
46.5800018310547	28.4935169219971
46.5999984741211	41.3971748352051
46.6199989318848	17.5578670501709
46.6399993896484	10.1129188537598
46.6599998474121	37.7122001647949
46.6800003051758	41.4776382446289
46.7000007629395	32.6898345947266
46.7200012207031	50.3269271850586
46.7400016784668	45.1356506347656
46.7599983215332	44.2390594482422
46.7799987792969	66.8770599365234
46.7999992370605	69.8712844848633
46.8199996948242	61.150821685791
46.8400001525879	82.9295349121094
46.8600006103516	83.916374206543
46.8800010681152	85.8730392456055
46.9000015258789	108.361938476563
46.9199981689453	122.423133850098
46.939998626709	215.694564819336
46.9599990844727	345.530609130859
46.9799995422363	939.761108398438
47	1092.70043945313
47.0200004577637	569.861694335938
47.0400009155273	632.355163574219
47.060001373291	758.646667480469
47.0800018310547	441.145446777344
47.0999984741211	559.708129882813
47.1199989318848	651.468444824219
47.1399993896484	378.347351074219
47.1599998474121	315.389190673828
47.1800003051758	382.774871826172
47.2000007629395	247.888458251953
47.2200012207031	97.1655578613281
47.2400016784668	95.9269561767578
47.2599983215332	75.4029312133789
47.2799987792969	52.3461837768555
47.2999992370605	51.6401672363281
47.3199996948242	37.178955078125
47.3400001525879	54.1780242919922
47.3600006103516	25.1398811340332
47.3800010681152	57.3689193725586
47.4000015258789	31.5841102600098
47.4199981689453	62.5778884887695
47.439998626709	59.718864440918
47.4599990844727	65.126091003418
47.4799995422363	85.9895172119141
47.5	74.0701599121094
47.5200004577637	58.7516059875488
47.5400009155273	98.0454940795898
47.560001373291	81.9322967529297
47.5800018310547	29.7211170196533
47.5999984741211	52.332633972168
47.6199989318848	47.6368560791016
47.6399993896484	74.2973327636719
47.6599998474121	44.5575485229492
47.6800003051758	56.0068473815918
47.7000007629395	52.4893531799316
47.7200012207031	45.3062019348145
47.7400016784668	26.9988498687744
47.7599983215332	32.3924865722656
47.7799987792969	20.141077041626
47.7999992370605	24.5487499237061
47.8199996948242	34.371452331543
47.8400001525879	30.2117824554443
47.8600006103516	13.6957521438599
47.8800010681152	13.4725332260132
47.9000015258789	13.0228729248047
47.9199981689453	35.4352912902832
47.939998626709	46.2217826843262
47.9599990844727	34.2303047180176
47.9799995422363	16.4567031860352
48	29.1750736236572
48.0200004577637	35.6571617126465
48.0400009155273	19.2372512817383
48.060001373291	22.0482559204102
48.0800018310547	41.3175621032715
48.0999984741211	13.4301471710205
48.1199989318848	8.9022216796875
48.1399993896484	34.4916725158691
48.1599998474121	16.2595081329346
48.1800003051758	31.7674388885498
48.2000007629395	17.1696243286133
48.2200012207031	19.7038269042969
48.2400016784668	22.8900604248047
48.2599983215332	4.22123861312866
48.2799987792969	11.5463628768921
48.2999992370605	25.1466331481934
48.3199996948242	18.4939079284668
48.3400001525879	43.3139801025391
48.3600006103516	21.2875347137451
48.3800010681152	21.0672550201416
48.4000015258789	22.1679744720459
48.4199981689453	30.9626998901367
48.439998626709	34.2377128601074
48.4599990844727	21.2180271148682
48.4799995422363	22.8293056488037
48.5	37.2673797607422
48.5200004577637	41.1456909179688
48.5400009155273	20.2089385986328
48.560001373291	30.0512428283691
48.5800018310547	22.6419429779053
48.5999984741211	11.7306976318359
48.6199989318848	38.6417274475098
48.6399993896484	25.2694282531738
48.6599998474121	51.165843963623
48.6800003051758	26.9703369140625
48.7000007629395	25.8882694244385
48.7200012207031	15.3452196121216
48.7400016784668	23.7508277893066
48.7599983215332	15.0972146987915
48.7799987792969	22.3466854095459
48.7999992370605	33.4588890075684
48.8199996948242	11.0319423675537
48.8400001525879	12.6677350997925
48.8600006103516	24.3998794555664
48.8800010681152	18.8585224151611
48.9000015258789	33.1769409179688
48.9199981689453	37.6593055725098
48.939998626709	29.6608695983887
48.9599990844727	28.6505031585693
48.9799995422363	22.7811260223389
49	21.7305965423584
49.0200004577637	22.0093650817871
49.0400009155273	40.275318145752
49.060001373291	43.4311294555664
49.0800018310547	13.006630897522
49.0999984741211	21.856050491333
49.1199989318848	27.9090213775635
49.1399993896484	27.25368309021
49.1599998474121	18.2503185272217
49.1800003051758	4.48560762405396
49.2000007629395	34.1357421875
49.2200012207031	17.0056934356689
49.2400016784668	36.3413887023926
49.2599983215332	20.1508121490479
49.2799987792969	16.1709041595459
49.2999992370605	25.9962978363037
49.3199996948242	18.5314064025879
49.3400001525879	17.0474109649658
49.3600006103516	16.7392807006836
49.3800010681152	29.265172958374
49.4000015258789	29.0206089019775
49.4199981689453	31.3379001617432
49.439998626709	41.6120109558105
49.4599990844727	27.6065464019775
49.4799995422363	26.7027702331543
49.5	40.2892837524414
49.5200004577637	42.1728744506836
49.5400009155273	56.767162322998
49.560001373291	98.3045654296875
49.5800018310547	223.127151489258
49.5999984741211	159.671997070313
49.6199989318848	104.873199462891
49.6399993896484	130.206802368164
49.6599998474121	93.3609008789063
49.6800003051758	105.983169555664
49.7000007629395	120.339530944824
49.7200012207031	136.240219116211
49.7400016784668	75.026008605957
49.7599983215332	90.1546478271484
49.7799987792969	65.0568161010742
49.7999992370605	46.5068435668945
49.8199996948242	47.9472732543945
49.8400001525879	26.2229499816895
49.8600006103516	55.3101921081543
49.8800010681152	39.437816619873
49.9000015258789	18.0724391937256
49.9199981689453	11.3418378829956
49.939998626709	19.8321876525879
49.9599990844727	24.9403610229492
49.9799995422363	23.4990367889404
50	18.6211986541748
50.0200004577637	30.7334632873535
50.0400009155273	11.7431535720825
50.060001373291	23.0071277618408
50.0800018310547	38.7571792602539
50.0999984741211	53.6812973022461
50.1199989318848	28.6365928649902
50.1399993896484	26.1068935394287
50.1599998474121	34.1433982849121
50.1800003051758	28.2844409942627
50.2000007629395	36.3056335449219
50.2200012207031	36.6322364807129
50.2400016784668	48.8683700561523
50.2599983215332	3.29120206832886
50.2799987792969	28.7197303771973
50.2999992370605	26.2114868164063
50.3199996948242	25.7535400390625
50.3400001525879	18.7677173614502
50.3600006103516	35.2019920349121
50.3800010681152	39.1426963806152
50.4000015258789	19.6264972686768
50.4199981689453	13.5548706054688
50.439998626709	22.4542999267578
50.4599990844727	27.5837135314941
50.4799995422363	15.772894859314
50.5	7.90619373321533
50.5200004577637	23.2920932769775
50.5400009155273	14.4542074203491
50.560001373291	17.559757232666
50.5800018310547	30.2625465393066
50.5999984741211	26.4555206298828
50.6199989318848	35.9317741394043
50.6399993896484	16.6770153045654
50.6599998474121	11.1446371078491
50.6800003051758	15.3188333511353
50.7000007629395	31.184232711792
50.7200012207031	33.5198554992676
50.7400016784668	18.0086822509766
50.7599983215332	14.001579284668
50.7799987792969	15.835620880127
50.7999992370605	12.1147737503052
50.8199996948242	45.9342384338379
50.8400001525879	28.1059684753418
50.8600006103516	26.0682964324951
50.8800010681152	23.8871421813965
50.9000015258789	16.4729309082031
50.9199981689453	32.6163673400879
50.939998626709	0
50.9599990844727	21.878345489502
50.9799995422363	19.6676063537598
51	26.3801212310791
51.0200004577637	33.0745277404785
51.0400009155273	20.7872829437256
51.060001373291	21.1050395965576
51.0800018310547	23.579008102417
51.0999984741211	22.0109195709229
51.1199989318848	25.1769142150879
51.1399993896484	14.161187171936
51.1599998474121	15.9309062957764
51.1800003051758	56.1341247558594
51.2000007629395	40.3966751098633
51.2200012207031	32.6834144592285
51.2400016784668	37.5278930664063
51.2599983215332	33.5559539794922
51.2799987792969	24.2034206390381
51.2999992370605	45.6425552368164
51.3199996948242	32.8706970214844
51.3400001525879	38.8965148925781
51.3600006103516	56.6530914306641
51.3800010681152	46.5085563659668
51.4000015258789	18.0919132232666
51.4199981689453	18.9556369781494
51.439998626709	36.1598320007324
51.4599990844727	31.7689018249512
51.4799995422363	38.5935554504395
51.5	43.122673034668
51.5200004577637	29.4747200012207
51.5400009155273	33.1626510620117
51.560001373291	12.3392839431763
51.5800018310547	17.2373561859131
51.5999984741211	34.9014587402344
51.6199989318848	22.6212787628174
51.6399993896484	25.9151172637939
51.6599998474121	23.8418464660645
51.6800003051758	13.8752365112305
51.7000007629395	7.35941314697266
51.7200012207031	18.4441242218018
51.7400016784668	11.8342161178589
51.7599983215332	9.52769660949707
51.7799987792969	39.108943939209
51.7999992370605	10.8045482635498
51.8199996948242	35.3819923400879
51.8400001525879	44.0155906677246
51.8600006103516	17.8054008483887
51.8800010681152	37.7243995666504
51.9000015258789	10.704442024231
51.9199981689453	8.92072486877441
51.939998626709	34.1057548522949
51.9599990844727	34.5550117492676
51.9799995422363	16.6052474975586
52	38.479679107666
52.0200004577637	24.8820133209229
52.0400009155273	26.5914421081543
52.060001373291	15.7766017913818
52.0800018310547	26.9971122741699
52.0999984741211	21.2757415771484
52.1199989318848	28.0349178314209
52.1399993896484	25.0597705841064
52.1599998474121	42.7415161132813
52.1800003051758	35.4245910644531
52.2000007629395	18.6737537384033
52.2200012207031	6.9590277671814
52.2400016784668	30.5259876251221
52.2599983215332	30.9652690887451
52.2799987792969	20.2421455383301
52.2999992370605	10.0977468490601
52.3199996948242	24.1345386505127
52.3400001525879	37.2153015136719
52.3600006103516	42.2825050354004
52.3800010681152	15.0677785873413
52.4000015258789	29.9515914916992
52.4199981689453	14.0693817138672
52.439998626709	29.399299621582
52.4599990844727	11.5134696960449
52.4799995422363	27.8572540283203
52.5	16.4164505004883
52.5200004577637	21.5389060974121
52.5400009155273	17.3327312469482
52.560001373291	37.7544441223145
52.5800018310547	0
52.5999984741211	22.7992305755615
52.6199989318848	18.6015644073486
52.6399993896484	18.6781044006348
52.6599998474121	33.9454803466797
52.6800003051758	20.0553722381592
52.7000007629395	17.71604347229
52.7200012207031	30.4362506866455
52.7400016784668	11.1868534088135
52.7599983215332	28.780725479126
52.7799987792969	19.3849201202393
52.7999992370605	36.9509048461914
52.8199996948242	17.3669776916504
52.8400001525879	4.44642114639282
52.8600006103516	35.4964714050293
52.8800010681152	30.956750869751
52.9000015258789	13.9629077911377
52.9199981689453	23.4967041015625
52.939998626709	20.5672836303711
52.9599990844727	38.6782913208008
52.9799995422363	19.8013591766357
53	24.3625450134277
53.0200004577637	30.7892036437988
53.0400009155273	35.7651062011719
53.060001373291	24.0437755584717
53.0800018310547	48.2025985717773
53.0999984741211	21.8927841186523
53.1199989318848	13.7733373641968
53.1399993896484	18.9119930267334
53.1599998474121	28.3050289154053
53.1800003051758	13.0648403167725
53.2000007629395	11.3453350067139
53.2200012207031	24.1321926116943
53.2400016784668	35.1025619506836
53.2599983215332	36.6876907348633
53.2799987792969	22.2109069824219
53.2999992370605	15.0316457748413
53.3199996948242	19.7696762084961
53.3400001525879	16.5649757385254
53.3600006103516	17.3306427001953
53.3800010681152	18.4484920501709
53.4000015258789	11.1712408065796
53.4199981689453	15.9384613037109
53.439998626709	19.4621753692627
53.4599990844727	31.9837398529053
53.4799995422363	31.6397438049316
53.5	51.4857788085938
53.5200004577637	28.3717594146729
53.5400009155273	27.6853866577148
53.560001373291	17.6921863555908
53.5800018310547	31.0297946929932
53.5999984741211	40.3911323547363
53.6199989318848	26.3461494445801
53.6399993896484	23.0786895751953
53.6599998474121	32.1183853149414
53.6800003051758	24.8143539428711
53.7000007629395	1.78085148334503
53.7200012207031	30.7637386322021
53.7400016784668	21.8526477813721
53.7599983215332	38.771614074707
53.7799987792969	28.3729953765869
53.7999992370605	47.2223701477051
53.8199996948242	28.2870483398438
53.8400001525879	23.0399532318115
53.8600006103516	12.9915189743042
53.8800010681152	28.595085144043
53.9000015258789	24.8034057617188
53.9199981689453	19.5487937927246
53.939998626709	35.0087966918945
53.9599990844727	23.1683883666992
53.9799995422363	28.7645683288574
54	26.4160137176514
54.0200004577637	24.3006649017334
54.0400009155273	5.16346502304077
54.060001373291	26.8643398284912
54.0800018310547	41.1249580383301
54.0999984741211	51.9332313537598
54.1199989318848	16.0742378234863
54.1399993896484	14.1044788360596
54.1599998474121	23.0348510742188
54.1800003051758	32.9100646972656
54.2000007629395	37.9273948669434
54.2200012207031	24.8530292510986
54.2400016784668	20.128231048584
54.2599983215332	37.138843536377
54.2799987792969	32.1763076782227
54.2999992370605	21.4633140563965
54.3199996948242	17.4312915802002
54.3400001525879	24.8121242523193
54.3600006103516	22.5602378845215
54.3800010681152	9.21947383880615
54.4000015258789	23.6320152282715
54.4199981689453	31.6732654571533
54.439998626709	43.5956764221191
54.4599990844727	21.8674182891846
54.4799995422363	32.4471321105957
54.5	25.6795845031738
54.5200004577637	16.4841747283936
54.5400009155273	18.1858386993408
54.560001373291	8.01672458648682
54.5800018310547	35.9729309082031
54.5999984741211	7.3876314163208
54.6199989318848	27.2225475311279
54.6399993896484	13.7430057525635
54.6599998474121	32.0777587890625
54.6800003051758	21.7665500640869
54.7000007629395	30.4141960144043
54.7200012207031	11.7110261917114
54.7400016784668	25.2862167358398
54.7599983215332	25.9460792541504
54.7799987792969	20.8171520233154
54.7999992370605	26.2156066894531
54.8199996948242	38.7429542541504
54.8400001525879	17.7703189849854
54.8600006103516	37.5595436096191
54.8800010681152	30.42502784729
54.9000015258789	42.7727165222168
54.9199981689453	20.3402671813965
54.939998626709	35.6253471374512
54.9599990844727	29.2066783905029
54.9799995422363	25.8174858093262
55	37.4214286804199
55.0200004577637	32.0449409484863
55.0400009155273	27.6520519256592
55.060001373291	47.3007888793945
55.0800018310547	14.9702453613281
55.0999984741211	34.95751953125
55.1199989318848	37.8762016296387
55.1399993896484	15.7385778427124
55.1599998474121	30.6416912078857
55.1800003051758	21.3690242767334
55.2000007629395	7.67696285247803
55.2200012207031	15.1930284500122
55.2400016784668	25.461332321167
55.2599983215332	42.3052062988281
55.2799987792969	32.201171875
55.2999992370605	33.6877517700195
55.3199996948242	34.7543830871582
55.3400001525879	10.0820045471191
55.3600006103516	24.4877891540527
55.3800010681152	17.5812511444092
55.4000015258789	30.868558883667
55.4199981689453	40.7688369750977
55.439998626709	35.9201278686523
55.4599990844727	24.5385227203369
55.4799995422363	25.6804504394531
55.5	32.6539649963379
55.5200004577637	35.8145866394043
55.5400009155273	29.2295665740967
55.560001373291	36.9431419372559
55.5800018310547	9.84642505645752
55.5999984741211	7.36338710784912
55.6199989318848	14.7815923690796
55.6399993896484	11.982382774353
55.6599998474121	16.3800487518311
55.6800003051758	24.887544631958
55.7000007629395	33.5528793334961
55.7200012207031	24.268892288208
55.7400016784668	30.0532093048096
55.7599983215332	24.9044990539551
55.7799987792969	28.5077800750732
55.7999992370605	38.6598892211914
55.8199996948242	40.4421577453613
55.8400001525879	17.8395099639893
55.8600006103516	34.2991104125977
55.8800010681152	38.0946159362793
55.9000015258789	28.5479927062988
55.9199981689453	39.889720916748
55.939998626709	18.7871952056885
55.9599990844727	42.0318870544434
55.9799995422363	18.9476909637451
56	22.0449562072754
56.0200004577637	48.5605125427246
56.0400009155273	39.564868927002
56.060001373291	33.8177070617676
56.0800018310547	38.2556114196777
56.0999984741211	16.866247177124
56.1199989318848	32.1479415893555
56.1399993896484	14.6010026931763
56.1599998474121	26.6256999969482
56.1800003051758	14.4345426559448
56.2000007629395	15.7964630126953
56.2200012207031	23.4075756072998
56.2400016784668	41.4906005859375
56.2599983215332	30.5420227050781
56.2799987792969	38.4266738891602
56.2999992370605	28.9078598022461
56.3199996948242	60.8649444580078
56.3400001525879	36.4167327880859
56.3600006103516	41.1070518493652
56.3800010681152	48.0828094482422
56.4000015258789	39.105396270752
56.4199981689453	29.0473709106445
56.439998626709	67.1280746459961
56.4599990844727	58.2720985412598
56.4799995422363	81.4565505981445
56.5	77.1498184204102
56.5200004577637	110.329864501953
56.5400009155273	122.575889587402
56.560001373291	132.574066162109
56.5800018310547	128.971710205078
56.5999984741211	139.453750610352
56.6199989318848	106.421920776367
56.6399993896484	115.846206665039
56.6599998474121	98.3173522949219
56.6800003051758	125.100067138672
56.7000007629395	117.307907104492
56.7200012207031	83.5152130126953
56.7400016784668	92.3261795043945
56.7599983215332	54.5939407348633
56.7799987792969	70.5312652587891
56.7999992370605	78.1415481567383
56.8199996948242	85.8994827270508
56.8400001525879	90.941780090332
56.8600006103516	92.2153396606445
56.8800010681152	91.0443267822266
56.9000015258789	56.4472122192383
56.9199981689453	58.4409217834473
56.939998626709	53.5908432006836
56.9599990844727	55.1178588867188
56.9799995422363	46.1947708129883
57	73.4278030395508
57.0200004577637	48.5000076293945
57.0400009155273	38.4053077697754
57.060001373291	56.0124740600586
57.0800018310547	36.5876731872559
57.0999984741211	28.9455680847168
57.1199989318848	42.8975296020508
57.1399993896484	41.4083976745605
57.1599998474121	12.7325248718262
57.1800003051758	12.8505449295044
57.2000007629395	31.8795700073242
57.2200012207031	30.0318584442139
57.2400016784668	16.9233379364014
57.2599983215332	25.4793910980225
57.2799987792969	26.2853527069092
57.2999992370605	29.4684257507324
57.3199996948242	32.1728668212891
57.3400001525879	57.491813659668
57.3600006103516	35.6096038818359
57.3800010681152	14.8048448562622
57.4000015258789	41.3431167602539
57.4199981689453	34.890941619873
57.439998626709	18.0628566741943
57.4599990844727	16.2008075714111
57.4799995422363	28.2169208526611
57.5	37.7848930358887
57.5200004577637	33.2873802185059
57.5400009155273	43.6143569946289
57.560001373291	32.1410255432129
57.5800018310547	45.0178756713867
57.5999984741211	44.6520767211914
57.6199989318848	22.2258167266846
57.6399993896484	43.9175453186035
57.6599998474121	43.9599952697754
57.6800003051758	36.4037094116211
57.7000007629395	31.0556411743164
57.7200012207031	27.0588493347168
57.7400016784668	46.6934089660645
57.7599983215332	43.6379280090332
57.7799987792969	28.0461483001709
57.7999992370605	32.2642974853516
57.8199996948242	43.2027168273926
57.8400001525879	24.2545928955078
57.8600006103516	31.758810043335
57.8800010681152	48.4217796325684
57.9000015258789	11.7333374023438
57.9199981689453	8.59559726715088
57.939998626709	23.0702171325684
57.9599990844727	24.1329803466797
57.9799995422363	19.7354888916016
58	16.9900894165039
58.0200004577637	24.6415023803711
58.0400009155273	32.2373847961426
58.060001373291	18.2626819610596
58.0800018310547	37.4200248718262
58.0999984741211	33.8688316345215
58.1199989318848	33.2240295410156
58.1399993896484	35.0457496643066
58.1599998474121	20.1423149108887
58.1800003051758	26.3471527099609
58.2000007629395	49.2651863098145
58.2200012207031	13.6281318664551
58.2400016784668	43.391487121582
58.2599983215332	42.2214851379395
58.2799987792969	30.5613231658936
58.2999992370605	25.6829013824463
58.3199996948242	13.6429576873779
58.3400001525879	29.0645503997803
58.3600006103516	24.0891304016113
58.3800010681152	25.4509582519531
58.4000015258789	39.5536346435547
58.4199981689453	31.7512054443359
58.439998626709	41.8253936767578
58.4599990844727	48.2605285644531
58.4799995422363	29.7743625640869
58.5	28.1235656738281
58.5200004577637	46.2935333251953
58.5400009155273	25.6131591796875
58.560001373291	45.3247299194336
58.5800018310547	20.9670143127441
58.5999984741211	34.7805557250977
58.6199989318848	41.9857864379883
58.6399993896484	20.512622833252
58.6599998474121	24.8528366088867
58.6800003051758	21.8385562896729
58.7000007629395	38.1766166687012
58.7200012207031	28.3535804748535
58.7400016784668	12.4076929092407
58.7599983215332	11.4871997833252
58.7799987792969	35.8030776977539
58.7999992370605	31.2287425994873
58.8199996948242	48.2780532836914
58.8400001525879	27.4359130859375
58.8600006103516	35.0576934814453
58.8800010681152	30.4117050170898
58.9000015258789	32.1444664001465
58.9199981689453	29.9077777862549
58.939998626709	43.1746635437012
58.9599990844727	29.7925987243652
58.9799995422363	40.7718200683594
59	31.4389209747314
59.0200004577637	42.2951316833496
59.0400009155273	43.7810401916504
59.060001373291	27.7610816955566
59.0800018310547	22.5844993591309
59.0999984741211	31.1748886108398
59.1199989318848	37.9466705322266
59.1399993896484	20.8145599365234
59.1599998474121	48.2516746520996
59.1800003051758	30.3935203552246
59.2000007629395	29.1710033416748
59.2200012207031	38.4582176208496
59.2400016784668	25.1583290100098
59.2599983215332	38.8465270996094
59.2799987792969	31.594446182251
59.2999992370605	33.7664794921875
59.3199996948242	19.6091117858887
59.3400001525879	25.3316898345947
59.3600006103516	33.5515441894531
59.3800010681152	20.2564125061035
59.4000015258789	38.7630424499512
59.4199981689453	46.5793991088867
59.439998626709	21.2650260925293
59.4599990844727	16.4199600219727
59.4799995422363	18.2684116363525
59.5	44.362735748291
59.5200004577637	45.5678672790527
59.5400009155273	29.5979442596436
59.560001373291	33.126636505127
59.5800018310547	23.525936126709
59.5999984741211	20.0311889648438
59.6199989318848	19.0160102844238
59.6399993896484	13.0243053436279
59.6599998474121	24.0154514312744
59.6800003051758	15.9089221954346
59.7000007629395	39.6548271179199
59.7200012207031	31.8973655700684
59.7400016784668	24.4440860748291
59.7599983215332	27.1154766082764
59.7799987792969	35.1065292358398
59.7999992370605	27.4739055633545
59.8199996948242	45.7975311279297
59.8400001525879	30.6761150360107
59.8600006103516	22.7598247528076
59.8800010681152	17.0785179138184
59.9000015258789	28.1927070617676
59.9199981689453	31.667552947998
59.939998626709	34.2467651367188
59.9599990844727	40.9726867675781
59.9799995422363	30.812406539917
60	27.7999153137207
60.0200004577637	22.4898452758789
60.0400009155273	27.8353309631348
60.060001373291	18.5155353546143
60.0800018310547	43.3038215637207
60.0999984741211	17.4073543548584
60.1199989318848	19.2850952148438
60.1399993896484	25.4268627166748
60.1599998474121	34.1648559570313
60.1800003051758	30.1435813903809
60.2000007629395	24.1275386810303
60.2200012207031	19.4974594116211
60.2400016784668	22.0414047241211
60.2599983215332	29.6072559356689
60.2799987792969	26.3726425170898
60.2999992370605	23.6390743255615
60.3199996948242	20.7232799530029
60.3400001525879	33.5877723693848
60.3600006103516	37.9078254699707
60.3800010681152	25.535774230957
60.4000015258789	47.6999359130859
60.4199981689453	53.554256439209
60.439998626709	35.9029998779297
60.4599990844727	43.2790870666504
60.4799995422363	17.9791946411133
60.5	34.0651741027832
60.5200004577637	27.714017868042
60.5400009155273	27.8020153045654
60.560001373291	26.1598606109619
60.5800018310547	33.9385185241699
60.5999984741211	17.855749130249
60.6199989318848	36.4239845275879
60.6399993896484	47.8711891174316
60.6599998474121	34.0870819091797
60.6800003051758	25.5209884643555
60.7000007629395	33.2672462463379
60.7200012207031	24.1020355224609
60.7400016784668	26.7705116271973
60.7599983215332	30.0175533294678
60.7799987792969	34.0209693908691
60.7999992370605	42.7012710571289
60.8199996948242	38.3509521484375
60.8400001525879	29.3823871612549
60.8600006103516	45.898078918457
60.8800010681152	47.9238243103027
60.9000015258789	33.2476844787598
60.9199981689453	22.1277942657471
60.939998626709	32.0129508972168
60.9599990844727	29.5869960784912
60.9799995422363	25.8836574554443
61	19.7043228149414
61.0200004577637	47.407154083252
61.0400009155273	48.1033935546875
61.060001373291	22.0092105865479
61.0800018310547	33.3301429748535
61.0999984741211	46.4046936035156
61.1199989318848	15.5395364761353
61.1399993896484	29.0725803375244
61.1599998474121	20.1285076141357
61.1800003051758	19.5700817108154
61.2000007629395	36.3170127868652
61.2200012207031	27.6248378753662
61.2400016784668	39.3069000244141
61.2599983215332	26.508825302124
61.2799987792969	30.9455585479736
61.2999992370605	27.4298877716064
61.3199996948242	49.7664833068848
61.3400001525879	30.5880756378174
61.3600006103516	26.0742416381836
61.3800010681152	21.970157623291
61.4000015258789	39.2917022705078
61.4199981689453	24.9392223358154
61.439998626709	35.5434722900391
61.4599990844727	38.9875221252441
61.4799995422363	16.1194725036621
61.5	27.0665855407715
61.5200004577637	41.2994728088379
61.5400009155273	27.6424617767334
61.560001373291	38.187873840332
61.5800018310547	22.7266101837158
61.5999984741211	37.8357086181641
61.6199989318848	49.3018760681152
61.6399993896484	19.9360122680664
61.6599998474121	30.6440620422363
61.6800003051758	40.8603134155273
61.7000007629395	45.0976715087891
61.7200012207031	17.4095058441162
61.7400016784668	38.7744026184082
61.7599983215332	27.4510040283203
61.7799987792969	33.0307006835938
61.7999992370605	24.2497463226318
61.8199996948242	28.3893566131592
61.8400001525879	41.1199951171875
61.8600006103516	31.9185829162598
61.8800010681152	27.562183380127
61.9000015258789	30.342472076416
61.9199981689453	26.0730381011963
61.939998626709	35.9362258911133
61.9599990844727	29.6150779724121
61.9799995422363	32.8143424987793
62	23.7310791015625
62.0200004577637	34.1959533691406
62.0400009155273	50.7644920349121
62.060001373291	44.1505317687988
62.0800018310547	40.7472190856934
62.0999984741211	37.4261779785156
62.1199989318848	35.2692108154297
62.1399993896484	29.8457260131836
62.1599998474121	32.8895454406738
62.1800003051758	40.5604400634766
62.2000007629395	33.7799873352051
62.2200012207031	43.321891784668
62.2400016784668	26.8546848297119
62.2599983215332	44.111198425293
62.2799987792969	27.9857139587402
62.2999992370605	38.647518157959
62.3199996948242	45.6732177734375
62.3400001525879	29.2660312652588
62.3600006103516	28.3345775604248
62.3800010681152	27.0513725280762
62.4000015258789	32.748420715332
62.4199981689453	46.866756439209
62.439998626709	39.9465637207031
62.4599990844727	44.2560729980469
62.4799995422363	44.1906433105469
62.5	28.9955158233643
62.5200004577637	20.4903736114502
62.5400009155273	40.8428726196289
62.560001373291	36.939151763916
62.5800018310547	35.9482955932617
62.5999984741211	27.8644618988037
62.6199989318848	35.7743034362793
62.6399993896484	25.5129318237305
62.6599998474121	42.952693939209
62.6800003051758	42.9547080993652
62.7000007629395	45.115421295166
62.7200012207031	67.9082717895508
62.7400016784668	101.272186279297
62.7599983215332	127.942565917969
62.7799987792969	135.775085449219
62.7999992370605	96.0269241333008
62.8199996948242	126.623802185059
62.8400001525879	103.19221496582
62.8600006103516	78.1300048828125
62.8800010681152	77.216926574707
62.9000015258789	83.3037948608398
62.9199981689453	106.556312561035
62.939998626709	73.6590347290039
62.9599990844727	70.5204238891602
62.9799995422363	83.7369079589844
63	80.7894058227539
63.0200004577637	70.4099502563477
63.0400009155273	62.0458908081055
63.060001373291	39.8746948242188
63.0800018310547	41.5147476196289
63.0999984741211	40.8732604980469
63.1199989318848	34.8638954162598
63.1399993896484	54.481258392334
63.1599998474121	45.9571495056152
63.1800003051758	34.8318672180176
63.2000007629395	41.8034515380859
63.2200012207031	44.9069404602051
63.2400016784668	28.6353893280029
63.2599983215332	27.1450176239014
63.2799987792969	42.0147323608398
63.2999992370605	49.3223457336426
63.3199996948242	43.8091850280762
63.3400001525879	43.0906295776367
63.3600006103516	43.0241508483887
63.3800010681152	37.6488342285156
63.4000015258789	29.0773391723633
63.4199981689453	30.9033756256104
63.439998626709	51.9091300964355
63.4599990844727	74.5923004150391
63.4799995422363	54.767520904541
63.5	78.5843963623047
63.5200004577637	58.6090621948242
63.5400009155273	71.9254150390625
63.560001373291	55.4491729736328
63.5800018310547	103.607490539551
63.5999984741211	101.837379455566
63.6199989318848	141.220642089844
63.6399993896484	195.083343505859
63.6599998474121	377.790679931641
63.6800003051758	744.41748046875
63.7000007629395	805.642150878906
63.7200012207031	520.933532714844
63.7400016784668	441.990142822266
63.7599983215332	391.105926513672
63.7799987792969	268.620635986328
63.7999992370605	153.941528320313
63.8199996948242	176.822540283203
63.8400001525879	247.022277832031
63.8600006103516	476.961151123047
63.8800010681152	419.958892822266
63.9000015258789	267.393341064453
63.9199981689453	253.828521728516
63.939998626709	246.86799621582
63.9599990844727	126.880798339844
63.9799995422363	92.1138534545898
64	62.6674499511719
64.0199966430664	52.985237121582
64.0400009155273	59.1511116027832
64.0599975585938	64.8537673950195
64.0800018310547	50.0528945922852
64.0999984741211	40.8580436706543
64.120002746582	54.0503921508789
64.1399993896484	45.9366798400879
64.1600036621094	57.287109375
64.1800003051758	17.3534336090088
64.1999969482422	24.9385414123535
64.2200012207031	45.1793022155762
64.2399978637695	61.0048294067383
64.2600021362305	35.8769226074219
64.2799987792969	40.4075202941895
64.3000030517578	41.1409606933594
64.3199996948242	36.0552139282227
64.3399963378906	58.572566986084
64.3600006103516	35.918830871582
64.379997253418	48.828987121582
64.4000015258789	43.5528793334961
64.4199981689453	24.1493301391602
64.4400024414063	20.5587215423584
64.4599990844727	20.2695789337158
64.4800033569336	27.871753692627
64.5	31.4130306243896
64.5199966430664	41.786750793457
64.5400009155273	30.5440464019775
64.5599975585938	22.5440921783447
64.5800018310547	36.5299453735352
64.5999984741211	49.8212699890137
64.620002746582	22.0339946746826
64.6399993896484	32.041934967041
64.6600036621094	24.1522998809814
64.6800003051758	18.2915439605713
64.6999969482422	15.4071779251099
64.7200012207031	33.7589683532715
64.7399978637695	38.5682220458984
64.7600021362305	14.8684253692627
64.7799987792969	23.2207088470459
64.8000030517578	50.8588676452637
64.8199996948242	38.7597122192383
64.8399963378906	46.7325553894043
64.8600006103516	28.7659149169922
64.879997253418	44.5993423461914
64.9000015258789	22.4681301116943
64.9199981689453	27.7446479797363
64.9400024414063	34.4795799255371
64.9599990844727	35.9487991333008
64.9800033569336	30.9637336730957
65	19.5103874206543
65.0199966430664	36.9623947143555
65.0400009155273	30.4083137512207
65.0599975585938	16.8117904663086
65.0800018310547	35.8159408569336
65.0999984741211	42.3307189941406
65.120002746582	35.3813819885254
65.1399993896484	26.9632015228271
65.1600036621094	41.8179779052734
65.1800003051758	38.7072830200195
65.1999969482422	27.9728336334229
65.2200012207031	23.8790473937988
65.2399978637695	26.8664054870605
65.2600021362305	54.0177116394043
65.2799987792969	46.5777931213379
65.3000030517578	36.388053894043
65.3199996948242	24.2445106506348
65.3399963378906	22.4153442382813
65.3600006103516	19.9312267303467
65.379997253418	34.2616691589355
65.4000015258789	26.0630035400391
65.4199981689453	43.6242446899414
65.4400024414063	35.7185592651367
65.4599990844727	34.7019233703613
65.4800033569336	21.5182209014893
65.5	38.9180030822754
65.5199966430664	34.7042579650879
65.5400009155273	41.2134819030762
65.5599975585938	43.4677276611328
65.5800018310547	42.9278984069824
65.5999984741211	25.171199798584
65.620002746582	22.4831161499023
65.6399993896484	41.1755104064941
65.6600036621094	39.8408851623535
65.6800003051758	41.6145706176758
65.6999969482422	46.090274810791
65.7200012207031	47.8645401000977
65.7399978637695	56.0604400634766
65.7600021362305	42.9593200683594
65.7799987792969	68.3211288452148
65.8000030517578	69.4037399291992
65.8199996948242	118.888748168945
65.8399963378906	131.146743774414
65.8600006103516	95.7842712402344
65.879997253418	94.4088973999023
65.9000015258789	75.7276916503906
65.9199981689453	46.265869140625
65.9400024414063	43.4402961730957
65.9599990844727	45.120777130127
65.9800033569336	68.4672241210938
66	99.6213607788086
66.0199966430664	60.759952545166
66.0400009155273	83.8485412597656
66.0599975585938	39.5638160705566
66.0800018310547	61.1586685180664
66.0999984741211	16.7507381439209
66.120002746582	26.5355606079102
66.1399993896484	16.5111274719238
66.1600036621094	15.1188535690308
66.1800003051758	34.6901893615723
66.1999969482422	27.8509502410889
66.2200012207031	0
66.2399978637695	24.350004196167
66.2600021362305	74.6949920654297
66.2799987792969	45.9582786560059
66.3000030517578	36.6425666809082
66.3199996948242	51.0777778625488
66.3399963378906	61.6331329345703
66.3600006103516	49.9904136657715
66.379997253418	58.803638458252
66.4000015258789	41.503246307373
66.4199981689453	62.7136421203613
66.4400024414063	19.1878890991211
66.4599990844727	47.7245101928711
66.4800033569336	32.8864517211914
66.5	29.902063369751
66.5199966430664	46.0236854553223
66.5400009155273	42.920955657959
66.5599975585938	45.5256118774414
66.5800018310547	46.3537826538086
66.5999984741211	35.2427291870117
66.620002746582	41.2049140930176
66.6399993896484	30.8151683807373
66.6600036621094	35.8813056945801
66.6800003051758	22.5256748199463
66.6999969482422	39.4821815490723
66.7200012207031	55.297176361084
66.7399978637695	16.0964546203613
66.7600021362305	41.5924644470215
66.7799987792969	38.89013671875
66.8000030517578	23.3247146606445
66.8199996948242	29.5939064025879
66.8399963378906	30.2310466766357
66.8600006103516	38.2873954772949
66.879997253418	21.150182723999
66.9000015258789	31.6557903289795
66.9199981689453	42.4394416809082
66.9400024414063	30.3496932983398
66.9599990844727	22.5202655792236
66.9800033569336	37.8643989562988
67	32.4430084228516
67.0199966430664	23.0633735656738
67.0400009155273	39.7235565185547
67.0599975585938	23.3975696563721
67.0800018310547	38.6013488769531
67.0999984741211	40.4012756347656
67.120002746582	33.4739837646484
67.1399993896484	32.0993766784668
67.1600036621094	47.80810546875
67.1800003051758	18.8671016693115
67.1999969482422	15.5434265136719
67.2200012207031	46.4309425354004
67.2399978637695	45.7381134033203
67.2600021362305	35.4664764404297
67.2799987792969	23.0075092315674
67.3000030517578	35.5332412719727
67.3199996948242	36.1799507141113
67.3399963378906	31.4132080078125
67.3600006103516	42.7581977844238
67.379997253418	25.5055980682373
67.4000015258789	28.6257495880127
67.4199981689453	39.5297241210938
67.4400024414063	47.0714836120605
67.4599990844727	32.5953941345215
67.4800033569336	28.7656211853027
67.5	26.0385055541992
67.5199966430664	35.1677131652832
67.5400009155273	30.5442390441895
67.5599975585938	40.3794555664063
67.5800018310547	38.8045425415039
67.5999984741211	56.7885818481445
67.620002746582	26.0354690551758
67.6399993896484	46.0498390197754
67.6600036621094	49.1183166503906
67.6800003051758	55.2655715942383
67.6999969482422	37.8938903808594
67.7200012207031	62.1011962890625
67.7399978637695	34.8245124816895
67.7600021362305	45.2911262512207
67.7799987792969	41.2367668151855
67.8000030517578	50.566333770752
67.8199996948242	59.845890045166
67.8399963378906	80.2076568603516
67.8600006103516	65.4494934082031
67.879997253418	65.8493576049805
67.9000015258789	79.4043121337891
67.9199981689453	92.7903900146484
67.9400024414063	87.1273422241211
67.9599990844727	94.3537826538086
67.9800033569336	52.8073310852051
68	51.8727684020996
68.0199966430664	59.1892166137695
68.0400009155273	56.2696762084961
68.0599975585938	57.8257255554199
68.0800018310547	68.3632049560547
68.0999984741211	43.2102813720703
68.120002746582	84.5108489990234
68.1399993896484	58.2771797180176
68.1600036621094	42.1928749084473
68.1800003051758	42.3237609863281
68.1999969482422	39.5939903259277
68.2200012207031	48.9478645324707
68.2399978637695	40.4578590393066
68.2600021362305	39.2430419921875
68.2799987792969	20.7350063323975
68.3000030517578	21.477912902832
68.3199996948242	16.2250652313232
68.3399963378906	37.9792594909668
68.3600006103516	35.6860084533691
68.379997253418	35.7867012023926
68.4000015258789	31.49827003479
68.4199981689453	18.1583595275879
68.4400024414063	19.0884799957275
68.4599990844727	40.109676361084
68.4800033569336	34.6034545898438
68.5	26.3080959320068
68.5199966430664	20.6401615142822
68.5400009155273	39.0854377746582
68.5599975585938	52.9897232055664
68.5800018310547	50.3505439758301
68.5999984741211	22.5561580657959
68.620002746582	21.5749092102051
68.6399993896484	48.5955848693848
68.6600036621094	11.4351568222046
68.6800003051758	46.9037857055664
68.6999969482422	38.1259727478027
68.7200012207031	39.4228324890137
68.7399978637695	32.3289604187012
68.7600021362305	23.325044631958
68.7799987792969	37.1933822631836
68.8000030517578	45.0793190002441
68.8199996948242	16.4144229888916
68.8399963378906	30.1672382354736
68.8600006103516	35.2685966491699
68.879997253418	34.3743858337402
68.9000015258789	34.3562698364258
68.9199981689453	39.1808166503906
68.9400024414063	45.3268356323242
68.9599990844727	42.5065422058105
68.9800033569336	39.7658653259277
69	51.4145965576172
69.0199966430664	76.9773864746094
69.0400009155273	62.9961242675781
69.0599975585938	56.8518409729004
69.0800018310547	44.9957618713379
69.0999984741211	51.3828048706055
69.120002746582	63.3788032531738
69.1399993896484	71.9796829223633
69.1600036621094	43.8430557250977
69.1800003051758	60.8334159851074
69.1999969482422	57.530689239502
69.2200012207031	52.5082359313965
69.2399978637695	38.5930557250977
69.2600021362305	64.9021911621094
69.2799987792969	48.703239440918
69.3000030517578	67.7929306030273
69.3199996948242	35.2297401428223
69.3399963378906	48.235523223877
69.3600006103516	39.3885116577148
69.379997253418	34.2418174743652
69.4000015258789	21.4253482818604
69.4199981689453	35.3139610290527
69.4400024414063	31.8540649414063
69.4599990844727	34.8519401550293
69.4800033569336	22.3041477203369
69.5	34.7882652282715
69.5199966430664	28.5029716491699
69.5400009155273	42.9667205810547
69.5599975585938	44.2633972167969
69.5800018310547	17.5192775726318
69.5999984741211	44.9656219482422
69.620002746582	25.6489486694336
69.6399993896484	20.3228645324707
69.6600036621094	25.0157775878906
69.6800003051758	41.936279296875
69.6999969482422	40.6566123962402
69.7200012207031	42.0917930603027
69.7399978637695	29.4156322479248
69.7600021362305	25.298770904541
69.7799987792969	23.0852394104004
69.8000030517578	24.7053871154785
69.8199996948242	23.237476348877
69.8399963378906	26.7007598876953
69.8600006103516	29.571081161499
69.879997253418	34.6312370300293
69.9000015258789	20.5499076843262
69.9199981689453	20.9646968841553
69.9400024414063	37.2297286987305
69.9599990844727	29.8428478240967
69.9800033569336	30.4095821380615
70	24.4596500396729
70.0199966430664	27.8464584350586
70.0400009155273	19.1966514587402
70.0599975585938	23.6691608428955
70.0800018310547	18.3795757293701
70.0999984741211	40.3007392883301
70.120002746582	29.8149337768555
70.1399993896484	22.0815448760986
70.1600036621094	24.0344123840332
70.1800003051758	41.8805694580078
70.1999969482422	30.4335193634033
70.2200012207031	23.7271137237549
70.2399978637695	33.5304946899414
70.2600021362305	34.6593971252441
70.2799987792969	31.3729572296143
70.3000030517578	35.2402572631836
70.3199996948242	39.1486587524414
70.3399963378906	28.8912830352783
70.3600006103516	18.3560466766357
70.379997253418	24.4752025604248
70.4000015258789	15.9039602279663
70.4199981689453	40.3997344970703
70.4400024414063	34.4947967529297
70.4599990844727	36.2427253723145
70.4800033569336	34.6771926879883
70.5	35.5916557312012
70.5199966430664	42.2625122070313
70.5400009155273	27.057825088501
70.5599975585938	19.9922866821289
70.5800018310547	57.6404037475586
70.5999984741211	42.4381446838379
70.620002746582	21.6377754211426
70.6399993896484	37.7863540649414
70.6600036621094	39.4694938659668
70.6800003051758	26.3504676818848
70.6999969482422	54.1792411804199
70.7200012207031	40.9544334411621
70.7399978637695	45.6885452270508
70.7600021362305	22.7517929077148
70.7799987792969	19.5176448822021
70.8000030517578	35.7179069519043
70.8199996948242	31.7432250976563
70.8399963378906	18.4285011291504
70.8600006103516	26.7705993652344
70.879997253418	45.5101013183594
70.9000015258789	57.7593116760254
70.9199981689453	33.4037628173828
70.9400024414063	23.2619075775146
70.9599990844727	23.858362197876
70.9800033569336	19.369779586792
71	12.1790885925293
71.0199966430664	52.706169128418
71.0400009155273	33.4492340087891
71.0599975585938	46.9091033935547
71.0800018310547	18.8784084320068
71.0999984741211	39.299732208252
71.120002746582	34.0975227355957
71.1399993896484	51.2980766296387
71.1600036621094	24.2644863128662
71.1800003051758	39.3342666625977
71.1999969482422	38.2610168457031
71.2200012207031	25.1186408996582
71.2399978637695	36.3735122680664
71.2600021362305	30.3516025543213
71.2799987792969	44.335506439209
71.3000030517578	40.035717010498
71.3199996948242	19.7335586547852
71.3399963378906	30.7450218200684
71.3600006103516	38.999137878418
71.379997253418	29.8039512634277
71.4000015258789	28.7438488006592
71.4199981689453	43.1777648925781
71.4400024414063	33.8184394836426
71.4599990844727	21.1931095123291
71.4800033569336	17.055233001709
71.5	19.1917610168457
71.5199966430664	39.3567504882813
71.5400009155273	33.1315040588379
71.5599975585938	30.1569347381592
71.5800018310547	33.4726333618164
71.5999984741211	37.6115646362305
71.620002746582	49.5680618286133
71.6399993896484	42.3460655212402
71.6600036621094	29.0055999755859
71.6800003051758	28.3486270904541
71.6999969482422	28.1907997131348
71.7200012207031	33.4321556091309
71.7399978637695	44.290943145752
71.7600021362305	41.3492698669434
71.7799987792969	21.981954574585
71.8000030517578	50.7196884155273
71.8199996948242	31.3915576934814
71.8399963378906	26.8493194580078
71.8600006103516	39.091796875
71.879997253418	32.8831939697266
71.9000015258789	39.9524192810059
71.9199981689453	19.8926181793213
71.9400024414063	40.9222869873047
71.9599990844727	44.8779411315918
71.9800033569336	27.357666015625
72	35.3126068115234
72.0199966430664	27.3459644317627
72.0400009155273	62.8900108337402
72.0599975585938	62.0411186218262
72.0800018310547	77.3145065307617
72.0999984741211	41.1543884277344
72.120002746582	41.7047805786133
72.1399993896484	41.1707229614258
72.1600036621094	36.7064437866211
72.1800003051758	31.7864608764648
72.1999969482422	36.4832191467285
72.2200012207031	35.9108085632324
72.2399978637695	36.2129287719727
72.2600021362305	42.2590637207031
72.2799987792969	41.6807289123535
72.3000030517578	64.3250503540039
72.3199996948242	30.2693958282471
72.3399963378906	42.8600807189941
72.3600006103516	31.8014450073242
72.379997253418	48.3574104309082
72.4000015258789	53.6316986083984
72.4199981689453	63.643913269043
72.4400024414063	46.1803550720215
72.4599990844727	51.3721199035645
72.4800033569336	41.1195983886719
72.5	24.3177719116211
72.5199966430664	25.7122135162354
72.5400009155273	34.3224105834961
72.5599975585938	32.2677230834961
72.5800018310547	8.58467960357666
72.5999984741211	18.3811111450195
72.620002746582	32.6238288879395
72.6399993896484	25.1420288085938
72.6600036621094	35.091251373291
72.6800003051758	25.076587677002
72.6999969482422	21.472412109375
72.7200012207031	3.01451182365417
72.7399978637695	50.1171913146973
72.7600021362305	26.1139297485352
72.7799987792969	31.2369174957275
72.8000030517578	39.8907356262207
72.8199996948242	22.4706535339355
72.8399963378906	38.6473197937012
72.8600006103516	42.8437271118164
72.879997253418	42.0655174255371
72.9000015258789	36.9381065368652
72.9199981689453	41.5673637390137
72.9400024414063	27.593635559082
72.9599990844727	34.0294189453125
72.9800033569336	21.2199974060059
73	47.6350326538086
73.0199966430664	24.9400043487549
73.0400009155273	28.7153759002686
73.0599975585938	24.9493045806885
73.0800018310547	33.0503959655762
73.0999984741211	62.100757598877
73.120002746582	25.1340866088867
73.1399993896484	31.721019744873
73.1600036621094	57.2531356811523
73.1800003051758	58.319164276123
73.1999969482422	50.1383438110352
73.2200012207031	45.882137298584
73.2399978637695	43.686939239502
73.2600021362305	23.1710891723633
73.2799987792969	36.1878242492676
73.3000030517578	51.650936126709
73.3199996948242	58.1460418701172
73.3399963378906	52.3803215026855
73.3600006103516	71.0241851806641
73.379997253418	60.2922668457031
73.4000015258789	86.7577133178711
73.4199981689453	92.4994201660156
73.4400024414063	109.120445251465
73.4599990844727	147.916870117188
73.4800033569336	301.277954101563
73.5	554.059814453125
73.5199966430664	529.401794433594
73.5400009155273	352.836334228516
73.5599975585938	330.761047363281
73.5800018310547	274.164093017578
73.5999984741211	158.357635498047
73.620002746582	153.889297485352
73.6399993896484	132.129898071289
73.6600036621094	125.228210449219
73.6800003051758	149.629058837891
73.6999969482422	235.652053833008
73.7200012207031	310.531982421875
73.7399978637695	241.165512084961
73.7600021362305	163.676513671875
73.7799987792969	182.272521972656
73.8000030517578	146.45915222168
73.8199996948242	86.358512878418
73.8399963378906	68.3138275146484
73.8600006103516	60.2768745422363
73.879997253418	42.7886276245117
73.9000015258789	39.4572525024414
73.9199981689453	46.4244155883789
73.9400024414063	31.8028507232666
73.9599990844727	40.8492279052734
73.9800033569336	34.7924728393555
74	47.4876174926758
74.0199966430664	43.3654861450195
74.0400009155273	34.5610694885254
74.0599975585938	45.9504470825195
74.0800018310547	45.8805198669434
74.0999984741211	41.6678085327148
74.120002746582	25.3144416809082
74.1399993896484	60.8637771606445
74.1600036621094	55.7372016906738
74.1800003051758	36.9706077575684
74.1999969482422	23.3779983520508
74.2200012207031	9.17319202423096
74.2399978637695	46.4900856018066
74.2600021362305	51.1091384887695
74.2799987792969	43.3481559753418
74.3000030517578	22.1116695404053
74.3199996948242	28.0575580596924
74.3399963378906	47.4113121032715
74.3600006103516	25.4172306060791
74.379997253418	17.4096050262451
74.4000015258789	32.8393173217773
74.4199981689453	8.16984367370605
74.4400024414063	41.4759292602539
74.4599990844727	36.0510597229004
74.4800033569336	22.6369762420654
74.5	47.6199188232422
74.5199966430664	51.0281028747559
74.5400009155273	22.7631969451904
74.5599975585938	24.9810123443604
74.5800018310547	43.1428985595703
74.5999984741211	24.8229732513428
74.620002746582	24.6050643920898
74.6399993896484	8.06932830810547
74.6600036621094	5.32195615768433
74.6800003051758	32.7574729919434
74.6999969482422	28.260684967041
74.7200012207031	20.1383647918701
74.7399978637695	24.2233123779297
74.7600021362305	14.545334815979
74.7799987792969	31.2149295806885
74.8000030517578	22.2736873626709
74.8199996948242	25.5800857543945
74.8399963378906	39.4074478149414
74.8600006103516	15.9590396881104
74.879997253418	25.4882564544678
74.9000015258789	42.9812240600586
74.9199981689453	24.1031074523926
74.9400024414063	40.1802520751953
74.9599990844727	27.3112201690674
74.9800033569336	28.9413223266602
75	38.4701614379883
75.0199966430664	43.4282608032227
75.0400009155273	28.8568992614746
75.0599975585938	32.4761581420898
75.0800018310547	41.9953384399414
75.0999984741211	33.7946929931641
75.120002746582	44.3580284118652
75.1399993896484	43.1930809020996
75.1600036621094	23.9508800506592
75.1800003051758	39.0515403747559
75.1999969482422	27.8702144622803
75.2200012207031	31.764820098877
75.2399978637695	29.8894348144531
75.2600021362305	28.7995052337646
75.2799987792969	19.3934230804443
75.3000030517578	30.6390037536621
75.3199996948242	25.8271350860596
75.3399963378906	18.7794284820557
75.3600006103516	37.3622245788574
75.379997253418	28.3507823944092
75.4000015258789	25.9367027282715
75.4199981689453	24.3914680480957
75.4400024414063	32.073974609375
75.4599990844727	46.2031898498535
75.4800033569336	43.7187957763672
75.5	88.7038879394531
75.5199966430664	139.32780456543
75.5400009155273	97.3181838989258
75.5599975585938	94.8163757324219
75.5800018310547	68.8480453491211
75.5999984741211	40.0409049987793
75.620002746582	42.984317779541
75.6399993896484	42.6807289123535
75.6600036621094	39.0501594543457
75.6800003051758	40.8189659118652
75.6999969482422	37.2468757629395
75.7200012207031	77.5996322631836
75.7399978637695	80.2214431762695
75.7600021362305	70.6003112792969
75.7799987792969	57.3920555114746
75.8000030517578	40.5147743225098
75.8199996948242	41.4205017089844
75.8399963378906	33.7083320617676
75.8600006103516	36.8371238708496
75.879997253418	33.2552795410156
75.9000015258789	20.1216316223145
75.9199981689453	25.8782367706299
75.9400024414063	19.3087577819824
75.9599990844727	19.9867191314697
75.9800033569336	43.5186386108398
76	34.7987861633301
76.0199966430664	29.3687591552734
76.0400009155273	26.7244091033936
76.0599975585938	17.0457801818848
76.0800018310547	16.6647338867188
76.0999984741211	36.258228302002
76.120002746582	26.3184795379639
76.1399993896484	26.6129684448242
76.1600036621094	29.092887878418
76.1800003051758	32.7628974914551
76.1999969482422	29.1953716278076
76.2200012207031	22.9891948699951
76.2399978637695	41.1542510986328
76.2600021362305	35.4568214416504
76.2799987792969	18.900390625
76.3000030517578	32.678279876709
76.3199996948242	32.3282699584961
76.3399963378906	31.2767715454102
76.3600006103516	31.7347507476807
76.379997253418	26.8372535705566
76.4000015258789	8.52990245819092
76.4199981689453	30.911190032959
76.4400024414063	34.3103675842285
76.4599990844727	23.7065963745117
76.4800033569336	22.1406803131104
76.5	29.3380088806152
76.5199966430664	39.8372840881348
76.5400009155273	31.9903984069824
76.5599975585938	5.1681170463562
76.5800018310547	23.8001804351807
76.5999984741211	30.7268962860107
76.620002746582	19.0538082122803
76.6399993896484	42.3071022033691
76.6600036621094	27.6309642791748
76.6800003051758	43.3368492126465
76.6999969482422	19.3856945037842
76.7200012207031	33.6672134399414
76.7399978637695	38.7302284240723
76.7600021362305	34.4060325622559
76.7799987792969	34.4774932861328
76.8000030517578	21.886194229126
76.8199996948242	13.933201789856
76.8399963378906	25.0301342010498
76.8600006103516	38.3212928771973
76.879997253418	21.1730518341064
76.9000015258789	61.7211494445801
76.9199981689453	44.5168609619141
76.9400024414063	26.6787090301514
76.9599990844727	21.9001903533936
76.9800033569336	30.6143054962158
77	38.1252288818359
77.0199966430664	29.4644012451172
77.0400009155273	30.2395267486572
77.0599975585938	35.3354530334473
77.0800018310547	26.0852012634277
77.0999984741211	32.7072257995605
77.120002746582	48.5146560668945
77.1399993896484	23.4285068511963
77.1600036621094	30.5750827789307
77.1800003051758	36.4756813049316
77.1999969482422	43.9161262512207
77.2200012207031	47.7171096801758
77.2399978637695	22.9844398498535
77.2600021362305	26.2273330688477
77.2799987792969	17.0125350952148
77.3000030517578	48.457935333252
77.3199996948242	24.8000659942627
77.3399963378906	41.4026145935059
77.3600006103516	31.8542385101318
77.379997253418	14.6089315414429
77.4000015258789	24.6397113800049
77.4199981689453	25.3537845611572
77.4400024414063	47.7708587646484
77.4599990844727	31.2894744873047
77.4800033569336	28.3442974090576
77.5	17.3928165435791
77.5199966430664	27.6392650604248
77.5400009155273	27.8421764373779
77.5599975585938	29.8125095367432
77.5800018310547	24.4360523223877
77.5999984741211	29.1555633544922
77.620002746582	20.4337196350098
77.6399993896484	22.5651149749756
77.6600036621094	12.3773250579834
77.6800003051758	28.097131729126
77.6999969482422	21.3637962341309
77.7200012207031	10.8438701629639
77.7399978637695	21.1581974029541
77.7600021362305	27.1251182556152
77.7799987792969	46.8208770751953
77.8000030517578	10.5858201980591
77.8199996948242	20.0084934234619
77.8399963378906	40.6165809631348
77.8600006103516	33.927547454834
77.879997253418	38.8523406982422
77.9000015258789	16.3527221679688
77.9199981689453	18.7972831726074
77.9400024414063	26.6719608306885
77.9599990844727	26.5509967803955
77.9800033569336	21.4109039306641
78	29.9864501953125
78.0199966430664	25.6285991668701
78.0400009155273	20.3619022369385
78.0599975585938	4.83004903793335
78.0800018310547	19.4043674468994
78.0999984741211	20.1220664978027
78.120002746582	49.9338455200195
78.1399993896484	38.0541687011719
78.1600036621094	32.1565475463867
78.1800003051758	27.3398323059082
78.1999969482422	21.1204452514648
78.2200012207031	32.591495513916
78.2399978637695	26.2458763122559
78.2600021362305	13.8467321395874
78.2799987792969	32.4823913574219
78.3000030517578	27.3104953765869
78.3199996948242	17.1395378112793
78.3399963378906	15.011604309082
78.3600006103516	26.0789661407471
78.379997253418	11.9100713729858
78.4000015258789	16.1623687744141
78.4199981689453	4.48604297637939
78.4400024414063	20.5749092102051
78.4599990844727	27.4378185272217
78.4800033569336	8.40914726257324
78.5	30.6898517608643
78.5199966430664	34.9042587280273
78.5400009155273	49.9567604064941
78.5599975585938	59.0410499572754
78.5800018310547	37.1763496398926
78.5999984741211	13.5213718414307
78.620002746582	29.0090675354004
78.6399993896484	19.7003479003906
78.6600036621094	19.5041923522949
78.6800003051758	31.2653846740723
78.6999969482422	34.6950569152832
78.7200012207031	10.28697681427
78.7399978637695	32.8581428527832
78.7600021362305	23.5592384338379
78.7799987792969	26.5140209197998
78.8000030517578	27.709602355957
78.8199996948242	24.4707260131836
78.8399963378906	28.5734405517578
78.8600006103516	9.08845996856689
78.879997253418	17.3700141906738
78.9000015258789	31.6374111175537
78.9199981689453	25.8654727935791
78.9400024414063	32.9638061523438
78.9599990844727	25.2591590881348
78.9800033569336	37.4606742858887
79	16.9697685241699
79.0199966430664	16.5822086334229
79.0400009155273	11.0981969833374
79.0599975585938	10.9861698150635
79.0800018310547	17.9710712432861
79.0999984741211	11.2130651473999
79.120002746582	22.8120498657227
79.1399993896484	31.9218940734863
79.1600036621094	14.0254335403442
79.1800003051758	4.45547199249268
79.1999969482422	31.5629653930664
79.2200012207031	12.7337856292725
79.2399978637695	18.0557994842529
79.2600021362305	22.9702529907227
79.2799987792969	29.2694454193115
79.3000030517578	17.2742347717285
79.3199996948242	16.3900089263916
79.3399963378906	23.2022190093994
79.3600006103516	25.2573394775391
79.379997253418	18.4634819030762
79.4000015258789	9.9334545135498
79.4199981689453	4.14210081100464
79.4400024414063	9.82608032226563
79.4599990844727	24.0432262420654
79.4800033569336	26.4801349639893
79.5	18.7296695709229
79.5199966430664	25.0743751525879
79.5400009155273	34.6616592407227
79.5599975585938	24.0241584777832
79.5800018310547	3.54794311523438
79.5999984741211	19.553581237793
79.620002746582	12.0290336608887
79.6399993896484	12.5782623291016
79.6600036621094	24.0037117004395
79.6800003051758	27.6846942901611
79.6999969482422	19.0089588165283
79.7200012207031	31.5401058197021
79.7399978637695	27.0969676971436
79.7600021362305	14.6860961914063
79.7799987792969	22.8214664459229
79.8000030517578	11.7386989593506
79.8199996948242	7.0730128288269
79.8399963378906	6.10864782333374
79.8600006103516	23.601282119751
79.879997253418	32.5714340209961
79.9000015258789	17.7682018280029
79.9199981689453	19.1097946166992
79.9400024414063	3.72463846206665
79.9599990844727	23.3325805664063
79.9800033569336	33.2626876831055
80	22.2590160369873
